1e-07,0.233591502382736,0.621482270200526,0.144926227416738,0.144926227416738,0.0886652749659979,0.99999997664085
1.03282605511167e-07,0.228802975342604,0.628354785608229,0.142842239049166,0.142842239049166,0.0859607362934379,0.999999976368633
1.06672966011754e-07,0.224038694380033,0.635229346196093,0.140731959423874,0.140731959423874,0.0833067349561586,0.999999976101128
1.10174618672982e-07,0.219302464760704,0.642099856262026,0.138597678977269,0.138597678977269,0.080704785783435,0.999999975838434
1.13791216777448e-07,0.214597958462518,0.648960301763171,0.136441739774311,0.136441739774311,0.0781562186882066,0.999999975580637
1.17526533530609e-07,0.209928703360987,0.655804773092709,0.134266523546304,0.134266523546304,0.0756621798146829,0.999999975327807
1.21384465997369e-07,0.205298073799237,0.662627486405884,0.13207443979488,0.13207443979488,0.0732236340043569,0.999999975080003
1.25369039167899e-07,0.200709282557042,0.66942280335965,0.129867914083307,0.129867914083307,0.0708413684737352,0.99999997483727
1.29484410156922e-07,0.196165374213728,0.676185249159612,0.12764937662666,0.12764937662666,0.0685159975870684,0.999999974599642
1.33734872540836e-07,0.191669219881816,0.682909528836781,0.125421251281402,0.125421251281402,0.0662479686004139,0.999999974367141
1.38124860837214e-07,0.187223513272354,0.689590541704647,0.123185945022999,0.123185945022999,0.0640375682493544,0.999999974139778
1.42658955131348e-07,0.18283076803901,0.696223393973414,0.120945837987576,0.120945837987576,0.061884930051434,0.999999973917553
1.47341885854664e-07,0.178493316336369,0.702803409522835,0.118703274140796,0.118703274140796,0.0597900421955726,0.999999973700458
1.52178538719987e-07,0.174213308518403,0.709326138857299,0.116460552624297,0.116460552624297,0.0577527558941056,0.999999973488473
1.57173959818823e-07,0.169992713895827,0.715787366286668,0.114219919817505,0.114219919817505,0.0557727940783217,0.999999973281572
1.62333360885955e-07,0.16583332246578,0.722183115393555,0.111983562140664,0.111983562140664,0.0538497603251161,0.999999973079719
1.67662124736861e-07,0.161736747523979,0.728509652862346,0.109753599613675,0.109753599613675,0.0519831479103034,0.999999972882873
1.73165810883613e-07,0.157704429067893,0.734763490757145,0.107532080174962,0.107532080174962,0.0501723488929306,0.999999972690985
1.78850161335136e-07,0.153737637899498,0.740941387345298,0.105320974755204,0.105320974755204,0.0484166631442945,0.999999972503999
1.84721106587855e-07,0.149837480337479,0.747040346570078,0.103122173092443,0.103122173092443,0.046715307245036,0.999999972321855
1.90784771812997e-07,0.146004903451263,0.753057616280896,0.100937480267841,0.100937480267841,0.0450674231834223,0.999999972144488
1.97047483246998e-07,0.142240700732708,0.758990685332107,0.0987686139351848,0.0987686139351848,0.0434720867975231,0.999999971971828
2.03515774791681e-07,0.138545518125477,0.764837279662328,0.0966172022121948,0.0966172022121948,0.0419283159132824,0.999999971803802
2.10196394831087e-07,0.134919860336926,0.770595357465487,0.0944847821975862,0.0944847821975862,0.0404350781393402,0.999999971640332
2.17096313272088e-07,0.131364097362529,0.776263103562704,0.0923727990747676,0.0923727990747676,0.0389912982877613,0.999999971481339
2.24222728816098e-07,0.127878471158352,0.781838923080814,0.0902826057608345,0.0902826057608344,0.0375958653975172,0.99999997132674
2.31583076469505e-07,0.124463102402699,0.787321434539181,0.0882154630581205,0.0882154630581205,0.0362476393445785,0.999999971176452
2.39185035300624e-07,0.121117997293693,0.79270946244141,0.0861725402648968,0.0861725402648968,0.034945457028796,0.999999971030388
2.47036536451289e-07,0.117843054335124,0.798002029463111,0.0841549162017652,0.0841549162017653,0.0336881381333586,0.99999997088846
2.55145771411436e-07,0.114638071068343,0.803198348320852,0.0821635806108051,0.082163580610805,0.0324744904575374,0.999999970750581
2.63521200565298e-07,0.111502750713176,0.808297813401316,0.080199435885508,0.0801994358855081,0.031303314827668,0.999999970616661
2.72171562018149e-07,0.108436708685823,0.813299992223281,0.0782632990908958,0.0782632990908957,0.0301734095949272,0.999999970486612
2.81105880712787e-07,0.105439478966356,0.81820461679875,0.0763559042348931,0.0763559042348931,0.0290835747314633,0.999999970360342
2.9033347784528e-07,0.10251052029282,0.823011574953241,0.0744779047539388,0.0744779047539387,0.0280326155388814,0.999999970237764
2.99863980589793e-07,0.0996492221629389,0.827720901659143,0.0726298761779179,0.0726298761779179,0.027019345985021,0.999999970118788
3.09707332142639e-07,0.0968549106281584,0.832332770430123,0.0708123189417189,0.0708123189417189,0.0260425916864396,0.999999970003324
3.19873802096042e-07,0.094126853868095,0.836847484818886,0.0690256613130193,0.0690256613130193,0.0251011925550756,0.999999969891285
3.30373997152427e-07,0.0914642675365044,0.841265470055261,0.0672702624082346,0.0672702624082345,0.0241940051282698,0.999999969782584
3.41218872190416e-07,0.0888663198726058,0.845587264856493,0.065546415270901,0.065546415270901,0.0233199046017048,0.999999969677135
3.52419741694082e-07,0.0863321365740001,0.849813513436938,0.0638543499890624,0.0638543499890624,0.0224777865849377,0.999999969574851
3.63988291557374e-07,0.0838608054295533,0.853944957739973,0.0621942368304733,0.0621942368304733,0.02166656859908,0.999999969475649
3.7593659127604e-07,0.0814513807124747,0.857982429910919,0.0605661893766067,0.0605661893766067,0.020885191335868,0.999999969379446
3.88277106539761e-07,0.0791028873354161,0.861926845026062,0.0589702676385224,0.0589702676385224,0.0201326196968937,0.99999996928616
4.01022712237636e-07,0.0768143247708063,0.865779194089557,0.0574064811396367,0.0574064811396368,0.0194078436311695,0.999999969195711
4.14186705890581e-07,0.0745846707407867,0.869540537306923,0.0558747919522898,0.0558747919522899,0.0187098787884969,0.999999969108021
4.27782821524667e-07,0.072412884682092,0.873211997641153,0.0543751176767551,0.054375117676755,0.0180377670053369,0.999999969023012
4.41825243999864e-07,0.0702979109920123,0.876794754655024,0.0529073343529634,0.0529073343529635,0.0173905766390489,0.999999968940608
4.56328623809131e-07,0.0682386820622183,0.880290038641062,0.0514712792967201,0.0514712792967201,0.0167674027654982,0.999999968860736
4.71308092363324e-07,0.0662341211077248,0.883699125038699,0.0500667538535761,0.0500667538535761,0.0161673672541487,0.999999968783323
4.86779277777819e-07,0.0642831447986548,0.887023329136554,0.0486935260647914,0.0486935260647914,0.0155896187338634,0.999999968708297
5.02758321177375e-07,0.0623846657027272,0.890264001056295,0.0473513332409773,0.0473513332409773,0.0150333324617499,0.99999996863559
5.19261893536195e-07,0.0605375945465699,0.893422521013371,0.0460398844400586,0.0460398844400586,0.0144977101065113,0.999999968565134
5.36307213070806e-07,0.0587408423040468,0.896500294848822,0.0447588628471311,0.0447588628471311,0.0139819794569157,0.999999968496862
5.53912063203856e-07,0.056993322119812,0.899498749825543,0.0435079280546449,0.043507928054645,0.0134853940651671,0.999999968430711
5.72094811117606e-07,0.0552939510762581,0.902419330681656,0.0422867182420854,0.0422867182420854,0.0130072328341727,0.999999968366618
5.90874426916454e-07,0.0536416518119359,0.905263495933069,0.0410948522549954,0.0410948522549954,0.0125467995569405,0.99999996830452
6.10270503418493e-07,0.0520353539993853,0.908032714416851,0.0399319315837634,0.0399319315837634,0.0121034224156219,0.999999968244358
6.30303276596736e-07,0.0504739956901468,0.910728462066741,0.0387975422431118,0.0387975422431118,0.011676453447035,0.999999968186075
6.50993646691368e-07,0.0489565245345194,0.91335221891182,0.0376912565536606,0.0376912565536606,0.0112652679808588,0.999999968129614
6.72363200015008e-07,0.0474818988834109,0.915905466289271,0.0366126348273181,0.0366126348273181,0.0108692640560928,0.999999968074919
6.94434231473761e-07,0.0460490887793806,0.91838968426205,0.0355612269585695,0.0355612269585694,0.0104878618208112,0.999999968021936
7.17229767827552e-07,0.0446570768437219,0.920806349232276,0.0345365739240021,0.0345365739240021,0.0101205029197198,0.999999967970615
7.40773591713991e-07,0.0433048590661648,0.923156931741211,0.0335382091926245,0.0335382091926244,0.0097666498735403,0.999999967920904
7.65090266460866e-07,0.0419914455035084,0.92544289444678,0.0325656600497119,0.0325656600497119,0.00942578545379654,0.999999967872754
7.90205161713115e-07,0.0407158608932209,0.927665690269726,0.0316184488370529,0.0316184488370529,0.00909741205616801,0.999999967826117
8.16144479901037e-07,0.0394771451877644,0.929826760699665,0.0306960941125709,0.030696094112571,0.00878105107519352,0.999999967780946
8.42935283577358e-07,0.0382743540151328,0.931927534252497,0.02979811173237,0.02979811173237,0.00847624228276275,0.999999967737196
8.70605523651641e-07,0.0371065590708187,0.933969425070878,0.0289240158583028,0.0289240158583029,0.00818254321251586,0.999999967694825
8.99184068551557e-07,0.0359728484461572,0.935953831659667,0.0280733198941754,0.0280733198941754,0.00789952855198177,0.999999967653788
9.28700734341368e-07,0.0348723268977373,0.93788213574855,0.0272455373537129,0.0272455373537128,0.00762678954402448,0.999999967614044
9.59186315829108e-07,0.0338041160623156,0.939755701274297,0.0264401826633874,0.0264401826633874,0.00736393339892821,0.999999967575554
9.90672618694879e-07,0.0327673546214211,0.941575873475396,0.0256567719031831,0.0256567719031831,0.00711058271823797,0.999999967538279
1.02319249267378e-06,0.0317611984196033,0.943343978092073,0.0248948234883241,0.0248948234883241,0.00686637493127924,0.99999996750218
1.05677986582814e-06,0.0307848205400441,0.945061320665018,0.0241538587949379,0.0241538587949379,0.00663096174510621,0.999999967467221
1.09146977994472e-06,0.0298374113410351,0.946729185926403,0.0234334027325614,0.0234334027325614,0.00640400860847375,0.999999967433367
1.12729842709391e-06,0.0289181784566086,0.948348837277072,0.0227329842663194,0.0227329842663193,0.00618519419028924,0.999999967400583
1.164303187389e-06,0.0280263467644093,0.949921516344059,0.0220521368915318,0.0220521368915318,0.00597420987287746,0.999999967368835
1.20252266798493e-06,0.0271611583236993,0.951448442612885,0.0213903990634162,0.0213903990634162,0.00577075926028312,0.999999967338091
1.24199674335724e-06,0.026321872286205,0.952930813129329,0.0207473145844659,0.0207473145844658,0.00557455770173913,0.99999996730832
1.2827665969032e-06,0.0255077647823376,0.954369802265669,0.0201224329519929,0.020122432951993,0.00538533183034462,0.999999967279491
1.32487476390855e-06,0.0247181287851542,0.955766561546615,0.0195153096682311,0.019515309668231,0.00520281911692314,0.999999967251575
1.36836517592468e-06,0.0239522739542674,0.957122219530432,0.0189255065153002,0.0189255065153003,0.00502676743896719,0.999999967224542
1.41328320660248e-06,0.0232095264617599,0.958437881741001,0.0183525917972394,0.0183525917972395,0.00485693466452043,0.999999967198366
1.45967571903081e-06,0.0224892288020206,0.95971463064676,0.0177961405512198,0.0177961405512198,0.00469308825080081,0.999999967173019
1.50759111462889e-06,0.0217907395872853,0.960953525682758,0.0172557347299566,0.0172557347299566,0.00453500485732873,0.999999967148475
1.55707938364357e-06,0.0211134333305355,0.962155603312218,0.0167309633572462,0.0167309633572462,0.00438246997328936,0.999999967124708
1.6081921573043e-06,0.020456700217293,0.963321877124245,0.0162214226584621,0.0162214226584621,0.00423527755883088,0.999999967101695
1.66098276169013e-06,0.0198199458677337,0.96445333796451,0.0157267161677566,0.0157267161677566,0.00409322969997713,0.999999967079412
1.71550627336491e-06,0.0192025910904393,0.965550954095936,0.0152464548136247,0.0152464548136247,0.00395613627681461,0.999999967057834
1.77181957683881e-06,0.0186040716290052,0.966615671386589,0.0147802569844057,0.0147802569844057,0.00382381464459953,0.999999967036942
1.82998142391606e-06,0.0180238379026314,0.967648413522157,0.0143277485752117,0.0143277485752118,0.00369608932741969,0.999999967016711
1.89005249499087e-06,0.0174613547417339,0.96865008224057,0.0138885630176956,0.0138885630176956,0.00357279172403826,0.999999966997123
1.95209546235539e-06,0.0169161011195333,0.969621557586475,0.0134623412939914,0.0134623412939915,0.00345375982554186,0.999999966978156
2.01617505558591e-06,0.0163875698804999,0.970563698183413,0.0130487319360874,0.0130487319360873,0.00333883794441249,0.99999996695979
2.08235812907536e-06,0.0158752674664632,0.971477341521716,0.0126473910118203,0.0126473910118203,0.00322787645464293,0.999999966942008
2.15071373178262e-06,0.0153787136411261,0.972363304260264,0.0122579820986095,0.0122579820986095,0.00312073154251656,0.999999966924789
2.22131317927155e-06,0.0148974412136606,0.973222382540354,0.011880176245985,0.011880176245985,0.00301726496767561,0.999999966908117
2.2942301281146e-06,0.0144309957620057,0.974055352310095,0.0115136519278995,0.0115136519278994,0.00291734383410627,0.999999966891975
2.36954065273895e-06,0.0139789353564297,0.974862969657816,0.0111580949857548,0.0111580949857547,0.00282084037067491,0.999999966876344
2.44732332479511e-06,0.0135408302838713,0.975645971153113,0.0108131985630153,0.0108131985630153,0.00272763172085596,0.99999996686121
2.52765929513092e-06,0.0131162627735253,0.976405074194249,0.0104786630322257,0.0104786630322257,0.00263759974129951,0.999999966846556
2.61063237845642e-06,0.0127048267240936,0.977140977360707,0.0101541959151989,0.0101541959151989,0.00255063080889468,0.999999966832368
2.69632914078795e-06,0.0123061274330825,0.977854360769828,0.00983951179708909,0.00983951179708913,0.00246661563599343,0.99999996681863
2.78483898976267e-06,0.0119197813284882,0.978545886436492,0.00953433223501977,0.00953433223501973,0.00238544909346841,0.999999966805328
2.87625426791775e-06,0.0115454157031769,0.979216198634934,0.00923838566188921,0.00923838566188917,0.00230703004128769,0.999999966792449
2.9706703490316e-06,0.0111826684522342,0.979865924261831,0.00895140728593526,0.00895140728593532,0.00223126116629892,0.999999966779978
3.06818573762752e-06,0.0108311878135254,0.980495673199874,0.00867313898660058,0.00867313898660053,0.00215804882692482,0.999999966767904
3.16890217174373e-06,0.0104906321116834,0.981106038681115,0.00840332920720131,0.00840332920720134,0.00208730290448211,0.999999966756213
3.27292472907689e-06,0.0101606695057117,0.981697597649422,0.00814173284486647,0.0081417328448665,0.00201893666084525,0.999999966744894
3.38036193660993e-06,0.00984097774036764,0.982270911121451,0.00788811113818113,0.0078881111381811,0.00195286660218651,0.999999966733933
3.49132588383849e-06,0.00953124390146828,0.982826524545597,0.00764223155293495,0.0076422315529349,0.00188901234853333,0.999999966723321
3.60593233971418e-06,0.00923116417524045,0.983364968158413,0.00740386766634683,0.00740386766634687,0.00182729650889362,0.999999966713047
3.7243008734266e-06,0.00894044361181773,0.983886757338074,0.00717279905010872,0.00717279905010875,0.00176764456170902,0.999999966703098
3.84655497915016e-06,0.00865879589296966,0.984392392954466,0.00694881115256439,0.00694881115256444,0.00170998474040527,0.999999966693465
3.97282220488582e-06,0.00838594310413247,0.984882361715553,0.00673169518031424,0.00673169518031421,0.00165424792381823,0.999999966684139
4.10323428553227e-06,0.00812161551079565,0.985357136509691,0.00652124797951313,0.00652124797951309,0.00160036753128252,0.999999966675109
4.23792728032526e-06,0.00786555133928558,0.985817176743608,0.00631727191710689,0.00631727191710684,0.00154827942217869,0.999999966666365
4.37704171478848e-06,0.00761749656197459,0.986262928675794,0.00611957476223145,0.00611957476223151,0.00149792179974313,0.9999999666579
4.52072272734421e-06,0.00737720468693294,0.986694825745087,0.00592796956797993,0.00592796956797991,0.00144923511895301,0.999999966649703
4.66912022073661e-06,0.00714443655203064,0.987113288894245,0.00574227455372416,0.00574227455372415,0.00140216199830647,0.999999966641767
4.82238901842554e-06,0.00691896012348679,0.987518726888353,0.00556231298816066,0.00556231298816069,0.00135664713532613,0.999999966634083
4.9806890261143e-06,0.00670055029885545,0.98791153662791,0.00538791307323455,0.00538791307323457,0.00131263722562089,0.999999966626643
5.14418539857963e-06,0.00648898871442944,0.98829210345649,0.00521890782908068,0.00521890782908068,0.00127008088534876,0.999999966619439
5.31304871197807e-06,0.00628406355703661,0.988660801462857,0.00505513498010685,0.00505513498010689,0.00122892857692976,0.999999966612464
5.48745514180847e-06,0.00608556938019634,0.989017993777472,0.00489643684233141,0.00489643684233142,0.00118913253786493,0.999999966605711
5.6675866467163e-06,0.00589330692459897,0.989364032863326,0.00474266021207521,0.00474266021207517,0.00115064671252376,0.999999966599172
5.85363115833159e-06,0.00570708294286533,0.989699260801038,0.00459365625609702,0.00459365625609702,0.0011134266867683,0.999999966592841
6.04578277733839e-06,0.00552671002853928,0.99002400956821,0.00444928040325084,0.00444928040325082,0.00107742962528843,0.999999966586712
6.2442419759805e-06,0.00535200644926202,0.990338601313004,0.00430939223773389,0.00430939223773388,0.00104261421152813,0.999999966580777
6.44921580721465e-06,0.00518279598407338,0.990643348621941,0.00417385539398525,0.00417385539398525,0.00100894059008813,0.99999996657503
6.66091812072936e-06,0.00501890776478229,0.990938554781931,0.00404253745328677,0.00404253745328678,0.000976370311495514,0.999999966569466
6.87956978605476e-06,0.00486017612134577,0.991224514036544,0.00391530984211,0.00391530984211001,0.000944866279235779,0.999999966564079
7.10539892299639e-06,0.00470644043119354,0.991501511836561,0.00379204773224591,0.00379204773224591,0.000914392698947637,0.999999966558863
7.33864113963309e-06,0.00455754497243325,0.991769825084819,0.00367262994274785,0.00367262994274783,0.000884915029685404,0.999999966553813
7.57953977812749e-06,0.00441333878086974,0.992029722375419,0.00355693884371158,0.00355693884371162,0.000856399937158161,0.999999966548923
7.82834616860541e-06,0.00427367551077025,0.992281464227319,0.00344486026191121,0.00344486026191119,0.000828815248859043,0.999999966544189
8.0853198913693e-06,0.00413841329930626,0.992525303312389,0.0033362833883043,0.00333628338830432,0.00080212991100196,0.999999966539605
8.35072904771889e-06,0.004007414634602,0.992761484677983,0.00323110068741508,0.00323110068741503,0.000776313947186921,0.999999966535166
8.62485053966196e-06,0.00388054622731875,0.992990245964081,0.00312920780860007,0.00312920780860011,0.000751338418718672,0.999999966530869
8.90797035880684e-06,0.00375767888570361,0.9932118176151,0.00303050349919673,0.0030305034991967,0.00072717538650688,0.999999966526708
9.20038388473819e-06,0.00363868739403126,0.993426423086417,0.00293488951955189,0.00293488951955192,0.000703797874479372,0.999999966522679
9.50239619318715e-06,0.00352345039436686,0.993634279045709,0.00284227055992376,0.0028422705599238,0.000681179834443106,0.999999966518778
9.81432237431766e-06,0.00341185027157854,0.993835595569173,0.00275255415924802,0.00275255415924801,0.000659296112330518,0.999999966515002
1.01364878614607e-05,0.00330377304152788,0.994030576332716,0.00266565062575608,0.00266565062575604,0.000638122415771805,0.999999966511345
1.04692287706399e-05,0.00319910824236719,0.994219418798202,0.0025814729594308,0.00258147295943084,0.000617635282936394,0.999999966507804
1.08128922512416e-05,0.00309774882887277,0.994402314394844,0.0024999367762833,0.00249993677628328,0.000597812052589474,0.999999966504376
1.11678368481974e-05,0.00299959106974377,0.994579448695824,0.00242096023443185,0.00242096023443186,0.000578630835311916,0.999999966501056
1.15344328760545e-05,0.00290453444779701,0.99475100159024,0.00234446396196269,0.00234446396196266,0.000560070485834321,0.999999966497842
1.19130628053258e-05,0.00281248156298877,0.994917147450461,0.00227037098655063,0.00227037098655067,0.000542110576438142,0.99999996649473
1.23041216615222e-05,0.00272333803819508,0.995078055294989,0.0021986066668161,0.00219860666681609,0.000524731371378985,0.999999966491718
1.27080174372841e-05,0.00263701242768335,0.995233888946923,0.0021290986253941,0.0021290986253941,0.000507913802289246,0.9999999664888
1.31251715180404e-05,0.00255341612820846,0.995384807188102,0.00206177668368928,0.00206177668368925,0.000491639444519176,0.999999966485975
1.35560191216418e-05,0.00247246329266795,0.995530963909041,0.00199657279829062,0.00199657279829066,0.000475890494377332,0.99999996648324
1.40010097524237e-05,0.00239407074625146,0.99567250825473,0.00193342099901834,0.00193342099901835,0.000460649747233114,0.999999966480592
1.44606076701759e-05,0.00231815790502083,0.995809584766404,0.00187225732857502,0.00187225732857504,0.000445900576445808,0.999999966478028
1.49352923745053e-05,0.00224464669685828,0.99594233351937,0.00181301978377218,0.00181301978377216,0.0004316269130861,0.999999966475545
1.54255591050998e-05,0.00217346148472111,0.996070890256975,0.00175564825830349,0.00175564825830352,0.000417813226417619,0.999999966473141
1.59319193584122e-05,0.00210452899214249,0.996195386520823,0.00170008448703503,0.00170008448703499,0.000404444505107461,0.999999966470814
1.64549014213061e-05,0.00203777823091911,0.996315949777298,0.00164627199178305,0.00164627199178302,0.00039150623913606,0.99999996646856
1.6995050922219e-05,0.00197314043092726,0.996432703540524,0.00159415602854919,0.00159415602854913,0.000378984402378078,0.999999966466378
1.75529314004175e-05,0.0019105489720107,0.996545767491806,0.00154368353618345,0.0015436835361834,0.000366865435827253,0.999999966464265
1.8129124893939e-05,0.00184993931788397,0.996655257595671,0.00149480308644466,0.00149480308644461,0.000355136231439312,0.999999966462219
1.87242325468339e-05,0.00179124895199679,0.996761286212575,0.00144746483542855,0.00144746483542856,0.000343784116568242,0.999999966460238
1.933887523634e-05,0.00173441731530573,0.996863962208361,0.0014016204763335,0.00140162047633345,0.000332796838972229,0.99999996645832
1.99736942206459e-05,0.0016793857459008,0.996963391060565,0.00135722319353412,0.00135722319353411,0.000322162552366685,0.999999966456463
2.06293518079165e-05,0.00162609742043574,0.997059674961631,0.00131422761793304,0.00131422761793309,0.0003118698025027,0.999999966454664
2.13065320472813e-05,0.00157449729731178,0.997152912919127,0.00127258978356153,0.00127258978356156,0.000301907513750245,0.999999966452923
2.20059414425039e-05,0.00152453206156597,0.997243200853034,0.00123226708539967,0.00123226708539972,0.000292264976166299,0.999999966451237
2.27283096890798e-05,0.00147615007141625,0.997330631690196,0.00119321823838727,0.00119321823838733,0.000282931833028977,0.999999966449604
2.34743904355287e-05,0.00142930130641645,0.997415295455987,0.00115540323759695,0.00115540323759693,0.000273898068819503,0.999999966448023
2.42449620696783e-05,0.0013839373171757,0.997497279363283,0.00111878331954102,0.00111878331954105,0.000265153997634675,0.999999966446492
2.50408285307579e-05,0.00134001117659771,0.997576667898818,0.00108332092458452,0.00108332092458447,0.000256690252013186,0.99999996644501
2.58628201481505e-05,0.00129747743259649,0.997653542906967,0.0010489796604366,0.00104897966043656,0.000248497772159893,0.999999966443574
2.67117945076771e-05,0.00125629206224624,0.99772798367106,0.00101572426669347,0.00101572426669346,0.000240567795552773,0.999999966442185
2.75886373463177e-05,0.001216412427324,0.99780006699227,0.000983520580406036,0.000983520580406023,0.000232891846917967,0.999999966440839
2.8494263476304e-05,0.00117779723120495,0.997869867266149,0.000952335502646051,0.000952335502646035,0.000225461728558901,0.999999966439535
2.94296177395436e-05,0.00114040647707106,0.997937456556884,0.000922136966044977,0.000922136966045012,0.000218269511026083,0.999999966438273
3.03956759933773e-05,0.00110420142739493,0.998002904669325,0.000892893903280223,0.000892893903280227,0.000211307524114708,0.999999966437051
3.13934461286925e-05,0.00106914456466162,0.998066279218854,0.000864576216483875,0.000864576216483892,0.000204568348177742,0.999999966435868
3.24239691214583e-05,0.00103519955329216,0.998127645699158,0.000837154747549483,0.000837154747549492,0.000198044805742675,0.999999966434722
3.34883201187784e-05,0.00100233120273359,0.998187067547953,0.000810601249313,0.000810601249313023,0.000191729953420589,0.999999966433612
3.45876095605948e-05,0.000970505431681053,0.998244606210735,0.00078488835758437,0.000784888357584316,0.000185617074096683,0.999999966432537
3.57229843382119e-05,0.000939689233398628,0.998300321202595,0.000759989564006814,0.000759989564006774,0.000179699669391814,0.999999966431496
3.68956289908515e-05,0.00090985064210633,0.998354270168172,0.000735879189721296,0.000735879189721317,0.000173971452385034,0.999999966430488
3.8106766941485e-05,0.000880958700401664,0.998406508939784,0.000712532359814126,0.000712532359814115,0.000168426340587538,0.999999966429512
3.93576617732339e-05,0.000852983427684957,0.998457091593789,0.000689924978526187,0.000689924978526229,0.00016305844915877,0.999999966428567
4.06496185476687e-05,0.000825895789558558,0.998506070505239,0.000668033705202702,0.000668033705202679,0.000157862084355857,0.999999966427651
4.19839851663829e-05,0.000799667668170788,0.998553496400866,0.000646835930962936,0.000646835930962887,0.000152831737207851,0.999999966426765
4.33621537772622e-05,0.000774271833476366,0.998599418410454,0.000626309756069742,0.00062630975606978,0.000147962077406624,0.999999966425906
4.47855622269155e-05,0.000749681915385827,0.998643884116635,0.000606433967979272,0.000606433967979323,0.000143247947406555,0.999999966425074
4.62556955607834e-05,0.000725872376777171,0.998686939603171,0.000587188020051679,0.000587188020051709,0.000138684356725492,0.999999966424268
4.77740875724904e-05,0.000702818487343813,0.998728629501752,0.000568552010904081,0.000568552010904068,0.000134266476439732,0.999999966423488
4.93423224040549e-05,0.000680496298253566,0.998768997037359,0.000550506664387506,0.000550506664387548,0.000129989633866061,0.999999966422732
5.09620361986283e-05,0.000658882617594158,0.998808084072236,0.000533033310169994,0.000533033310169973,0.000125849307424164,0.999999966422
5.26349188074876e-05,0.000637954986581456,0.99884593114851,0.00051611386490848,0.000516113864908487,0.000121841121672976,0.999999966421291
5.43627155530606e-05,0.000617691656507277,0.9988825775295,0.000499730813992494,0.000499730813992452,0.000117960842514783,0.999999966420604
5.61472290498255e-05,0.000598071566404296,0.998918061239753,0.000483867193843171,0.00048386719384313,0.000114204372561125,0.999999966419939
5.79903210849829e-05,0.000579074321406244,0.998952419103842,0.000468506574751462,0.000468506574751507,0.000110567746654782,0.999999966419294
5.98939145608622e-05,0.000560680171782231,0.998985686783978,0.00045363304423989,0.000453633044239846,0.000107047127542341,0.99999996641867
6.18599955010908e-05,0.000542869992624573,0.999017898816443,0.000439231190932533,0.000439231190932554,0.00010363880169204,0.999999966418065
6.38906151226174e-05,0.000525625264170203,0.999049088646911,0.000425286088918406,0.000425286088918355,0.000100339175251796,0.999999966417479
6.59878919757511e-05,0.00050892805273626,0.99907928866467,0.000411783282593735,0.000411783282593745,9.71447701425249e-05,0.999999966416911
6.81540141544502e-05,0.000492760992251036,0.99910853023578,0.000398708771969031,0.000398708771969018,9.40522202820046e-05,0.99999996641636
7.03912415791659e-05,0.000477107266362029,0.999136843735211,0.000386048998427264,0.000386048998427249,9.10582679347648e-05,0.999999966415827
7.27019083546226e-05,0.000461950591103369,0.999164258577977,0.000373790830919761,0.00037379083091977,8.81597601836079e-05,0.999999966415311
7.50884252049954e-05,0.000447275198105434,0.999190803249308,0.00036192155258688,0.000361921552586919,8.53536455185543e-05,0.99999996641481
7.75532819890234e-05,0.00043306581832995,0.999216505333879,0.000350428847790797,0.00035042884779076,8.26369705391527e-05,0.999999966414324
8.00990502976862e-05,0.000419307666314394,0.999241391544137,0.000339300789548151,0.000339300789548115,8.00068767662426e-05,0.999999966413854
8.27283861371507e-05,0.000405986424909991,0.999265487747739,0.000328525827350586,0.000328525827350631,7.7460597559405e-05,0.999999966413398
8.54440326997885e-05,0.000393088230498063,0.99928881899414,0.000318092775361592,0.000318092775361589,7.49954551364712e-05,0.999999966412956
8.82488232261553e-05,0.000380599658669943,0.999311409540352,0.000307990800978351,0.000307990800978366,7.26088576915922e-05,0.999999966412528
9.11456839609173e-05,0.000368507710356125,0.999333282875896,0.000298209413747626,0.000298209413747586,7.02982966084994e-05,0.999999966412113
9.41376372058094e-05,0.000356799798390731,0.999354461746984,0.000288738454625025,0.00028873845462499,6.8061343765706e-05,0.99999996641171
9.722780447281e-05,0.000345463734497807,0.999374968179935,0.000279568085567287,0.000279568085567318,6.58956489305202e-05,0.99999996641132
0.000100419409740822,0.000334487716686374,0.999394823503866,0.000270688779447525,0.000270688779447523,6.37989372388489e-05,0.999999966410941
0.000103715782819255,0.000323860317041539,0.999414048372675,0.000262091310283656,0.000262091310283682,6.17690067578828e-05,0.999999966410574
0.00010712036282203,0.000313570469899358,0.99943266278633,0.000253766743770503,0.000253766743770503,5.98037261288545e-05,0.999999966410217
0.000110636701755609,0.000303607460393538,0.9994506861115,0.000245706428106375,0.000245706428106343,5.7901032287163e-05,0.999999966409872
0.000114268468224812,0.000293960913362396,0.999468137101532,0.000237901985105142,0.00023790198510512,5.60589282572541e-05,0.999999966409537
0.000118019451260286,0.000284620782604871,0.99948503391581,0.000230345301585133,0.000230345301585123,5.42754810197378e-05,0.999999966409212
0.000121893564271606,0.000275577340474695,0.999501394138499,0.000223028521026383,0.000223028521026383,5.25488194483119e-05,0.999999966408896
0.000125894849130144,0.000266821167802216,0.99951723479671,0.000215944035488066,0.000215944035488053,5.08771323141502e-05,0.999999966408589
0.000130027480385966,0.000258343144133619,0.999532572378088,0.000209084477778129,0.000209084477778146,4.92586663554898e-05,0.999999966408292
0.000134295769623147,0.000250134438277653,0.999547422847855,0.000202442713867415,0.00020244271386743,4.76917244102388e-05,0.999999966408003
0.000138704169958061,0.000242186499150274,0.999561801665309,0.000196011835540779,0.00019601183554078,4.61746636094942e-05,0.999999966407723
0.000143257280685323,0.000234491046907859,0.999575723799814,0.000189785153277919,0.000189785153277954,4.47058936299401e-05,0.99999996640745
0.000147959852076248,0.000227040064360015,0.999589203746283,0.000183756189356854,0.000183756189356857,4.32838750031609e-05,0.999999966407186
0.000152816790334818,0.000219825788653194,0.999602255540174,0.000177918671173216,0.000177918671173238,4.19071174799778e-05,0.999999966406929
0.000157833162716338,0.000212840703216669,0.999614892772015,0.000172266524768692,0.00017226652476868,4.05741784479769e-05,0.999999966406679
0.000163014202814114,0.000206077529962635,0.999627128601475,0.00016679386856217,0.000166793868562186,3.92836614004657e-05,0.999999966406436
0.000168365316019676,0.000199529221732493,0.99963897577099,0.000161495007277342,0.000161495007277361,3.80342144551514e-05,0.999999966406199
0.000173892085162232,0.000193188954981581,0.999650446618958,0.000156364426060686,0.000156364426060675,3.68245289208949e-05,0.99999996640597
0.000179600276333251,0.000187050122694886,0.999661553092521,0.000151396784783936,0.000151396784783976,3.56533379109509e-05,0.999999966405746
0.000185495844902237,0.000181106327526496,0.999672306759948,0.000146586912525339,0.000146586912525389,3.45194150011577e-05,0.999999966405529
0.000191584941729985,0.000175351375155754,0.99968271882262,0.000141929802224159,0.000141929802224193,3.34215729315948e-05,0.999999966405317
0.00019787391958578,0.000169779267853324,0.999692800126644,0.00013742060550305,0.000137420605503043,3.23586623502746e-05,0.999999966405111
0.000204369339775265,0.000164384198250574,0.999702561174096,0.00013305462765309,0.000133054627653144,3.13295705974837e-05,0.99999996640491
0.000211077978985864,0.000159160543305876,0.999712012133918,0.000128827322776436,0.000128827322776431,3.03332205294393e-05,0.999999966404714
0.000218006836356915,0.000154102858461651,0.999721162852457,0.000124734289081685,0.000124734289081636,2.93685693799661e-05,0.999999966404523
0.000225163140781888,0.000149205871986148,0.999730022863687,0.000120771264327201,0.000120771264327234,2.84346076589475e-05,0.999999966404337
0.000232554358450312,0.00014446447949415,0.999738601399098,0.000116934121407805,0.000116934121407758,2.75303580863449e-05,0.999999966404156
0.000240188200637262,0.000139873738640975,0.999746907397279,0.000113218864080355,0.000113218864080353,2.66548745606195e-05,0.999999966403978
0.000248072631748554,0.000135428863984326,0.999754949513192,0.000109621622823895,0.000109621622823903,2.58072411604311e-05,0.999999966403805
0.00025621587763003,0.000131125222008693,0.999762736127161,0.000106138650830168,0.000106138650830151,2.49865711785249e-05,0.999999966403636
0.000264626434149599,0.000126958326307195,0.999770275353572,0.000102766320120439,0.000102766320120481,2.41920061867555e-05,0.999999966403471
0.000273313076060999,0.000122923832915896,0.999777575049299,9.95011177846647e-05,9.95011177846767e-05,2.34227151312313e-05,0.999999966403309
0.000282284866158518,0.000119017535795804,0.999784642821865,9.63396423392083e-05,9.63396423392297e-05,2.26778934565958e-05,0.999999966403151
0.000291551164732229,0.000115235362457877,0.999791486037343,9.32786001993786e-05,9.32786001994316e-05,2.19567622584983e-05,0.999999966402996
0.000301121639333601,0.000111573369726541,0.99979811182801,9.03148022632079e-05,9.03148022631982e-05,2.12585674633331e-05,0.999999966402844
0.000311006274861684,0.000108027739637352,0.99980452709976,8.74451606029896e-05,8.74451606030046e-05,2.05825790343623e-05,0.999999966402695
0.000321215383980369,0.000104594775464561,0.999810738539274,8.46666852611983e-05,8.46666852611707e-05,1.99280902033624e-05,0.999999966402549
0.000331759617877626,0.000101270897874491,0.999816752620978,8.19764811475246e-05,8.19764811474871e-05,1.92944167269662e-05,0.999999966402406
0.000342649977377904,9.80526412007531e-05,0.999822575613765,7.93717450338558e-05,7.93717450338284e-05,1.86808961668972e-05,0.999999966402265
0.000353897824419325,9.49366498374535e-05,0.999828213587518,7.68497626441314e-05,7.6849762644158e-05,1.8086887193322e-05,0.999999966402126
0.000365514893907615,9.1919674746668e-05,0.999833672419417,7.4407905836098e-05,7.44079058361022e-05,1.751176891057e-05,0.99999996640199
0.000377513305959163,8.89985700765749e-05,0.999838957800051,7.2043629872079e-05,7.20436298720384e-05,1.69549402044959e-05,0.999999966401856
0.000389905578545969,8.61702898867497e-05,0.999844075239337,6.97544707759659e-05,6.97544707759793e-05,1.64158191107838e-05,0.999999966401723
0.000402704640555667,8.34318849772366e-05,0.999849030072249,6.75380427737223e-05,6.75380427737513e-05,1.58938422035143e-05,0.999999966401593
0.000415923845280274,8.07804998181188e-05,0.999853827464367,6.53920358147784e-05,6.53920358147525e-05,1.53884640033404e-05,0.999999966401464
0.000429576984347703,7.82133695764074e-05,0.999858472417252,6.3314213171771e-05,6.33142131718058e-05,1.48991564046364e-05,0.999999966401337
0.000443678302110607,7.5727817237177e-05,0.999862969773647,6.13024091161699e-05,6.13024091161859e-05,1.44254081210071e-05,0.999999966401211
0.000458242510507543,7.33212508159649e-05,0.999867324222517,5.93545266673994e-05,5.93545266673616e-05,1.39667241485654e-05,0.999999966401086
0.000473284804411975,7.09911606595492e-05,0.999871540303927,5.7468535413147e-05,5.74685354131199e-05,1.35226252464022e-05,0.999999966400962
0.00048882087748512,6.87351168323109e-05,0.999875622413769,5.5642469398615e-05,5.56424693986506e-05,1.30926474336958e-05,0.99999996640084
0.000504866938549183,6.65507665854714e-05,0.999879574808332,5.38744250825479e-05,5.3874425082523e-05,1.26763415029235e-05,0.999999966400718
0.00052143972849806,6.44358319065852e-05,0.999883401608735,5.216255935793e-05,5.21625593579589e-05,1.22732725486552e-05,0.999999966400597
0.000538556537763153,6.23881071467464e-05,0.999887106805218,5.05050876353183e-05,5.05050876352803e-05,1.18830195114281e-05,0.999999966400477
0.000556235224352518,6.04054567230513e-05,0.99989069426129,4.8900281986835e-05,4.89002819868793e-05,1.15051747362163e-05,0.999999966400357
0.000574494232482167,5.84858128939348e-05,0.999894167717757,4.73464693489098e-05,4.73464693488778e-05,1.1139343545025e-05,0.999999966400238
0.000593352611818965,5.66271736050723e-05,0.999897530796613,4.58420297819177e-05,4.58420297818956e-05,1.07851438231546e-05,0.999999966400119
0.000612830037355189,5.48276004036154e-05,0.999900787004811,4.438539478492e-05,4.43853947849425e-05,1.04422056186954e-05,0.9999999664
0.0006329468299355,5.30852164185958e-05,0.999903939737918,4.29750456637685e-05,4.29750456637134e-05,1.01101707548273e-05,0.999999966399881
0.000653723977457721,5.13982044054034e-05,0.999906992283644,4.16095119508917e-05,4.1609511950938e-05,9.78869245451173e-06,0.999999966399761
0.00067518315676957,4.97648048523077e-05,0.999909947825273,4.02873698751286e-05,4.02873698751541e-05,9.47743497717914e-06,0.999999966399642
0.000697346756284161,4.81833141470597e-05,0.999912809444973,3.90072408800342e-05,3.90072408799794e-05,9.17607326702552e-06,0.999999966399522
0.000720237899337892,4.66520828016682e-05,0.999915580127009,3.77677901891228e-05,3.77677901891248e-05,8.88429261254542e-06,0.999999966399402
0.000743880468315072,4.51695137335107e-05,0.99991826276085,3.65677254165699e-05,3.65677254165486e-05,8.60178831694076e-06,0.999999966399281
0.00076829912956448,4.37340606009904e-05,0.999920860144177,3.54057952219342e-05,3.54057952219835e-05,8.32826537905621e-06,0.999999966399159
0.000793519359133813,4.23442261920144e-05,0.999923374985801,3.42807880075109e-05,3.42807880074574e-05,8.0634381845035e-06,0.999999966399037
0.00081956746934892,4.09985608636161e-05,0.999925809908479,3.31915306569684e-05,3.31915306569268e-05,7.80703020664773e-06,0.999999966398913
0.000846470636265502,3.96956610311038e-05,0.999928167451655,3.21368873139643e-05,3.21368873139817e-05,7.55877371713951e-06,0.999999966398789
0.000874256928021966,3.84341677051622e-05,0.999930450074095,3.11157581994755e-05,3.11157581995261e-05,7.3184095056867e-06,0.999999966398663
0.000902955334122976,3.72127650753906e-05,0.999932660156458,3.01270784666207e-05,3.0127078466623e-05,7.08568660876987e-06,0.999999966398535
0.000932595795684277,3.60301791388026e-05,0.999934800003769,2.91698170917879e-05,2.91698170917556e-05,6.86036204701475e-06,0.999999966398406
0.000963209236670323,3.48851763718636e-05,0.999936871847827,2.82429758009193e-05,2.82429758009342e-05,6.64220057094433e-06,0.999999966398276
0.000994827596157334,3.37765624446844e-05,0.999938877849526,2.73455880298421e-05,2.73455880298063e-05,6.4309744148423e-06,0.999999966398144
0.00102748386165541,3.27031809760357e-05,0.999940820101106,2.64767179175676e-05,2.64767179175553e-05,6.22646305846815e-06,0.999999966398009
0.00106121210352446,3.16639123278873e-05,0.999942700628341,2.56354593315148e-05,2.56354593315488e-05,6.02845299637248e-06,0.999999966397873
0.00109604751051993,3.06576724382201e-05,0.999944521392638,2.48209349236508e-05,2.48209349236606e-05,5.83673751456936e-06,0.999999966397734
0.00113202642650527,2.96834116908955e-05,0.999946284293093,2.40322952165652e-05,2.40322952165912e-05,5.65111647433029e-06,0.999999966397594
0.0011691863883696,2.87401138214082e-05,0.99994799116846,2.32687177185362e-05,2.32687177185876e-05,5.47139610287204e-06,0.99999996639745
0.00120756616519004,2.78267948573832e-05,0.999949643799076,2.25294060666655e-05,2.25294060667011e-05,5.29738879071767e-06,0.999999966397304
0.00124720579867956,2.69425020927155e-05,0.99995124390871,2.18135891971979e-05,2.18135891972432e-05,5.1289128955176e-06,0.999999966397155
