1e-07,0.244483018310074,0.590508421996433,0.165008559693493,0.165008559693493,0.0794744586165814,0.999999975551698
1.03282605511167e-07,0.239654321991422,0.597562361728086,0.162783316280493,0.162783316280493,0.0768710057109289,0.999999975247877
1.06672966011754e-07,0.234840845878645,0.604635528929275,0.160523625192081,0.160523625192081,0.0743172206865637,0.99999997494883
1.10174618672982e-07,0.23004664968538,0.611721513119312,0.158231837195308,0.158231837195308,0.0718148124900721,0.999999974654698
1.13791216777448e-07,0.225275689159576,0.618813921459912,0.155910389380512,0.155910389380512,0.0693652997790642,0.999999974365605
1.17526533530609e-07,0.220531802304359,0.625906405365874,0.153561792329767,0.153561792329767,0.0669700099745921,0.999999974081662
1.21384465997369e-07,0.215818696871847,0.632992686100353,0.1511886170278,0.1511886170278,0.0646300798440476,0.999999973802963
1.25369039167899e-07,0.211139939193254,0.640066579141372,0.148793481665374,0.148793481665374,0.06234645752788,0.999999973529589
1.29484410156922e-07,0.206498944386425,0.647122017134149,0.146379038479427,0.146379038479427,0.060119905906998,0.999999973261606
1.33734872540836e-07,0.201898967960619,0.654153071273282,0.1439479607661,0.1439479607661,0.0579510071945193,0.999999972999067
1.38124860837214e-07,0.197343098818291,0.661153970989055,0.141502930192654,0.141502930192654,0.0558401686256371,0.999999972742012
1.42658955131348e-07,0.192834253635258,0.668119121842221,0.139046624522521,0.139046624522521,0.0537876291127375,0.999999972490467
1.47341885854664e-07,0.18837517258413,0.675043121561098,0.136581705854772,0.136581705854772,0.0517934667293582,0.999999972244447
1.52178538719987e-07,0.183968416351484,0.681920774182945,0.13411080946557,0.13411080946557,0.049857606885914,0.999999972003955
1.57173959818823e-07,0.179616364387037,0.688747102287956,0.131636533325007,0.131636533325007,0.0479798310620295,0.999999971768985
1.62333360885955e-07,0.175321214313038,0.695517357338422,0.129161428348539,0.129161428348539,0.046159785964499,0.999999971539518
1.67662124736861e-07,0.171084982414285,0.702227028157408,0.126687989428307,0.126687989428307,0.044396992985978,0.999999971315528
1.73165810883613e-07,0.166909505123374,0.708871847600402,0.124218647276223,0.124218647276223,0.0426908578471511,0.99999997109698
1.78850161335136e-07,0.162796441412026,0.715447797489906,0.121755761098068,0.121755761098068,0.0410406803139584,0.99999997088383
1.84721106587855e-07,0.158747275997282,0.721951111896592,0.119301612106126,0.119301612106126,0.039445663891156,0.999999970676028
1.90784771812997e-07,0.154763323270998,0.728378278861739,0.116858397867264,0.116858397867264,0.0379049254037337,0.999999970473515
1.97047483246998e-07,0.15084573186203,0.734726040664153,0.114428227473817,0.114428227473817,0.0364175043882127,0.999999970276228
2.03515774791681e-07,0.146995489742762,0.740991392740846,0.112013117516392,0.112013117516392,0.0349823722263701,0.999999970084099
2.10196394831087e-07,0.143213429794804,0.747171581374643,0.109614988830553,0.109614988830553,0.0335984409642509,0.999999969897053
2.17096313272088e-07,0.139500235752743,0.753264100263785,0.107235663983472,0.107235663983472,0.0322645717692703,0.999999969715013
2.24222728816098e-07,0.135856448449477,0.759266686088684,0.104876865461839,0.104876865461839,0.0309795829876383,0.999999969537896
2.31583076469505e-07,0.132282472291777,0.765177313189582,0.102540214518641,0.102540214518641,0.0297422577731361,0.999999969365618
2.39185035300624e-07,0.128778581900138,0.770994187466107,0.100227230633755,0.100227230633755,0.0285513512663828,0.99999996919809
2.47036536451289e-07,0.125344928852573,0.776715739605939,0.0979393315414882,0.0979393315414882,0.0274055973110851,0.999999969035223
2.55145771411436e-07,0.121981548477658,0.78234061774504,0.0956778337773025,0.0956778337773026,0.026303714700355,0.999999968876924
2.63521200565298e-07,0.11868836664771,0.787867679656575,0.0934439536957145,0.0934439536957144,0.025244412951996,0.999999968723099
2.72171562018149e-07,0.115465206528494,0.793295984559726,0.0912388089117803,0.0912388089117804,0.0242263976167137,0.999999968573654
2.81105880712787e-07,0.11231179524708,0.798624784633382,0.0890634201195381,0.0890634201195381,0.0232483751275418,0.999999968428494
2.9033347784528e-07,0.10922777044457,0.803853516313263,0.0869187132421675,0.0869187132421675,0.0223090572024023,0.999999968287522
2.99863980589793e-07,0.106212686685111,0.80898179144449,0.0848055218703988,0.0848055218703988,0.0214071648147123,0.999999968150641
3.09707332142639e-07,0.103266021697093,0.814009388355153,0.0827245899477533,0.0827245899477533,0.0205414317493399,0.999999968017756
3.19873802096042e-07,0.100387182426527,0.81893624291001,0.0806765746634635,0.0806765746634635,0.0197106077630634,0.99999996788877
3.30373997152427e-07,0.0975755108863911,0.823762439597266,0.0786620495163424,0.0786620495163424,0.0189134613700488,0.999999967763588
3.41218872190416e-07,0.0948302897891869,0.828488202695417,0.0766815075153961,0.0766815075153961,0.0181487822737908,0.999999967642116
3.52419741694082e-07,0.0921507479530498,0.833113887561414,0.0747353644855365,0.0747353644855364,0.0174153834675133,0.999999967524257
3.63988291557374e-07,0.089536065474576,0.837639972076092,0.0728239624493316,0.0728239624493316,0.0167121030252444,0.99999996740992
3.7593659127604e-07,0.0869853786640057,0.84206704827771,0.0709475730582845,0.0709475730582844,0.0160378056057213,0.999999967299013
3.88277106539761e-07,0.0844977847406062,0.846395814209773,0.069106401049621,0.0691064010496211,0.0153913836909852,0.999999967191445
4.01022712237636e-07,0.0820723462880248,0.850627066004983,0.0673005877069928,0.0673005877069927,0.014771758581032,0.999999967087125
4.14186705890581e-07,0.0797080954710481,0.854761690223139,0.0655302143058127,0.0655302143058126,0.0141778811652354,0.999999966985967
4.27782821524667e-07,0.0774040380166386,0.858800656457204,0.0637953055261578,0.0637953055261578,0.0136087324904808,0.999999966887882
4.41825243999864e-07,0.0751591569633362,0.862745010218407,0.0620958328182565,0.0620958328182565,0.0130633241450796,0.999999966792787
4.56328623809131e-07,0.0729724161841311,0.866595866108326,0.060431717707543,0.0604317177075431,0.012540698476588,0.999999966700598
4.71308092363324e-07,0.0708427636887537,0.87035440128316,0.0588028350280864,0.0588028350280864,0.0120399286606673,0.999999966611232
4.86779277777819e-07,0.0687691347120094,0.874021849213087,0.0572090160749036,0.0572090160749036,0.0115601186371059,0.99999996652461
5.02758321177375e-07,0.0667504545953185,0.877599493737456,0.0556500516672258,0.0556500516672258,0.0111004029280927,0.999999966440654
5.19261893536195e-07,0.0647856414690331,0.881088663414742,0.0541256951162246,0.0541256951162246,0.0106599463528085,0.999999966359285
5.36307213070806e-07,0.0628736087433948,0.884490726164596,0.0526356650920093,0.0526356650920093,0.0102379436513855,0.99999996628043
5.53912063203856e-07,0.0610132674161991,0.887807084197902,0.0511796483858991,0.0511796483858991,0.00983361903029997,0.999999966204015
5.72094811117606e-07,0.0592035282053386,0.891039169229625,0.0497573025650363,0.0497573025650362,0.00944622564030236,0.999999966129969
5.90874426916454e-07,0.057443303514438,0.89418843796819,0.0483682585173717,0.0483682585173718,0.00907504499706628,0.999999966058221
6.10270503418493e-07,0.0557315092397648,0.897256367874328,0.0470121228859072,0.0470121228859072,0.00871938635385755,0.999999965988704
6.30303276596736e-07,0.0540670664265228,0.90024445318164,0.0456884803918376,0.0456884803918376,0.00837858603468522,0.999999965921351
6.50993646691368e-07,0.052448902782505,0.903154201170594,0.0443968960469013,0.0443968960469013,0.00805200673560373,0.999999965856098
6.72363200015008e-07,0.050875954056924,0.905987128687242,0.0431369172558336,0.0431369172558336,0.00773903680109042,0.999999965792881
6.94434231473761e-07,0.0493471652920421,0.908744758897639,0.0419080758103193,0.0419080758103194,0.00743908948172277,0.999999965731639
7.17229767827552e-07,0.0478614919550043,0.911428618268719,0.0407098897762764,0.0407098897762764,0.0071516021787279,0.999999965672313
7.40773591713991e-07,0.0464179009570412,0.914040233766289,0.0395418652766701,0.0395418652766701,0.00687603568037113,0.999999965614845
7.65090266460866e-07,0.0450153715669546,0.916581130260679,0.0384034981723666,0.0384034981723665,0.00661187339458804,0.999999965559177
7.90205161713115e-07,0.0436528962255375,0.919052828130673,0.0372942756437898,0.0372942756437899,0.00635862058174761,0.999999965505256
8.16144479901037e-07,0.0423294812673091,0.921456841056338,0.0362136776763528,0.0362136776763528,0.00611580359095639,0.999999965453027
8.42935283577358e-07,0.0410441475556725,0.923794673991532,0.0351611784527952,0.0351611784527951,0.00588296910287732,0.99999996540244
8.70605523651641e-07,0.0397959310373253,0.926067821306987,0.0341362476556877,0.0341362476556877,0.00565968338163768,0.999999965353443
8.99184068551557e-07,0.0385838832214828,0.928277765095071,0.0331383516834466,0.0331383516834465,0.00544553153803625,0.999999965305987
9.28700734341368e-07,0.0374070715891976,0.930425973627535,0.0321669547832673,0.0321669547832673,0.00524011680593038,0.999999965260025
9.59186315829108e-07,0.0362645799377954,0.932513899957793,0.0312215201044114,0.0312215201044115,0.00504305983338395,0.999999965215511
9.90672618694879e-07,0.0351555086651816,0.934542980659524,0.030301510675294,0.030301510675294,0.0048539979898876,0.9999999651724
1.02319249267378e-06,0.0340789749985214,0.936514634693677,0.0294063903078013,0.0294063903078013,0.00467258469072015,0.999999965130649
1.05677986582814e-06,0.0330341131715436,0.938430262396215,0.0285356244322415,0.0285356244322416,0.00449848873930204,0.999999965090214
1.09146977994472e-06,0.032020074554482,0.940291244579234,0.0276886808662838,0.0276886808662839,0.0043313936881982,0.999999965051056
1.12729842709391e-06,0.0310360277404352,0.942098941738383,0.0268650305211815,0.0268650305211815,0.00417099721925376,0.999999965013135
1.164303187389e-06,0.0300811585917,0.943854693359794,0.0260641480485062,0.0260641480485062,0.00401701054319382,0.999999964976411
1.20252266798493e-06,0.0291546702494239,0.945559817320035,0.0252855124305415,0.0252855124305415,0.00386915781888238,0.999999964940848
1.24199674335724e-06,0.0282557831097141,0.947215609372889,0.0245286075173967,0.0245286075173967,0.00372717559231742,0.999999964906409
1.2827665969032e-06,0.0273837347691448,0.948823342717045,0.0237929225138103,0.0237929225138102,0.00359081225533456,0.99999996487306
1.32487476390855e-06,0.0265377799424192,0.950384267639064,0.0230779524185169,0.0230779524185168,0.00345982752390235,0.999999964840765
1.36836517592468e-06,0.0257171903547629,0.951899611226288,0.0223831984189494,0.0223831984189494,0.00333399193581347,0.999999964809492
1.41328320660248e-06,0.0249212546114579,0.953370577144594,0.0217081682439477,0.0217081682439477,0.00321308636751015,0.999999964779209
1.45967571903081e-06,0.0241492780467647,0.954798345476195,0.0210523764770399,0.0210523764770399,0.00309690156972483,0.999999964749885
1.50759111462889e-06,0.0234005825543291,0.956184072612912,0.0204153448327591,0.0204153448327591,0.00298523772156994,0.99999996472149
1.55707938364357e-06,0.0226745064010243,0.957528891200622,0.0197966023983536,0.0197966023983536,0.00287790400267069,0.999999964693994
1.6081921573043e-06,0.0219704040260471,0.958833910130809,0.0191956858431442,0.0191956858431441,0.00277471818290294,0.999999964667369
1.66098276169013e-06,0.0212876458269529,0.960100214575366,0.018612139597681,0.018612139597681,0.00267550622927193,0.999999964641587
1.71550627336491e-06,0.0206256179341979,0.961328866061052,0.01804551600475,0.01804551600475,0.00258010192944793,0.999999964616623
1.77181957683881e-06,0.0199837219756409,0.962520902580178,0.0174953754441811,0.0174953754441811,0.0024883465314598,0.99999996459245
1.82998142391606e-06,0.0193613748323486,0.963677338734339,0.0169612864333119,0.0169612864333119,0.00240008839903664,0.999999964569044
1.89005249499087e-06,0.018758008386951,0.96479916590818,0.0164428257048693,0.0164428257048693,0.00231518268208169,0.99999996454638
1.95209546235539e-06,0.0181730692656939,0.965887352470371,0.0159395782639349,0.0159395782639349,0.00223349100175898,0.999999964524434
2.01617505558591e-06,0.0176060185752506,0.966942843999172,0.0154511374255772,0.0154511374255772,0.00215488114967348,0.999999964503185
2.08235812907536e-06,0.0170563316352697,0.967966563530088,0.014977104834642,0.0149771048346419,0.00207922680062773,0.999999964482609
2.15071373178262e-06,0.0165234977075572,0.968959411823329,0.0145170904691142,0.0145170904691142,0.00200640723844296,0.999999964462687
2.22131317927155e-06,0.01600701972272,0.969922267648899,0.0140707126283811,0.0140707126283811,0.00193630709433886,0.999999964443396
2.2942301281146e-06,0.0155064140050274,0.97085598808732,0.0136375979076524,0.0136375979076524,0.00186881609737499,0.999999964424718
2.36954065273895e-06,0.015021209996184,0.971761408844098,0.0132173811597181,0.0132173811597181,0.00180382883646591,0.999999964406632
2.44732332479511e-06,0.0145509499786484,0.972639344576196,0.0128097054451553,0.0128097054451553,0.00174124453349308,0.999999964389121
2.52765929513092e-06,0.0140951887990754,0.973490589228898,0.0124142219720271,0.0124142219720271,0.00168096682704827,0.999999964372165
2.61063237845642e-06,0.0136534935924081,0.974315916381539,0.0120305900260527,0.0120305900260528,0.00162290356635536,0.999999964355748
2.69632914078795e-06,0.0132254435070971,0.975116079600736,0.0116584768921665,0.0116584768921666,0.00156696661493056,0.999999964339851
2.78483898976267e-06,0.0128106294318801,0.975891812799794,0.0112975577683258,0.0112975577683258,0.00151307166355433,0.99999996432446
2.87625426791775e-06,0.0124086537245126,0.976643830603117,0.0109475156723707,0.0109475156723707,0.00146113805214194,0.999999964309557
2.9706703490316e-06,0.0120191299428008,0.977372828714512,0.0106080413426875,0.0106080413426875,0.00141108860011337,0.999999964295127
3.06818573762752e-06,0.0116416825782534,0.978079484288371,0.0102788331333759,0.0102788331333759,0.00136284944487744,0.999999964281156
3.16890217174373e-06,0.0112759467926333,0.978764456302792,0.00995959690457472,0.00995959690457474,0.00131634988805858,0.999999964267628
3.27292472907689e-06,0.0109215681576615,0.979428385933786,0.00965004590855262,0.0096500459085526,0.00127152224910888,0.99999996425453
3.38036193660993e-06,0.0105782023980934,0.980071896929775,0.00934990067213177,0.00934990067213172,0.00122830172596159,0.999999964241847
3.49132588383849e-06,0.0102455151383645,0.980695595985667,0.00905888887596874,0.00905888887596877,0.00118662626239579,0.999999964229568
3.60593233971418e-06,0.00992318165297608,0.981300073115843,0.0087767452311807,0.0087767452311807,0.00114643642179538,0.999999964217678
3.7243008734266e-06,0.00961088662076728,0.981885902025464,0.00850321135376876,0.00850321135376872,0.00110767526699852,0.999999964206167
3.84655497915016e-06,0.00930832388320283,0.982453640479541,0.00823803563725646,0.00823803563725641,0.00107028824594638,0.99999996419502
3.97282220488582e-06,0.00901519620678207,0.983003830669289,0.00798097312392944,0.00798097312392939,0.00103422308285263,0.999999964184228
4.10323428553227e-06,0.0087312150496597,0.983536999575308,0.00773178537503261,0.00773178537503258,0.000999429674627091,0.999999964173779
4.23792728032526e-06,0.0084561003325516,0.984053659327195,0.00749024034025293,0.00749024034025294,0.000965859992298668,0.999999964163662
4.37704171478848e-06,0.00818958021398365,0.984554307559227,0.00725611222678927,0.00725611222678922,0.000933467987194382,0.999999964153866
4.52072272734421e-06,0.00793139086992812,0.985039427761786,0.00702918136828622,0.00702918136828622,0.000902209501641905,0.999999964144381
4.66912022073661e-06,0.00768127627785924,0.985509489628255,0.00680923409388528,0.00680923409388529,0.00087204218397396,0.999999964135198
4.82238901842554e-06,0.0074389880052482,0.985964949397127,0.00659606259762511,0.00659606259762515,0.000842925407623095,0.999999964126306
4.9806890261143e-06,0.00720428500250705,0.986406250189091,0.00638946480840186,0.00638946480840183,0.000814820194105194,0.999999964117697
5.14418539857963e-06,0.00697693340038163,0.986833822338936,0.00618924426068195,0.00618924426068191,0.00078768913969968,0.999999964109361
5.31304871197807e-06,0.00675670631178469,0.987248083722074,0.00599520996614128,0.00599520996614125,0.000761496345643404,0.99999996410129
5.48745514180847e-06,0.0065433836380525,0.987649440075559,0.00580717628638844,0.0058071762863884,0.000736207351664054,0.999999964093476
5.6675866467163e-06,0.00633675187960103,0.988038285313485,0.00562496280691376,0.00562496280691371,0.000711789072687276,0.99999996408591
5.85363115833159e-06,0.00613660395095153,0.988415001836657,0.00544839421239174,0.00544839421239171,0.000688209738559784,0.999999964078584
6.04578277733839e-06,0.00594273900008907,0.98877996083646,0.00527730016345065,0.00527730016345068,0.00066543883663842,0.999999964071491
6.2442419759805e-06,0.00575496223211294,0.989133522592877,0.00511151517501042,0.00511151517501038,0.000643447057102521,0.999999964064623
6.44921580721465e-06,0.00557308473713262,0.989476036766589,0.00495087849627866,0.0049508784962787,0.000622206240853955,0.999999964057974
6.66091812072936e-06,0.00539692332235919,0.989807842685158,0.00479523399248321,0.00479523399248316,0.00060168932987598,0.999999964051536
6.87956978605476e-06,0.00522630034833843,0.990129269623252,0.00464443002840999,0.00464443002841003,0.000581870319928435,0.999999964045302
7.10539892299639e-06,0.00506104356926821,0.990440637076927,0.00449831935380527,0.00449831935380526,0.000562724215462939,0.999999964039266
7.33864113963309e-06,0.00490098597734062,0.990742255031966,0.004356758990693,0.00435675899069305,0.000544226986647614,0.999999964033423
7.57953977812749e-06,0.00474596565104615,0.991034424226304,0.00421961012264976,0.00421961012264979,0.000526355528396396,0.999999964027765
7.82834616860541e-06,0.00459582560737571,0.991317436406552,0.00408673798607241,0.00408673798607239,0.000509087621303299,0.999999964022286
8.0853198913693e-06,0.00445041365785401,0.991591574578679,0.00395801176346695,0.00395801176346691,0.000492401894387061,0.999999964016982
8.35072904771889e-06,0.00430958226833677,0.991857113252883,0.00383330447878039,0.0038333044787804,0.00047627778955638,0.999999964011846
8.62485053966196e-06,0.00417318842250277,0.992114318682705,0.00371249289479223,0.00371249289479229,0.000460695527710535,0.999999964006874
8.90797035880684e-06,0.00404109348897079,0.992363449098453,0.00359545741257628,0.00359545741257624,0.000445636076394502,0.999999964002059
9.20038388473819e-06,0.00391316309197076,0.99260475493499,0.00348208197303893,0.0034820819730389,0.000431081118931834,0.999999963997397
9.50239619318715e-06,0.00378926698549816,0.992838479053966,0.00337225396053569,0.00337225396053568,0.000417013024962466,0.999999963992884
9.81432237431766e-06,0.00366927893087977,0.993064856960557,0.00326586410856342,0.00326586410856344,0.000403414822316343,0.999999963988514
1.01364878614607e-05,0.0035530765776795,0.993284117014798,0.00316280640752218,0.00316280640752215,0.000390270170157319,0.999999963984282
1.04692287706399e-05,0.00344054134787227,0.993496480637591,0.00306297801453717,0.00306297801453718,0.000377563333335101,0.999999963980186
1.08128922512416e-05,0.00333155832321457,0.993702162511457,0.00296627916532834,0.00296627916532838,0.000365279157886233,0.999999963976219
1.11678368481974e-05,0.00322601613574022,0.993901370776148,0.00287261308811211,0.00287261308811207,0.000353403047628105,0.999999963972378
1.15344328760545e-05,0.00312380686131051,0.994094307219172,0.00278188591951763,0.00278188591951768,0.000341920941792886,0.999999963968659
1.19130628053258e-05,0.00302482591614831,0.994281167461354,0.00269400662249736,0.00269400662249738,0.000330819293650952,0.999999963965059
1.23041216615222e-05,0.00292897195628605,0.994462141137504,0.00260888690621006,0.00260888690621008,0.000320085050075991,0.999999963961573
1.27080174372841e-05,0.0028361467798586,0.994637412072289,0.00252644114785218,0.00252644114785223,0.000309705632006417,0.999999963958197
1.31251715180404e-05,0.00274625523217242,0.994807158451415,0.00244658631641239,0.00244658631641237,0.000299668915760027,0.999999963954929
1.35560191216418e-05,0.00265920511348341,0.994971552988194,0.00236924189832236,0.00236924189832231,0.000289963215161047,0.999999963951765
1.40010097524237e-05,0.00257490708941652,0.995130763085608,0.00229432982497572,0.00229432982497571,0.000280577264440799,0.999999963948701
1.44606076701759e-05,0.00249327460396146,0.995284950993952,0.00222177440208626,0.00222177440208623,0.000271500201875196,0.999999963945734
1.49352923745053e-05,0.00241422379497926,0.995434273964166,0.00215150224085512,0.00215150224085513,0.000262721554124133,0.999999963942862
1.54255591050998e-05,0.0023376734121561,0.995578884396927,0.00208344219091646,0.00208344219091646,0.000254231221239641,0.999999963940081
1.59319193584122e-05,0.00226354473734138,0.995718929987629,0.00201752527503004,0.00201752527503006,0.000246019462311339,0.999999963937388
1.64549014213061e-05,0.0021917615072081,0.995854553867303,0.0019536846254888,0.00195368462548875,0.000238076881719297,0.999999963934781
1.6995050922219e-05,0.0021222498381751,0.995985894739616,0.00189185542220913,0.00189185542220916,0.000230394415965975,0.999999963932256
1.75529314004175e-05,0.00205493815353135,0.996113087013998,0.00183197483247107,0.00183197483247106,0.000222963321060286,0.999999963929812
1.8129124893939e-05,0.00198975711270383,0.996236260935021,0.00177398195227561,0.00177398195227557,0.000215775160428222,0.999999963927445
1.87242325468339e-05,0.00192663954261177,0.996355542708102,0.00171781774928601,0.00171781774928601,0.000208821793325753,0.999999963925153
1.933887523634e-05,0.00186552037105092,0.996471054621629,0.00166342500732001,0.00166342500731997,0.000202095363730915,0.999999963922934
1.99736942206459e-05,0.00180633656205297,0.996582915165587,0.00161074827235979,0.00161074827235975,0.00019558828969318,0.999999963920786
2.06293518079165e-05,0.001749027053166,0.996691239146787,0.00155973380004672,0.00155973380004675,0.000189293253119275,0.999999963918706
2.13065320472813e-05,0.00169353269460354,0.996796137800769,0.00151032950462789,0.00151032950462787,0.000183203189975656,0.999999963916691
2.20059414425039e-05,0.00163979619021041,0.996897718900468,0.00146248490932159,0.00146248490932162,0.000177311280888823,0.999999963914741
2.27283096890798e-05,0.00158776204019501,0.996996086861736,0.00141615109806941,0.00141615109806941,0.000171610942125603,0.999999963912853
2.34743904355287e-05,0.00153737648557888,0.997091342845779,0.00137128066864251,0.00137128066864251,0.000166095816936378,0.999999963911024
2.42449620696783e-05,0.00148858745431521,0.997183584858615,0.00132782768707009,0.0013278276870701,0.000160759767245118,0.999999963909254
2.50408285307579e-05,0.00144134450902944,0.997272907847612,0.00128574764335862,0.00128574764335865,0.000155596865670817,0.999999963907539
2.58628201481505e-05,0.00139559879633596,0.997359403795194,0.00124499740847025,0.00124499740847021,0.000150601387865711,0.999999963905879
2.67117945076771e-05,0.0013513029976862,0.997443161809784,0.00120553519252983,0.00120553519252981,0.000145767805156372,0.999999963904272
2.75886373463177e-05,0.00130841128170436,0.997524268214066,0.00116732050422994,0.00116732050422994,0.000141090777474418,0.999999963902716
2.8494263476304e-05,0.00126687925796811,0.997602806630628,0.00113031411140386,0.00113031411140384,0.000136565146564242,0.999999963901209
2.94296177395436e-05,0.00122666393219284,0.99767885806507,0.00109447800273708,0.00109447800273709,0.000132185929455761,0.999999963899749
3.03956759933773e-05,0.00118772366277888,0.997752500986633,0.00105977535058812,0.00105977535058808,0.000127948312190753,0.999999963898336
3.13934461286925e-05,0.00115001811868208,0.997823811406428,0.00102617047489017,0.00102617047489019,0.000123847643791906,0.999999963896968
3.24239691214583e-05,0.0011135082385696,0.997892862953325,0.00099362880810539,0.000993628808105375,0.000119879430464213,0.999999963895643
3.34883201187784e-05,0.00107815619122311,0.997959726947573,0.000962116861204274,0.000962116861204269,0.000116039330018835,0.99999996389436
3.45876095605948e-05,0.00104392533715309,0.998024472472204,0.000931602190643066,0.000931602190643081,0.000112323146510026,0.999999963893118
3.57229843382119e-05,0.00101078019138874,0.998087166442299,0.000902053366312601,0.000902053366312588,0.000108726825076143,0.999999963891915
3.68956289908515e-05,0.000978686387408783,0.998147873672159,0.000873439940432578,0.000873439940432592,0.000105246446976205,0.99999996389075
3.8106766941485e-05,0.000947610642179574,0.998206656940455,0.000845732417365751,0.000845732417365798,0.000101878224813823,0.999999963889622
3.93576617732339e-05,0.000917520722267826,0.998263577053405,0.000818902224327072,0.000818902224327102,9.86184979407539e-05,0.99999996388853
4.06496185476687e-05,0.000888385410995987,0.998318692906041,0.000792921682963351,0.000792921682963319,9.54637280326361e-05,0.999999963887472
4.19839851663829e-05,0.000860174476609315,0.998372061541611,0.000767763981779477,0.000767763981779507,9.24104948298378e-05,0.999999963886448
4.33621537772622e-05,0.000832858641424548,0.998423738209188,0.000743403149387883,0.000743403149387836,8.94554920366646e-05,0.999999963885456
4.47855622269155e-05,0.000806409551930802,0.998473776419511,0.000719814028558329,0.000719814028558348,8.65955233724728e-05,0.999999963884495
4.62556955607834e-05,0.000780799749814241,0.99852222799914,0.000696972251045708,0.000696972251045726,8.38274987685331e-05,0.999999963883564
4.77740875724904e-05,0.000756002643878794,0.998569143142947,0.000674854213174029,0.000674854213174004,8.1148430704765e-05,0.999999963882664
4.93423224040549e-05,0.000731992482836011,0.998614570465009,0.000653437052155288,0.000653437052155311,7.85554306807231e-05,0.999999963881791
5.09620361986283e-05,0.000708744328937884,0.99865855704794,0.000632698623122413,0.000632698623122406,7.60457058154704e-05,0.999999963880946
5.26349188074876e-05,0.000686234032427205,0.998701148490717,0.000612617476855997,0.000612617476856012,7.36165555712082e-05,0.999999963880127
5.43627155530606e-05,0.000664438206780778,0.998742388955034,0.000593172838185016,0.000593172838185023,7.12653685957617e-05,0.999999963879335
5.61472290498255e-05,0.00064333420472145,0.998782321210236,0.000574344585042218,0.000574344585042193,6.89896196792318e-05,0.999999963878567
5.79903210849829e-05,0.00062290009497569,0.998820986676869,0.000556113228155357,0.000556113228155394,6.67868668203336e-05,0.999999963877824
5.98939145608622e-05,0.000603114639754059,0.99885842546889,0.000538459891355927,0.000538459891355909,6.4654748398132e-05,0.999999963877103
6.18599955010908e-05,0.000583957272932572,0.99889467643458,0.000521366292487499,0.000521366292487464,6.2590980445073e-05,0.999999963876406
6.38906151226174e-05,0.000565408078913631,0.99892977719619,0.000504814724896245,0.000504814724896231,6.05933540173863e-05,0.99999996387573
6.59878919757511e-05,0.00054744777214578,0.998963764188368,0.000488788039486679,0.0004887880394867,5.86597326591009e-05,0.999999963875076
6.81540141544502e-05,0.00053005767728216,0.998996672695392,0.000473269627326083,0.000473269627326121,5.67880499560777e-05,0.999999963874442
7.03912415791659e-05,0.00051321970995814,0.99902853688726,0.000458243402781525,0.000458243402781517,5.49763071766146e-05,0.999999963873828
7.27019083546226e-05,0.000496916358169141,0.999059389854657,0.000443693787173817,0.000443693787173827,5.32225709953246e-05,0.999999963873232
7.50884252049954e-05,0.000481130664230274,0.999089263642837,0.000429605692933146,0.000429605692933159,5.1524971297128e-05,0.999999963872656
7.75532819890234e-05,0.000465846207299907,0.999118189284459,0.000415964508241577,0.000415964508241591,4.988169905833e-05,0.999999963872098
8.00990502976862e-05,0.000451047086449842,0.999146196831402,0.000402756082147961,0.000402756082148002,4.82910043018805e-05,0.999999963871557
8.27283861371507e-05,0.000436717904265273,0.999173315385594,0.000389966710141237,0.000389966710141219,4.6751194124036e-05,0.999999963871033
8.54440326997885e-05,0.00042284375095822,0.999199573128873,0.000377583120168465,0.000377583120168472,4.52606307897549e-05,0.999999963870525
8.82488232261553e-05,0.000409410188978583,0.999224997351937,0.000365592459084313,0.000365592459084268,4.38177298942695e-05,0.999999963870033
9.11456839609173e-05,0.000396403238107481,0.999249614482373,0.000353982279519102,0.000353982279519147,4.24209585883793e-05,0.999999963869556
9.41376372058094e-05,0.000383809361017959,0.999273450111829,0.000342740527152846,0.000342740527152821,4.10688338651133e-05,0.999999963869094
9.722780447281e-05,0.000371615449288608,0.999296529022328,0.000331855528383105,0.000331855528383153,3.97599209055028e-05,0.999999963868646
0.000100419409740822,0.00035980880985609,0.999318875211769,0.000321315978374796,0.000321315978374813,3.84928314812942e-05,0.999999963868212
0.000103715782819255,0.000348377151892967,0.999340511918627,0.000311110929480442,0.000311110929480427,3.72662224125248e-05,0.999999963867791
0.00010712036282203,0.000337308574097633,0.999361461645883,0.000301229780019674,0.00030122978001968,3.60787940779589e-05,0.999999963867383
0.000110636701755609,0.000326591552383581,0.999381746184209,0.000291662263407111,0.000291662263407145,3.49292889764696e-05,0.999999963866988
0.000114268468224812,0.00031621492795559,0.999401386634426,0.00028239843761807,0.000282398437618063,3.38164903375199e-05,0.999999963866605
0.000118019451260286,0.000306167895760812,0.999420403429257,0.000273428674981837,0.000273428674981879,3.27392207789753e-05,0.999999963866233
0.000121893564271606,0.000296439993303091,0.999438816354404,0.000264743652292548,0.000264743652292562,3.16963410105435e-05,0.999999963865873
0.000125894849130144,0.000287021089809223,0.999456644568963,0.000256334341228014,0.000256334341228006,3.06867485812091e-05,0.999999963865523
0.000130027480385966,0.000277901375736174,0.999473906625197,0.000248191999067083,0.000248191999067076,2.97093766690904e-05,0.999999963865184
0.000134295769623147,0.000269071352608652,0.999490620487695,0.000240308159696445,0.000240308159696467,2.87631929122067e-05,0.999999963864856
0.000138704169958061,0.000260521823176717,0.999506803551925,0.000232674624898012,0.000232674624898056,2.78471982787051e-05,0.999999963864537
0.000143257280685323,0.000252243881883439,0.999522472662208,0.00022528345590829,0.000225283455908278,2.69604259751482e-05,0.999999963864227
0.000147959852076248,0.000244228905632933,0.999537644129126,0.000218126965241414,0.000218126965241465,2.61019403915194e-05,0.999999963863927
0.000152816790334818,0.000236468544849385,0.999552333746383,0.000211197708767732,0.000211197708767755,2.52708360816535e-05,0.999999963863636
0.000157833162716338,0.00022895471481796,0.999566556807142,0.000204488478040113,0.000204488478040136,2.44662367778479e-05,0.999999963863353
0.000163014202814114,0.000221679587298792,0.999580328119841,0.000197992292860335,0.00019799229286033,2.36872944384575e-05,0.999999963863079
0.000168365316019676,0.000214635582405499,0.999593662023516,0.000191702394078177,0.000191702394078207,2.2933188327322e-05,0.999999963862812
0.000173892085162232,0.000207815360739946,0.999606572402644,0.000185612236616031,0.000185612236615998,2.22031241239155e-05,0.999999963862554
0.000179600276333251,0.00020121181577523,0.999619072701513,0.000179715482712078,0.000179715482712036,2.14963330631519e-05,0.999999963862302
0.000185495844902237,0.000194818066479099,0.999631175938146,0.000174005995375283,0.000174005995375246,2.08120711038163e-05,0.999999963862058
0.000191584941729985,0.000188627450170282,0.999642894717784,0.000168477832045647,0.000168477832045604,2.01496181246343e-05,0.999999963861821
0.00019787391958578,0.000182633515600408,0.999654241245946,0.000163125238453384,0.000163125238453329,1.95082771470239e-05,0.999999963861591
0.000204369339775265,0.000176830016254448,0.999665227341075,0.000157942642670836,0.000157942642670783,1.88873735836124e-05,0.999999963861366
0.000211077978985864,0.000171210903862807,0.999675864446786,0.000152924649351175,0.000152924649351171,1.82862545116323e-05,0.999999963861148
0.000218006836356915,0.000165770322118431,0.999686163643734,0.000148066034148087,0.000148066034148041,1.77042879703446e-05,0.999999963860937
0.000225163140781888,0.000160502600592485,0.999696135661097,0.000143361738310818,0.000143361738310797,1.71408622816665e-05,0.99999996386073
0.000232554358450312,0.000155402248842347,0.999705790887709,0.000138806863449134,0.000138806863449153,1.65953853932122e-05,0.99999996386053
0.000240188200637262,0.000150463950705896,0.999715139382831,0.000134396666462913,0.000134396666462918,1.60672842429826e-05,0.999999963860334
0.000248072631748554,0.000145682558776212,0.999724190886593,0.000130126554631244,0.000130126554631198,1.55560041449687e-05,0.999999963860144
0.00025621587763003,0.000141053089051029,0.999732954830093,0.000125992080856071,0.000125992080856025,1.50610081949581e-05,0.999999963859959
0.000264626434149599,0.000136570715751419,0.999741440345193,0.000121988939055558,0.000121988939055504,1.4581776695861e-05,0.999999963859779
0.000273313076060999,0.000132230766304409,0.999749656273993,0.000118112959702514,0.000118112959702554,1.41178066018951e-05,0.999999963859602
0.000282284866158518,0.000128028716484345,0.999757611178012,0.000114360105503351,0.000114360105503338,1.36686109809938e-05,0.999999963859431
0.000291551164732229,0.000123960185708004,0.999765313347079,0.000110726467213182,0.000110726467213141,1.32337184948229e-05,0.999999963859263
0.000301121639333601,0.000120020932478627,0.999772770807939,0.000107208259582813,0.000107208259582791,1.28126728958135e-05,0.9999999638591
0.000311006274861684,0.000116206849974151,0.999779991332592,0.00010380181743351,0.000103801817433528,1.24050325406406e-05,0.999999963858941
0.000321215383980369,0.000112513961775125,0.999786982446369,0.00010050359185553,0.000100503591855554,1.20103699195954e-05,0.999999963858785
0.000331759617877626,0.000108938417727879,0.999793751435746,9.73101465265603e-05,9.7310146526562e-05,1.16282712013187e-05,0.999999963858632
0.000342649977377904,0.00010547648993869,0.999800305355915,9.42181541463075e-05,9.42181541462896e-05,1.1258335792383e-05,0.999999963858483
0.000353897824419325,0.000102124568894818,0.999806651038122,9.12243929835903e-05,9.12243929835742e-05,1.09001759112279e-05,0.999999963858337
0.000365514893907615,9.88791597083922e-05,0.999812795096759,8.83257435324238e-05,8.83257435324752e-05,1.05534161759684e-05,0.999999963858194
0.000377513305959163,9.57368784792873e-05,0.999818743936247,8.55191852736698e-05,8.55191852736786e-05,1.02176932056175e-05,0.999999963858054
0.000389905578545969,9.2694448773219e-05,0.999824503757688,8.28017935389449e-05,8.28017935389486e-05,9.89265523427409e-06,0.999999963857917
0.000402704640555667,8.97486982114274e-05,0.999830080565315,8.01707364735787e-05,8.01707364736012e-05,9.5779617378487e-06,0.999999963857783
0.000415923845280274,8.68965551684216e-05,0.999835480172736,7.76232720955125e-05,7.76232720955321e-05,9.27328307290904e-06,0.999999963857651
0.000429576984347703,8.41350455743704e-05,0.999840708208979,7.51567454471247e-05,7.5156745447106e-05,8.97830012724565e-06,0.999999963857521
0.000443678302110607,8.14612898188356e-05,0.999845770124344,7.2768585837066e-05,7.27685858371068e-05,8.69270398176955e-06,0.999999963857393
0.000458242510507543,7.8872499752641e-05,0.999850671196078,7.04563041692735e-05,7.04563041692922e-05,8.4161955833675e-06,0.999999963857268
0.000473284804411975,7.63659757847781e-05,0.999855416533859,6.82174903564245e-05,6.82174903564346e-05,8.14848542835363e-06,0.999999963857144
0.00048882087748512,7.39391040713423e-05,0.999860011085113,6.60498108151743e-05,6.60498108151929e-05,7.88929325616808e-06,0.999999963857022
0.000504866938549183,7.15893537935903e-05,0.999864459640166,6.39510060406048e-05,6.39510060406173e-05,7.63834775298543e-06,0.999999963856902
0.00052143972849806,6.93142745222983e-05,0.99986876683722,6.19188882573914e-05,6.19188882574442e-05,7.39538626490693e-06,0.999999963856783
0.000538556537763153,6.71114936656944e-05,0.999872937167189,5.99513391452726e-05,5.9951339145248e-05,7.16015452042182e-06,0.999999963856666
0.000556235224352518,6.49787139983177e-05,0.999876974978365,5.80463076364842e-05,5.80463076364306e-05,6.93240636183351e-06,0.99999996385655
0.000574494232482167,6.29137112682464e-05,0.999880884480949,5.62018077828897e-05,5.62018077828365e-05,6.71190348535671e-06,0.999999963856436
0.000593352611818965,6.09143318802124e-05,0.999884669751429,5.4415916690611e-05,5.44159166905873e-05,6.49841518960142e-06,0.999999963856322
0.000612830037355189,5.89784906522029e-05,0.999888334736828,5.26867725200335e-05,5.26867725199863e-05,6.29171813216944e-06,0.999999963856209
0.0006329468299355,5.71041686432212e-05,0.999891883258808,5.10125725491232e-05,5.10125725491555e-05,6.09159609409804e-06,0.999999963856097
0.000653723977457721,5.52894110499547e-05,0.999895319017652,4.93915712980601e-05,4.93915712981052e-05,5.89783975189459e-06,0.999999963855986
0.00067518315676957,5.35323251701675e-05,0.999898645596117,4.78220787132535e-05,4.78220787132016e-05,5.71024645691407e-06,0.999999963855876
0.000697346756284161,5.18310784307062e-05,0.99990186646316,4.63024584088658e-05,4.63024584088113e-05,5.52862002184044e-06,0.999999963855766
0.000720237899337892,5.0183896478071e-05,0.999904984977558,4.48311259640312e-05,4.48311259640643e-05,5.35277051403986e-06,0.999999963855656
0.000743880468315072,4.8589061329572e-05,0.999908004391396,4.34065472740096e-05,4.34065472740513e-05,5.18251405556242e-06,0.999999963855546
0.00076829912956448,4.70449095831494e-05,0.999910927853463,4.20272369535737e-05,4.20272369536011e-05,5.01767262957576e-06,0.999999963855437
0.000793519359133813,4.55498306840018e-05,0.999913758412525,4.06917567909804e-05,4.06917567909427e-05,4.85807389302147e-06,0.999999963855328
0.00081956746934892,4.41022652462204e-05,0.999916499020503,3.93987142509281e-05,3.93987142509437e-05,4.70355099529229e-06,0.999999963855218
0.000846470636265502,4.27007034276879e-05,0.999919152535547,3.81467610249536e-05,3.81467610250056e-05,4.55394240273433e-06,0.999999963855108
0.000874256928021966,4.13436833565524e-05,0.999921721725016,3.6934591627767e-05,3.69345916277479e-05,4.40909172878538e-06,0.999999963854998
0.000902955334122976,4.00297896076432e-05,0.999924209268354,3.57609420380766e-05,3.57609420381208e-05,4.26884756956665e-06,0.999999963854888
0.000932595795684277,3.87576517272455e-05,0.99992661775989,3.46245883824945e-05,3.46245883825306e-05,4.13306334475103e-06,0.999999963854777
0.000963209236670323,3.75259428046999e-05,0.999928949711534,3.35243456611628e-05,3.35243456611793e-05,4.0015971435371e-06,0.999999963854665
0.000994827596157334,3.63333780893434e-05,0.999931207555397,3.24590665137799e-05,3.24590665137729e-05,3.87431157556348e-06,0.999999963854553
0.00102748386165541,3.5178713651354e-05,0.999933393646324,3.14276400247502e-05,3.14276400247035e-05,3.75107362660381e-06,0.999999963854439
0.00106121210352446,3.4060745085107e-05,0.999935510264349,3.04289905662193e-05,3.04289905662116e-05,3.63175451888772e-06,0.999999963854325
0.00109604751051993,3.29783062536953e-05,0.999937559617069,2.9462076677797e-05,2.9462076677766e-05,3.51622957589828e-06,0.99999996385421
0.00113202642650527,3.19302680733073e-05,0.999939543841945,2.85258899818059e-05,2.85258899818593e-05,3.40437809150135e-06,0.999999963854093
0.0011691863883696,3.09155373361996e-05,0.999941465008531,2.76194541329327e-05,2.76194541329284e-05,3.29608320326696e-06,0.999999963853974
0.00120756616519004,2.99330555710401e-05,0.999943325120628,2.67418238011925e-05,2.67418238011804e-05,3.19123176984756e-06,0.999999963853855
0.00124720579867956,2.89817979394355e-05,0.999945126118373,2.58920836871535e-05,2.58920836871804e-05,3.08971425228205e-06,0.999999963853734
