1e-07,0.224242700287789,0.648447315636312,0.127309984075899,0.127309984075899,0.09693271621189,0.99999997757573
1.03282605511167e-07,0.219505189850954,0.655113416977042,0.125381393172004,0.125381393172004,0.09412379667895,0.999999977328932
1.06672966011754e-07,0.214799247966417,0.661767621913911,0.123433130119672,0.123433130119672,0.0913661178467453,0.999999977086727
1.10174618672982e-07,0.210128408900462,0.668404244313236,0.121467346786302,0.121467346786302,0.0886610621141596,0.999999976849183
1.13791216777448e-07,0.20549605376315,0.675017725632991,0.11948622060386,0.11948622060386,0.08600983315929,0.999999976616354
1.17526533530609e-07,0.200905402417263,0.681602653608422,0.117491943974315,0.117491943974315,0.083413458442948,0.999999976388285
1.21384465997369e-07,0.196359506781713,0.688153779277152,0.115486713941135,0.115486713941135,0.0808727928405777,0.999999976165006
1.25369039167899e-07,0.191861245507028,0.694666032274795,0.113472722218177,0.113472722218177,0.0783885232888514,0.99999997594654
1.29484410156922e-07,0.187413319984506,0.701134534358929,0.111452145656565,0.111452145656565,0.0759611743279404,0.999999975732897
1.33734872540836e-07,0.183018251636653,0.70755461114456,0.109427137218787,0.109427137218787,0.0735911144178659,0.999999975524077
1.38124860837214e-07,0.178678380424808,0.713921802057594,0.107399817517598,0.107399817517598,0.0712785629072098,0.999999975320074
1.42658955131348e-07,0.174395864500288,0.720231868533954,0.105372266965758,0.105372266965758,0.0690235975345297,0.999999975120868
1.47341885854664e-07,0.170172680918026,0.726480800510721,0.103346518571253,0.103346518571253,0.0668261623467723,0.999999974926436
1.52178538719987e-07,0.166010627326334,0.732664821271844,0.101324551401822,0.101324551401822,0.0646860759245128,0.999999974736745
1.57173959818823e-07,0.161911324543043,0.738780390724566,0.0993082847323915,0.0993082847323915,0.0626030398106512,0.999999974551756
1.62333360885955e-07,0.157876219926596,0.744824207193766,0.0972995728796373,0.0972995728796374,0.0605766470469589,0.999999974371423
1.67662124736861e-07,0.153906591450635,0.75079320783004,0.0953002007193253,0.0953002007193253,0.0586063907313095,0.999999974195694
1.73165810883613e-07,0.150003552391852,0.756684567733587,0.0933118798745612,0.0933118798745612,0.0566916725172905,0.999999974024513
1.78850161335136e-07,0.14616805654338,0.762495697900164,0.0913362455564563,0.0913362455564563,0.0548318109869238,0.999999973857819
1.84721106587855e-07,0.142400903869364,0.768224242097511,0.0893748540331245,0.0893748540331245,0.05302604983624,0.999999973695547
1.90784771812997e-07,0.138702746520561,0.773868072781148,0.0874291806982911,0.0874291806982911,0.0512735658222698,0.999999973537628
1.97047483246998e-07,0.135074095135567,0.779425286157357,0.0855006187070764,0.0855006187070764,0.0495734764284903,0.99999997338399
2.03515774791681e-07,0.131515325357488,0.784894196498825,0.083590478143687,0.083590478143687,0.0479248472138006,0.999999973234557
2.10196394831087e-07,0.128026684501306,0.790273329814982,0.081699985683712,0.081699985683712,0.0463266988175939,0.999999973089252
2.17096313272088e-07,0.12460829831283,0.79556141697474,0.0798302847124297,0.0798302847124298,0.0447780136004007,0.999999972947998
2.24222728816098e-07,0.121260177765753,0.800757386374355,0.0779824358598923,0.0779824358598922,0.0432777419058606,0.999999972810712
2.31583076469505e-07,0.117982225848907,0.805860356237598,0.0761574179134948,0.0761574179134948,0.0418248079354124,0.999999972677313
2.39185035300624e-07,0.114774244301275,0.810869626629543,0.0743561290691822,0.0743561290691821,0.0404181152320927,0.999999972547718
2.47036536451289e-07,0.1116359402575,0.815784671259193,0.0725793884833066,0.0725793884833066,0.0390565517741938,0.999999972421844
2.55145771411436e-07,0.108566932771663,0.820605129139965,0.0708279380883713,0.0708279380883713,0.0377389946832922,0.999999972299606
2.63521200565298e-07,0.105566759191742,0.825330796170864,0.0691024446373946,0.0691024446373946,0.036464314554347,0.999999972180921
2.72171562018149e-07,0.102634881361568,0.829961616695078,0.0674035019433536,0.0674035019433536,0.0352313794182149,0.999999972065704
2.81105880712787e-07,0.0997706916311445,0.834497675086799,0.0657316332820568,0.0657316332820568,0.0340390583490877,0.999999971953872
2.9033347784528e-07,0.0969735186598605,0.838939187411341,0.0640872939287983,0.0640872939287983,0.0328862247310621,0.999999971845341
2.99863980589793e-07,0.0942426330005781,0.843286493198198,0.0624708738012239,0.0624708738012239,0.0317717591993541,0.999999971740029
3.09707332142639e-07,0.0915772524555548,0.847540047361498,0.0608827001829467,0.0608827001829468,0.030694552272608,0.999999971637853
3.19873802096042e-07,0.0889765471979352,0.851700412297503,0.0593230405045619,0.0593230405045619,0.0296535066933733,0.999999971538734
3.30373997152427e-07,0.0864396446549522,0.85576825018426,0.0577921051607878,0.0577921051607878,0.0286475394941644,0.999999971442589
3.41218872190416e-07,0.0839656341511256,0.859744315504376,0.0562900503444986,0.0562900503444985,0.027675583806627,0.999999971349341
3.52419741694082e-07,0.0815535713116075,0.863629447808021,0.0548169808803715,0.0548169808803714,0.026736590431236,0.999999971258911
3.63988291557374e-07,0.079202482227444,0.867424564729798,0.0533729530427585,0.0533729530427585,0.0258295291846855,0.999999971171224
3.7593659127604e-07,0.0769113673859064,0.871130655269914,0.0519579773441796,0.0519579773441795,0.0249533900417268,0.999999971086203
3.88277106539761e-07,0.0746792053702156,0.874748773347263,0.0505720212825214,0.0505720212825214,0.0241071840876942,0.999999971003774
4.01022712237636e-07,0.0725049563339644,0.878280031629423,0.0492150120366129,0.0492150120366129,0.0232899442973514,0.999999970923866
4.14186705890581e-07,0.0703875652563443,0.881725595642335,0.0478868391013205,0.0478868391013205,0.0225007261550237,0.999999970846406
4.27782821524667e-07,0.0683259649849314,0.885086678160396,0.0465873568546728,0.0465873568546728,0.0217386081302586,0.999999970771326
4.41825243999864e-07,0.0663190790732916,0.888364533875924,0.0453163870507843,0.0453163870507844,0.0210026920225072,0.999999970698557
4.56328623809131e-07,0.0643658244210501,0.89156045434545,0.0440737212334998,0.0440737212334998,0.0202921031875503,0.999999970628032
4.71308092363324e-07,0.0624651137243398,0.894675763208933,0.042859123066727,0.042859123066727,0.0196059906576128,0.999999970559686
4.86779277777819e-07,0.0606158577447251,0.897711811676892,0.0416723305783831,0.0416723305783831,0.018943527166342,0.999999970493457
5.02758321177375e-07,0.0588169674047877,0.900669974279483,0.040513058315729,0.040513058315729,0.0183039090890587,0.99999997042928
5.19261893536195e-07,0.0570673557185876,0.903551644870773,0.0393809994106395,0.0393809994106395,0.0176863563079481,0.999999970367097
5.36307213070806e-07,0.0553659395651672,0.906358232880799,0.0382758275540341,0.0382758275540341,0.0170901120111332,0.999999970306847
5.53912063203856e-07,0.053711641313185,0.909091159807511,0.0371971988793037,0.0371971988793037,0.0165144424338813,0.999999970248474
5.72094811117606e-07,0.052103390304621,0.911751855940285,0.0361447537550944,0.0361447537550945,0.0159586365495266,0.999999970191921
5.90874426916454e-07,0.0505401242053343,0.91434175730639,0.0351181184882758,0.0351181184882758,0.0154220057170585,0.999999970137133
6.10270503418493e-07,0.0490207902300459,0.916862302831635,0.0341169069383195,0.0341169069383195,0.0149038832917264,0.999999970084058
6.30303276596736e-07,0.0475443462491043,0.919314931706236,0.0331407220446602,0.0331407220446601,0.0144036242044441,0.999999970032643
6.50993646691368e-07,0.0461097617841425,0.921701080946959,0.032189157268898,0.032189157268898,0.0139206045152445,0.999999969982838
6.72363200015008e-07,0.0447160188994873,0.924022183146565,0.0312617979539479,0.0312617979539479,0.0134542209455394,0.999999969934594
6.94434231473761e-07,0.043362112995911,0.926279664401649,0.0303582226024402,0.0303582226024402,0.0130038903934708,0.999999969887864
7.17229767827552e-07,0.0420470535130487,0.928474942410115,0.0294780040768367,0.0294780040768367,0.012569049436212,0.999999969842602
7.40773591713991e-07,0.0407698645465284,0.930609424729615,0.028620710723856,0.0286207107238561,0.0121491538226724,0.999999969798761
7.65090266460866e-07,0.0395295853855845,0.932684507188522,0.027785907425893,0.027785907425893,0.0117436779596916,0.999999969756299
7.90205161713115e-07,0.0383252709766555,0.934701572441156,0.0269731565821881,0.026973156582188,0.0113521143944674,0.999999969715173
8.16144479901037e-07,0.0371559923181906,0.936661988659266,0.0261820190225435,0.0261820190225435,0.010973973295647,0.999999969675342
8.42935283577358e-07,0.0360208367916274,0.938567108351968,0.0254120548564045,0.0254120548564045,0.0106087819352229,0.999999969636766
8.70605523651641e-07,0.0349189084332411,0.940418267306632,0.0246628242601271,0.0246628242601271,0.010256084173114,0.999999969599405
8.99184068551557e-07,0.0338493281513093,0.942216783643451,0.0239338882052398,0.0239338882052397,0.00991543994606953,0.999999969563223
9.28700734341368e-07,0.0328112338927946,0.943963956976727,0.0232248091304781,0.0232248091304781,0.00958642476231652,0.999999969528183
9.59186315829108e-07,0.031803780763505,0.945661067676163,0.0225351515603318,0.0225351515603318,0.00926862920317312,0.999999969494249
9.90672618694879e-07,0.0308261411054624,0.947309376221745,0.0218644826727928,0.0218644826727928,0.00896165843266962,0.999999969461386
1.02319249267378e-06,0.0298775045349919,0.948910122646074,0.0212123728189341,0.0212123728189341,0.00866513171605787,0.999999969429562
1.05677986582814e-06,0.0289570779448263,0.95046452605829,0.0205783959968836,0.0205783959968836,0.00837868194794267,0.999999969398743
1.09146977994472e-06,0.0280640854733239,0.951973784243991,0.0199621302826854,0.0199621302826854,0.00810195519063846,0.999999969368899
1.12729842709391e-06,0.0271977684436989,0.953439073335838,0.0193631582204629,0.0193631582204628,0.00783461022323606,0.999999969339998
1.164303187389e-06,0.026357385275981,0.954861547549798,0.0187810671742213,0.0187810671742213,0.00757631810175973,0.999999969312012
1.20252266798493e-06,0.0255422113742432,0.956242338982215,0.0182154496435421,0.0182154496435421,0.00732676173070119,0.999999969284912
1.24199674335724e-06,0.0247515389914731,0.957582557463188,0.0176659035453391,0.0176659035453391,0.00708563544613403,0.999999969258669
1.2827665969032e-06,0.0239846770742988,0.958883290461941,0.0171320324637603,0.0171320324637602,0.00685264461053855,0.999999969233257
1.32487476390855e-06,0.0232409510896365,0.96014560304013,0.0166134458702338,0.0166134458702338,0.00662750521940274,0.999999969208651
1.36836517592468e-06,0.0225197028351797,0.961370537849248,0.016109759315572,0.016109759315572,0.00640994351960766,0.999999969184823
1.41328320660248e-06,0.0218202902355179,0.962559115168521,0.0156205945959611,0.0156205945959611,0.00619969563955685,0.99999996916175
1.45967571903081e-06,0.0211420871255467,0.963712332979872,0.0151455798945812,0.0151455798945812,0.00599650723096543,0.999999969139409
1.50759111462889e-06,0.0204844830227082,0.964831167076772,0.0146843499005199,0.0146843499005198,0.00580013312218833,0.999999969117775
1.55707938364357e-06,0.0198468828894937,0.965916571203947,0.014236545906559,0.014236545906559,0.0056103369829347,0.999999969096828
1.6081921573043e-06,0.0192287068875276,0.966969477225134,0.0138018158873388,0.0138018158873388,0.00542689100018876,0.999999969076544
1.66098276169013e-06,0.0186293901244592,0.967990795316216,0.0133798145593247,0.0133798145593247,0.00524957556513455,0.999999969056904
1.71550627336491e-06,0.0180483823947893,0.968981414181285,0.012970203423926,0.0129702034239261,0.00507817897086329,0.999999969037887
1.77181957683881e-06,0.0174851479156757,0.969942201289275,0.0125726507950493,0.0125726507950493,0.00491249712062634,0.999999969019473
1.82998142391606e-06,0.0169391650586753,0.970874003129034,0.0121868318122907,0.0121868318122908,0.00475233324638459,0.999999969001643
1.89005249499087e-06,0.0164099260783078,0.97177764548078,0.0118124284409126,0.0118124284409126,0.00459749763739521,0.999999968984378
1.95209546235539e-06,0.0158969368382495,0.972653933702071,0.0114491294596798,0.0114491294596798,0.00444780737856969,0.999999968967662
2.01617505558591e-06,0.0153997165359011,0.973503653026529,0.0110966304375697,0.0110966304375697,0.0043030860983314,0.999999968951476
2.08235812907536e-06,0.0149177974260109,0.974327568873676,0.0107546337003127,0.0107546337003127,0.00416316372569822,0.999999968935803
2.15071373178262e-06,0.0144507245439723,0.975126427168369,0.0104228482876586,0.0104228482876586,0.00402787625631369,0.999999968920628
2.22131317927155e-06,0.0139980554293645,0.975900954668421,0.0101009899022146,0.0101009899022146,0.00389706552714995,0.999999968905935
2.2942301281146e-06,0.0135593598502504,0.976651859299106,0.00978878085064352,0.00978878085064355,0.0037705789996069,0.999999968891708
2.36954065273895e-06,0.0131342195286994,0.977379830493335,0.00948594997796543,0.00948594997796548,0.00364826955073399,0.999999968877933
2.44732332479511e-06,0.0127222278679591,0.978085539536386,0.00919223259565537,0.00919223259565533,0.00352999527230375,0.999999968864595
2.52765929513092e-06,0.0123229896816575,0.978769639914156,0.00890737040418685,0.00890737040418684,0.00341561927747064,0.999999968851681
2.61063237845642e-06,0.0119361209253791,0.979432767663994,0.00863111141062682,0.00863111141062679,0.00330500951475228,0.999999968839176
2.69632914078795e-06,0.011561248430924,0.980075541727228,0.008363209841848,0.00836320984184805,0.00319803858907595,0.999999968827069
2.78483898976267e-06,0.0111980096435238,0.980698564302591,0.0081034260538856,0.00810342605388566,0.00309458358963824,0.999999968815346
2.87625426791775e-06,0.0108460523622606,0.98130242119981,0.00785152643792915,0.00785152643792913,0.00299452592433146,0.999999968803996
2.9706703490316e-06,0.0105050344839024,0.981887682192692,0.00760728332340552,0.00760728332340551,0.0028977511604969,0.999999968793006
3.06818573762752e-06,0.0101746237503482,0.982454901371075,0.00737047487857726,0.00737047487857723,0.0028041488717709,0.999999968782365
3.16890217174373e-06,0.00985449749984537,0.983004617491106,0.00714088500904879,0.00714088500904884,0.00271361249079658,0.999999968772061
3.27292472907689e-06,0.00954434242212497,0.98353735432333,0.00691830325454465,0.00691830325454469,0.00262603916758032,0.999999968762086
3.38036193660993e-06,0.00924385431757545,0.984053620998128,0.00670252468429641,0.00670252468429645,0.00254132963327904,0.999999968752427
3.49132588383849e-06,0.00895273786055997,0.984553912348091,0.00649334979134913,0.00649334979134916,0.00245938806921084,0.999999968743075
3.60593233971418e-06,0.00867070636696225,0.985038709246964,0.00629058438607402,0.00629058438607406,0.00238012198088824,0.999999968734019
3.7243008734266e-06,0.00839748156603143,0.985508478944817,0.0060940394891513,0.00609403948915127,0.00230344207688013,0.999999968725252
3.84655497915016e-06,0.00813279337658071,0.985963675399154,0.00590353122426581,0.00590353122426576,0.0022292621523149,0.999999968716763
3.97282220488582e-06,0.00787637968758153,0.986404739601681,0.00571888071073781,0.00571888071073785,0.00215749897684372,0.999999968708544
4.10323428553227e-06,0.00762798614318211,0.986832099900525,0.0055399139562926,0.00553991395629255,0.00208807218688952,0.999999968700586
4.23792728032526e-06,0.00738736593216856,0.987246172317676,0.00536646175015507,0.00536646175015502,0.0020209041820135,0.99999996869288
4.37704171478848e-06,0.00715427958187556,0.987647360861486,0.00519835955663873,0.00519835955663869,0.00195592002523683,0.99999996868542
4.52072272734421e-06,0.00692849475654492,0.988036057834072,0.00503544740938316,0.00503544740938319,0.00189304734716176,0.999999968678196
4.66912022073661e-06,0.0067097860601213,0.988412644133499,0.0048775698063797,0.00487756980637965,0.0018322162537416,0.999999968671202
4.82238901842554e-06,0.00649793484346689,0.988777489550622,0.00472457560591144,0.00472457560591149,0.00177335923755545,0.99999996866443
4.9806890261143e-06,0.00629272901596956,0.989130953060509,0.00457631792352117,0.0045763179235212,0.00171641109244838,0.999999968657874
5.14418539857963e-06,0.00609396286151295,0.989473383108378,0.00443265403010921,0.0044326540301092,0.00166130883140374,0.999999968651525
5.31304871197807e-06,0.00590143685877116,0.989805117889977,0.00429344525125196,0.00429344525125201,0.0016079916075192,0.999999968645378
5.48745514180847e-06,0.00571495750578545,0.990126485626392,0.00415855686782219,0.00415855686782216,0.00155640063796327,0.999999968639427
5.6675866467163e-06,0.00553433714877604,0.990437804833242,0.00402785801798218,0.00402785801798223,0.00150647913079386,0.999999968633665
5.85363115833159e-06,0.00535939381513795,0.990739384584249,0.00390122160061261,0.00390122160061257,0.00145817221452534,0.999999968628085
6.04578277733839e-06,0.00518995105056631,0.991031524769202,0.00377852418023137,0.00377852418023138,0.00141142687033494,0.999999968622683
6.2442419759805e-06,0.00502583776025335,0.991314516346297,0.00365964589344951,0.00365964589344946,0.00136619186680383,0.999999968617453
6.44921580721465e-06,0.0048668880540965,0.991588641588899,0.00354447035700406,0.00354447035700402,0.00132241769709244,0.999999968612389
6.66091812072936e-06,0.00471294109585499,0.991854174326744,0.00343288457740138,0.0034328845774014,0.00128005651845362,0.999999968607485
6.87956978605476e-06,0.00456384095618981,0.992111380181612,0.0033247788621985,0.00332477886219848,0.0012390620939913,0.999999968602738
7.10539892299639e-06,0.00441943646952055,0.992360516797535,0.00322004673294463,0.00322004673294466,0.00119938973657592,0.999999968598141
7.33864113963309e-06,0.00427958109463124,0.992601834065569,0.00311858483979965,0.00311858483979964,0.00116099625483159,0.99999996859369
7.57953977812749e-06,0.00414413277895574,0.992835574343202,0.0030202928778422,0.00302029287784224,0.00112383990111354,0.999999968589381
7.82834616860541e-06,0.00401295382647289,0.993061972668452,0.00292507350507522,0.00292507350507524,0.00108788032139767,0.999999968585208
8.0853198913693e-06,0.00388591076914043,0.993281256968726,0.00283283226213329,0.0028328322621333,0.00105307850700715,0.999999968581168
8.35072904771889e-06,0.0037628742417965,0.993493648264511,0.00274347749369222,0.00274347749369225,0.00101939674810428,0.999999968577257
8.62485053966196e-06,0.00364371886045716,0.993699360867964,0.00265692027157839,0.00265692027157844,0.000986798588878768,0.999999968573469
8.90797035880684e-06,0.00352832310393823,0.99389860257649,0.00257307431957209,0.00257307431957212,0.000955248784366142,0.999999968569802
9.20038388473819e-06,0.00341656919872968,0.994091574861374,0.00249185593989646,0.00249185593989642,0.000924713258833226,0.999999968566252
9.50239619318715e-06,0.00330834300705119,0.994278473051567,0.00241318394138145,0.00241318394138145,0.000895159065669743,0.999999968562814
9.81432237431766e-06,0.00320353391801743,0.994459486512693,0.00233697956928953,0.00233697956928957,0.000866554348727895,0.999999968559485
1.01364878614607e-05,0.00310203474184243,0.994634798821369,0.00226316643678834,0.00226316643678839,0.000838868305054091,0.999999968556262
1.04692287706399e-05,0.00300374160701257,0.994804587934934,0.00219167045805332,0.00219167045805334,0.000812071148959252,0.999999968553142
1.08128922512416e-05,0.00290855386035852,0.994969026356659,0.00212241978298214,0.00212241978298219,0.000786134077376382,0.999999968550121
1.11678368481974e-05,0.00281637396995697,0.995128281296542,0.00205534473350084,0.00205534473350085,0.000761029236456132,0.999999968547195
1.15344328760545e-05,0.00272710743079396,0.995282514827765,0.00199037774144078,0.00199037774144074,0.00073672968935318,0.999999968544362
1.19130628053258e-05,0.00264066267312225,0.995431884038914,0.00192745328796416,0.00192745328796416,0.000713209385158095,0.99999996854162
1.23041216615222e-05,0.0025569509734462,0.995576541182039,0.00186650784451493,0.00186650784451493,0.000690443128931269,0.999999968538964
1.27080174372841e-05,0.00247588636806831,0.995716633816661,0.00180747981527108,0.00180747981527105,0.000668406552797228,0.999999968536393
1.31251715180404e-05,0.00239738556913291,0.995852304949793,0.00175030948107356,0.00175030948107361,0.000647076088059343,0.999999968533903
1.35560191216418e-05,0.00232136788310324,0.99598369317209,0.00169493894480666,0.00169493894480664,0.000626428938296577,0.999999968531493
1.40010097524237e-05,0.00224775513160916,0.996110932790187,0.00164131207820371,0.00164131207820369,0.000606443053405453,0.999999968529159
1.44606076701759e-05,0.00217647157460418,0.996234153955344,0.00158937447005224,0.00158937447005229,0.000587097104551938,0.999999968526898
1.49352923745053e-05,0.00210744383577089,0.996353482788457,0.0015390733757716,0.00153907337577163,0.00056837045999929,0.99999996852471
1.54255591050998e-05,0.00204060083011601,0.996469041501547,0.00149035766833664,0.00149035766833663,0.000550243161779373,0.999999968522591
1.59319193584122e-05,0.0019758736936963,0.996580948515784,0.00144317779052014,0.0014431777905201,0.000532695903176163,0.99999996852054
1.64549014213061e-05,0.00191319571541851,0.996689318576154,0.00139748570842705,0.00139748570842709,0.000515710006991463,0.999999968518553
1.6995050922219e-05,0.00185250227085744,0.996794262862849,0.00135323486629343,0.00135323486629345,0.000499267404564007,0.99999996851663
1.75529314004175e-05,0.00179373075803712,0.99689588909944,0.00131038014252282,0.00131038014252283,0.000483350615514303,0.999999968514767
1.8129124893939e-05,0.00173682053512175,0.996994301657945,0.00126887780693311,0.00126887780693313,0.00046794272818864,0.999999968512964
1.87242325468339e-05,0.00168171285996372,0.997089601660849,0.00122868547918697,0.00122868547918703,0.000453027380776744,0.999999968511217
1.933887523634e-05,0.00162835083145742,0.997181887080164,0.00118976208837888,0.00118976208837883,0.000438588743078536,0.999999968509526
1.99736942206459e-05,0.00157667933264879,0.997271252833599,0.00115206783375232,0.00115206783375235,0.000424611498896476,0.999999968507889
2.06293518079165e-05,0.00152664497555148,0.997357790877928,0.00111556414652066,0.00111556414652066,0.000411080829030815,0.999999968506304
2.13065320472813e-05,0.00147819604762167,0.997441590299613,0.00108021365276566,0.00108021365276567,0.000397982394856011,0.999999968504769
2.20059414425039e-05,0.00143128245984496,0.997522737402767,0.00104598013738757,0.00104598013738761,0.000385302322457396,0.999999968503282
2.27283096890798e-05,0.00138585569638952,0.997601315794529,0.00101282850908154,0.00101282850908155,0.000373027187307977,0.999999968501843
2.34743904355287e-05,0.00134186876578098,0.997677406467904,0.000980724766314931,0.000980724766314986,0.000361143999466045,0.999999968500449
2.42449620696783e-05,0.0012992761535557,0.997751087882164,0.000949635964280695,0.000949635964280699,0.000349640189275005,0.999999968499099
2.50408285307579e-05,0.00125803377634988,0.997822436040848,0.00091953018280235,0.000919530182802368,0.000338503593547533,0.999999968497792
2.58628201481505e-05,0.00121809893738328,0.99789152456745,0.000890376495166401,0.000890376495166379,0.000327722442216882,0.999999968496526
2.67117945076771e-05,0.00117943028329723,0.997958424778844,0.000862144937858461,0.000862144937858433,0.000317285345438773,0.999999968495301
2.75886373463177e-05,0.00114198776230772,0.998023205756512,0.000834806481179744,0.00083480648117979,0.000307181281127978,0.999999968494114
2.8494263476304e-05,0.00110573258363523,0.998085934415644,0.00080833300072098,0.000808333000721021,0.000297399582914249,0.999999968492964
2.94296177395436e-05,0.00107062717817416,0.998146675572155,0.000782697249671274,0.000782697249671312,0.000287929928502885,0.999999968491851
3.03956759933773e-05,0.0010366351603655,0.998205492007695,0.000757872831939782,0.00075787283193979,0.000278762328425722,0.999999968490774
3.13934461286925e-05,0.00100372129123749,0.998262444532694,0.000733834176068571,0.000733834176068544,0.000269887115168915,0.99999996848973
3.24239691214583e-05,0.000971851442579753,0.998317592047505,0.000710556509915418,0.000710556509915437,0.000261294932664336,0.999999968488719
3.34883201187784e-05,0.000940992562217715,0.998370991601697,0.000688015836085756,0.000688015836085773,0.000252976726131959,0.99999996848774
3.45876095605948e-05,0.000911112640354413,0.998422698451552,0.000666188908093392,0.000666188908093405,0.000244923732261021,0.999999968486792
3.57229843382119e-05,0.000882180676948298,0.998472766115822,0.000645053207230085,0.000645053207230116,0.000237127469718214,0.999999968485874
3.68956289908515e-05,0.000854166650096096,0.998521246429779,0.00062458692012447,0.000624586920124441,0.000229579729971626,0.999999968484984
3.8106766941485e-05,0.000827041485390779,0.998568189597638,0.000604768916971273,0.000604768916971287,0.000222272568419505,0.999999968484123
3.93576617732339e-05,0.000800777026225549,0.998613644243362,0.000585578730412181,0.000585578730412153,0.000215198295813368,0.999999968483289
4.06496185476687e-05,0.000775346005015497,0.998657657459934,0.000566996535050158,0.000566996535050103,0.000208349469965339,0.999999968482481
4.19839851663829e-05,0.000750722015309382,0.998700274857111,0.000549003127579418,0.000549003127579404,0.000201718887729964,0.999999968481698
4.33621537772622e-05,0.000726879484764819,0.998741540607721,0.000531579907513703,0.000531579907513713,0.000195299577251116,0.99999996848094
4.47855622269155e-05,0.000703793648960837,0.998781497492543,0.000514708858495902,0.000514708858495861,0.000189084790464935,0.999999968480206
4.62556955607834e-05,0.000681440526022551,0.998820186943805,0.000498372530172486,0.000498372530172528,0.000183067995850065,0.999999968479494
4.77740875724904e-05,0.000659796892033402,0.99885764908735,0.000482554020616609,0.000482554020616623,0.000177242871416793,0.999999968478806
4.93423224040549e-05,0.000638840257211121,0.998893922783505,0.000467236959284164,0.000467236959284129,0.000171603297926956,0.999999968478138
5.09620361986283e-05,0.000618548842824239,0.998929045666688,0.000452405490487435,0.000452405490487485,0.000166143352336803,0.999999968477492
5.26349188074876e-05,0.000598901558826668,0.998963054183802,0.000438044257371401,0.000438044257371397,0.000160857301455267,0.999999968476865
5.43627155530606e-05,0.000579877982188494,0.998995983631433,0.00042413838637813,0.000424138386378124,0.000155739595810363,0.999999968476258
5.61472290498255e-05,0.000561458335901762,0.999027868191913,0.000410673472185061,0.000410673472185101,0.000150784863716701,0.99999996847567
5.79903210849829e-05,0.000543623468640676,0.999058740968256,0.000397635563103346,0.000397635563103348,0.00014598790553733,0.9999999684751
5.98939145608622e-05,0.000526354835056211,0.999088634018021,0.000385011146922817,0.00038501114692284,0.000141343688133394,0.999999968474548
6.18599955010908e-05,0.00050963447668571,0.999117578386124,0.000372787137190428,0.000372787137190373,0.000136847339495282,0.999999968474014
6.38906151226174e-05,0.000493445003458657,0.999145604136632,0.000360950859909457,0.00036095085990945,0.0001324941435492,0.999999968473495
6.59878919757511e-05,0.000477769575780316,0.999172740383573,0.00034949004064703,0.000349490040647062,0.000128279535133287,0.999999968472993
6.81540141544502e-05,0.000462591887175504,0.999199015320787,0.000338392792037892,0.000338392792037908,0.000124199095137612,0.999999968472506
7.03912415791659e-05,0.000447896147475265,0.999224456250852,0.000327647601672678,0.000327647601672635,0.000120248545802587,0.999999968472034
7.27019083546226e-05,0.00043366706652975,0.999249089613111,0.000317243320359243,0.000317243320359264,0.000116423746170506,0.999999968471577
7.50884252049954e-05,0.000419889838431078,0.999272941010823,0.000307169150745947,0.000307169150745943,0.000112720687685131,0.999999968471133
7.75532819890234e-05,0.00040655012623046,0.999296035237473,0.000297414636296074,0.000297414636296083,0.000109135489934386,0.999999968470703
8.00990502976862e-05,0.000393634047134311,0.999318396302263,0.000287969650602888,0.000287969650602866,0.000105664396531423,0.999999968470287
8.27283861371507e-05,0.000381128158164563,0.9993400474548,0.000278824387035096,0.00027882438703512,0.000102303771129467,0.999999968469883
8.54440326997885e-05,0.000369019442268812,0.999361011209028,0.000269969348702802,0.000269969348702761,9.90500935660098e-05,0.999999968469491
8.82488232261553e-05,0.000357295294866379,0.999381309366399,0.000261395338734301,0.00026139533873427,9.58999561320786e-05,0.999999968469111
9.11456839609173e-05,0.000345943510816764,0.999400963038329,0.000253093450854323,0.000253093450854309,9.28500599624414e-05,0.999999968468742
9.41376372058094e-05,0.000334952271797411,0.999419992667948,0.000245055060254645,0.00024505506025469,8.98972115427662e-05,0.999999968468385
9.722780447281e-05,0.000324310134078067,0.999438418051174,0.000237271814748194,0.000237271814748206,8.70383193298733e-05,0.999999968468038
0.000100419409740822,0.00031400601667942,0.999456258357122,0.00022973562619806,0.000229735626198096,8.42703904813603e-05,0.999999968467701
0.000103715782819255,0.000304029189904077,0.999473532147883,0.000222438662213075,0.000222438662213108,8.15905276910014e-05,0.999999968467375
0.00010712036282203,0.000294369264228284,0.99949025739767,0.00021537333810184,0.000215373338101881,7.89959261264437e-05,0.999999968467058
0.000110636701755609,0.000285016179543178,0.99950645151138,0.000208532309077331,0.00020853230907731,7.64838704658465e-05,0.99999996846675
0.000114268468224812,0.000275960194734662,0.999522131342561,0.000201908462704447,0.000201908462704489,7.4051732030215e-05,0.999999968466451
0.000118019451260286,0.000267191877591369,0.999537313210826,0.000195494911583075,0.000195494911583124,7.16969660082948e-05,0.999999968466161
0.000121893564271606,0.00025870209503046,0.99955201291871,0.000189284986259463,0.000189284986259443,6.94171087709971e-05,0.99999996846588
0.000125894849130144,0.000250482003631352,0.99956624576801,0.000183272228358926,0.000183272228358972,6.72097752724264e-05,0.999999968465606
0.000130027480385966,0.000242523040467759,0.999580026575599,0.000177450383933078,0.000177450383933052,6.50726565346802e-05,0.99999996846534
0.000134295769623147,0.000234816914228707,0.999593369688756,0.000171813397015021,0.000171813397015065,6.3003517213686e-05,0.999999968465082
0.000138704169958061,0.000227355596619517,0.999606289000004,0.000166355403376085,0.000166355403376116,6.10001932434317e-05,0.999999968464831
0.000143257280685323,0.000220131314033972,0.999618797961488,0.000161070724477938,0.000161070724477914,5.90605895560337e-05,0.999999968464587
0.000147959852076248,0.000213136539489195,0.999630909598897,0.000155953861614022,0.000155953861614028,5.71826778751728e-05,0.999999968464349
0.000152816790334818,0.000206363984815011,0.99964263652495,0.000150999490234502,0.000150999490234544,5.53644945805086e-05,0.999999968464118
0.000157833162716338,0.000199806593089814,0.999653990952461,0.000146202454449049,0.000146202454449084,5.3604138640765e-05,0.999999968463893
0.000163014202814114,0.00019345753131522,0.999664984706983,0.000141557761701965,0.00014155776170194,5.18997696132546e-05,0.999999968463675
0.000168365316019676,0.000187310183322012,0.999675629239064,0.00013706057761433,0.000137060577614375,5.02496057076824e-05,0.999999968463462
0.000173892085162232,0.000181358142900131,0.999685935636112,0.000132706220987986,0.000132706220988013,4.86519219121448e-05,0.999999968463254
0.000179600276333251,0.000175595207145666,0.999695914633888,0.000128490158966362,0.000128490158966374,4.71050481793037e-05,0.999999968463052
0.000185495844902237,0.000170015370018045,0.999705576627635,0.000124408002347258,0.000124408002347249,4.56073676707866e-05,0.999999968462855
0.000191584941729985,0.000164612816100822,0.999714931682856,0.000120455501042896,0.000120455501042878,4.4157315057926e-05,0.999999968462663
0.00019787391958578,0.000159381914559651,0.999723989545758,0.000116628539682639,0.000116628539682652,4.27533748770124e-05,0.999999968462476
0.000204369339775265,0.000154317213291267,0.999732759653355,0.000112923133353969,0.000112923133354003,4.13940799372986e-05,0.999999968462293
0.000211077978985864,0.00014941343325745,0.999741251143265,0.000109335423477402,0.000109335423477375,4.00780097800474e-05,0.999999968462114
0.000218006836356915,0.000144665462998166,0.999749472863191,0.000105861673811192,0.000105861673811231,3.88037891869744e-05,0.99999996846194
0.000225163140781888,0.00014006835331825,0.9997574333801,0.000102498266581763,0.000102498266581714,3.75700867364877e-05,0.99999996846177
0.000232554358450312,0.000135617312142147,0.999765140989122,9.92416987359646e-05,9.92416987360161e-05,3.63756134061827e-05,0.999999968461603
0.000240188200637262,0.000131307699531448,0.999772603722157,9.60885783113491e-05,9.60885783114031e-05,3.52191212200985e-05,0.99999996846144
0.000248072631748554,0.00012713502286007,0.999779829356219,9.30356209207793e-05,9.30356209208112e-05,3.4099401939291e-05,0.99999996846128
0.00025621587763003,0.000123094932142138,0.99978682542151,9.00796463478102e-05,9.00796463477675e-05,3.30152857943275e-05,0.999999968461124
0.000264626434149599,0.000119183215507722,0.999793599209243,8.72175752493729e-05,8.72175752493445e-05,3.1965640258349e-05,0.999999968460971
0.000273313076060999,0.000115395794821809,0.999800157779216,8.44464259624136e-05,8.44464259623652e-05,3.09493688593955e-05,0.99999996846082
0.000282284866158518,0.000111728721441963,0.999806507967147,8.17633114112339e-05,8.17633114112747e-05,2.99654100307288e-05,0.999999968460673
0.000291551164732229,0.00010817817211031,0.999812656391777,7.91654361123811e-05,7.91654361123905e-05,2.90127359979293e-05,0.999999968460528
0.000301121639333601,0.000104740444975618,0.99981860946175,7.6650093274035e-05,7.66500932739966e-05,2.80903517015834e-05,0.999999968460386
0.000311006274861684,0.00010141195574135,0.999824373382272,7.42146619869318e-05,7.42146619869475e-05,2.71972937544179e-05,0.999999968460245
0.000321215383980369,9.81892339357279e-05,0.99982995416156,7.18566045039565e-05,7.18566045039862e-05,2.63326294317714e-05,0.999999968460108
0.000331759617877626,9.50689192999562e-05,0.999835357617094,6.95734636056226e-05,6.95734636056326e-05,2.54954556943336e-05,0.999999968459972
0.000342649977377904,9.20477582908604e-05,0.99984058938166,6.7362860048747e-05,6.73628600487123e-05,2.46848982421134e-05,0.999999968459838
0.000353897824419325,8.91226006943437e-05,0.99984565490921,6.52224900957088e-05,6.52224900956986e-05,2.39001105986349e-05,0.999999968459706
0.000365514893907615,8.62903963461503e-05,0.999850559480532,6.31501231217621e-05,6.3150123121708e-05,2.31402732243882e-05,0.999999968459575
0.000377513305959163,8.35481919565502e-05,0.999855308208745,6.11435992979519e-05,6.11435992979862e-05,2.24045926585983e-05,0.999999968459446
0.000389905578545969,8.08931280356592e-05,0.999859906044617,5.92008273472579e-05,5.92008273472881e-05,2.16923006884013e-05,0.999999968459318
0.000402704640555667,7.83224359162143e-05,0.999864357781712,5.73197823716646e-05,5.73197823716649e-05,2.10026535445497e-05,0.999999968459191
0.000415923845280274,7.58334348707247e-05,0.999868668061381,5.54985037479283e-05,5.54985037479704e-05,2.03349311227964e-05,0.999999968459066
0.000429576984347703,7.34235293200121e-05,0.99987284137759,5.37350930898794e-05,5.37350930898499e-05,1.96884362301326e-05,0.999999968458942
0.000443678302110607,7.10902061302526e-05,0.999876882081595,5.20277122751686e-05,5.20277122752161e-05,1.9062493855084e-05,0.999999968458818
0.000458242510507543,6.88310319957204e-05,0.99988079438647,5.03745815344261e-05,5.03745815344618e-05,1.84564504612943e-05,0.999999968458695
0.000473284804411975,6.66436509045215e-05,0.999884582371495,4.87739776008723e-05,4.87739776008994e-05,1.78696733036492e-05,0.999999968458573
0.00048882087748512,6.45257816846931e-05,0.999888249986397,4.72242319184729e-05,4.72242319185026e-05,1.73015497662202e-05,0.999999968458451
0.000504866938549183,6.24752156281253e-05,0.999891801055465,4.57237289067974e-05,4.57237289068288e-05,1.67514867213278e-05,0.999999968458329
0.00052143972849806,6.04898141898414e-05,0.999895239281529,4.42709042807917e-05,4.42709042808119e-05,1.62189099090497e-05,0.999999968458208
0.000538556537763153,5.85675067602535e-05,0.999898568249816,4.28642434237354e-05,4.28642434237021e-05,1.57032633365181e-05,0.999999968458086
0.000556235224352518,5.67062885080811e-05,0.99990179143168,4.15022798117069e-05,4.15022798116875e-05,1.52040086963743e-05,0.999999968457965
0.000574494232482167,5.49042182916982e-05,0.99990491218822,4.01835934879322e-05,4.01835934878835e-05,1.4720624803766e-05,0.999999968457843
0.000593352611818965,5.3159416636739e-05,0.999907933773778,3.89068095854428e-05,3.89068095854149e-05,1.42526070512962e-05,0.999999968457721
0.000612830037355189,5.14700637778677e-05,0.999910859339326,3.76705968965198e-05,3.76705968964685e-05,1.37994668813478e-05,0.999999968457599
0.0006329468299355,4.98343977626768e-05,0.99991369193575,3.64736664874477e-05,3.64736664874633e-05,1.33607312752292e-05,0.999999968457476
0.000653723977457721,4.82507126157492e-05,0.999916434517027,3.53147703571462e-05,3.53147703571979e-05,1.2935942258603e-05,0.999999968457352
0.00067518315676957,4.67173565609747e-05,0.999919089943301,3.41927001382969e-05,3.41927001383268e-05,1.25246564226777e-05,0.999999968457228
0.000697346756284161,4.52327303002789e-05,0.99992166098386,3.31062858396209e-05,3.31062858395711e-05,1.2126444460658e-05,0.999999968457102
0.000720237899337892,4.37952853469753e-05,0.999924150320025,3.20543946280088e-05,3.20543946280066e-05,1.17408907189665e-05,0.999999968456976
0.000743880468315072,4.24035224120092e-05,0.999926560547939,3.10359296492439e-05,3.10359296492765e-05,1.13675927627653e-05,0.999999968456848
0.00076829912956448,4.1055989841419e-05,0.999928894181273,3.0049828886099e-05,3.00498288860715e-05,1.10061609553199e-05,0.999999968456719
0.000793519359133813,3.97512821033895e-05,0.999931153653844,2.9095064052625e-05,2.90950640526146e-05,1.06562180507644e-05,0.999999968456588
0.00081956746934892,3.84880383233278e-05,0.999933341322153,2.81706395234889e-05,2.81706395235037e-05,1.03173987998389e-05,0.999999968456456
0.000846470636265502,3.72649408654374e-05,0.999935459467837,2.72755912972514e-05,2.72755912972117e-05,9.98934956818601e-06,0.999999968456322
0.000874256928021966,3.60807139593171e-05,0.999937510300048,2.64089859925121e-05,2.64089859925005e-05,9.67172796680495e-06,0.999999968456186
0.000902955334122976,3.4934122370158e-05,0.999939495957754,2.55699198758826e-05,2.55699198758433e-05,9.36420249427535e-06,0.999999968456048
0.000932595795684277,3.3823970111155e-05,0.999941418511968,2.47575179207798e-05,2.47575179207952e-05,9.06645219037521e-06,0.999999968455908
0.000963209236670323,3.27490991967955e-05,0.999943279967907,2.39709328960662e-05,2.39709328960985e-05,8.77816630072934e-06,0.999999968455765
0.000994827596157334,3.17083884357277e-05,0.999945082267081,2.32093444835912e-05,2.32093444835963e-05,8.49904395213648e-06,0.99999996845562
0.00102748386165541,3.0700752261954e-05,0.999946827289314,2.24719584237198e-05,2.24719584237687e-05,8.22879383823426e-06,0.999999968455472
0.00106121210352446,2.97251396031347e-05,0.999948516854709,2.17580056879622e-05,2.17580056879966e-05,7.96713391517248e-06,0.999999968455322
0.00109604751051993,2.87805327848233e-05,0.999950152725537,2.10667416778479e-05,2.10667416778433e-05,7.71379110697534e-06,0.999999968455169
0.00113202642650527,2.78659464694945e-05,0.999951736608081,2.03974454492109e-05,2.03974454491625e-05,7.46850102028362e-06,0.999999968455012
0.0011691863883696,2.69804266292619e-05,0.99995327015441,1.97494189610841e-05,1.97494189611367e-05,7.23100766817784e-06,0.999999968454852
0.00120756616519004,2.61230495512154e-05,0.9999547549641,1.91219863484226e-05,1.91219863484283e-05,7.0010632027928e-06,0.999999968454689
0.00124720579867956,2.5292920874344e-05,0.999956192585908,1.85144932179007e-05,1.85144932179233e-05,6.77842765644324e-06,0.999999968454522
