1e-09,0.950398633185496,0.0153169506056709,0.034284416208833,0.0342844162088329,0.916114216976663,0.999999999160735
1.02807322383086e-09,0.950341041383855,0.0153368149735986,0.0343221436425461,0.034322143642546,0.916018897741309,0.999999999137353
1.05693455355799e-09,0.950281719298081,0.015357281189287,0.0343609995126318,0.0343609995126318,0.915920719785449,0.999999999113326
1.0866061138546e-09,0.950220611633279,0.0153783687847638,0.034401019581957,0.034401019581957,0.915819592051322,0.999999999088636
1.11711065050482e-09,0.950157661136901,0.0154000980011774,0.0344422408619218,0.0344422408619217,0.915715420274979,0.999999999063264
1.14847154784029e-09,0.950092808518699,0.0154224898188192,0.0344847016624815,0.0344847016624815,0.915608106856218,0.999999999037192
1.18071284666619e-09,0.950025992366833,0.0154455659886515,0.0345284416445156,0.0345284416445156,0.915497550722317,0.999999999010402
1.21385926269063e-09,0.949957149059898,0.0154693490654299,0.034573501874672,0.0345735018746721,0.915383647185226,0.999999998982874
1.24793620547131e-09,0.949886212674666,0.0154938624425126,0.0346199248828218,0.0346199248828218,0.915266287791844,0.999999998954588
1.28296979789415e-09,0.949813114889275,0.0155191303884578,0.0346677547222674,0.0346677547222675,0.915145360167007,0.999999998925524
1.31898689619867e-09,0.949737784881628,0.015545178085515,0.0347170370328569,0.034717037032857,0.915020747848771,0.999999998895661
1.35601511056563e-09,0.949660149222709,0.0155720316701252,0.0347678191071661,0.0347678191071662,0.914892330115543,0.999999998864978
1.39408282628258e-09,0.94958013176453,0.0155997182755506,0.0348201499599193,0.0348201499599193,0.914759981804611,0.999999998833451
1.43321922550358e-09,0.949497653522403,0.0156282660767651,0.0348740804008322,0.0348740804008322,0.91462357312157,0.99999999880106
1.47345430961984e-09,0.949412632551188,0.0156577043377421,0.03492966311107,0.03492966311107,0.914482969440118,0.999999998767781
1.51481892225835e-09,0.949324983815183,0.0156880634612913,0.0349869527235257,0.0349869527235256,0.914338031091657,0.99999999873359
1.55734477292614e-09,0.949234619051261,0.0157193750416004,0.0350460059071389,0.0350460059071389,0.914188613144122,0.999999998698463
1.60106446131832e-09,0.94914144662486,0.0157516719196528,0.0351068814554867,0.0351068814554868,0.914034565169374,0.999999998662376
1.64601150230855e-09,0.949045371378403,0.0157849882417036,0.0351696403798935,0.0351696403798936,0.913875730998509,0.999999998625302
1.69222035164104e-09,0.948946294471669,0.0158193595210071,0.0352343460073236,0.0352343460073237,0.913711948464346,0.999999998587217
1.7397264323438e-09,0.948844113213659,0.0158548227030055,0.0353010640833353,0.0353010640833352,0.913543049130324,0.999999998548092
1.78856616188346e-09,0.948738720885403,0.0158914162342018,0.0353698628803948,0.0353698628803948,0.913368858005009,0.999999998507902
1.83877698008233e-09,0.948630006553178,0.0159291801349561,0.0354408133118659,0.0354408133118658,0.913189193241312,0.999999998466617
1.89039737781922e-09,0.948517854871526,0.0159681560764621,0.0355139890520119,0.035513989052012,0.913003865819514,0.99999999842421
1.94346692653602e-09,0.948402145875451,0.01600838746218,0.0355894666623694,0.0355894666623694,0.912812679213081,0.999999998380651
1.99802630857255e-09,0.948282754761106,0.0160499195140201,0.0356673257248735,0.0356673257248735,0.912615429036233,0.99999999833591
2.05411734835306e-09,0.948159551654262,0.0160927993635958,0.0357476489821422,0.0357476489821422,0.91241190267212,0.999999998289956
2.11178304444824e-09,0.948032401365763,0.0161370761488853,0.0358305224853515,0.0358305224853515,0.912201878880412,0.999999998242759
2.17106760253726e-09,0.947901163133171,0.0161828011166694,0.0359160357501598,0.0359160357501598,0.911985127383011,0.999999998194286
2.23201646929523e-09,0.947765690347688,0.0162300277311381,0.0360042819211737,0.0360042819211737,0.911761408426514,0.999999998144505
2.29467636723194e-09,0.947625830265437,0.0162788117890889,0.0360953579454738,0.0360953579454739,0.911530472319963,0.999999998093382
2.35909533050864e-09,0.947481423702072,0.0163292115421719,0.0361893647557558,0.0361893647557558,0.911292058946316,0.999999998040882
2.42532274176036e-09,0.947332304709652,0.0163812878266706,0.0362864074636774,0.0362864074636774,0.911045897245975,0.999999997986971
2.49340936995188e-09,0.947178300234618,0.0164351042013445,0.0363865955640374,0.0363865955640374,0.910791704670581,0.999999997931614
2.56340740929651e-09,0.947019229755644,0.016490727093901,0.0364900431504552,0.0364900431504552,0.910529186605189,0.999999997874773
2.63537051926739e-09,0.946854904900035,0.0165482259567052,0.0365968691432599,0.0365968691432599,0.910258035756775,0.999999997816412
2.70935386573205e-09,0.946685129037271,0.0166076734323851,0.0367071975303437,0.0367071975303438,0.909977931506928,0.999999997756493
2.78541416324176e-09,0.946509696848181,0.0166691455300392,0.0368211576217795,0.0368211576217793,0.909688539226402,0.999999997694977
2.86360971850811e-09,0.946328393868135,0.0167327218128095,0.0369388843190552,0.0369388843190551,0.90938950954908,0.999999997631825
2.94400047510004e-09,0.946140996002535,0.0167984855976385,0.0370605183998264,0.0370605183998265,0.909080477602709,0.999999997566998
3.0266480593957e-09,0.945947269012758,0.0168665241680984,0.037186206819144,0.037186206819144,0.908761062193614,0.999999997500453
3.11161582782436e-09,0.945746967970585,0.0169369290012424,0.0373161030281723,0.0373161030281723,0.908430864942413,0.999999997432149
3.19896891543454e-09,0.945539836679021,0.0170097960095089,0.0374503673114702,0.0374503673114702,0.908089469367551,0.999999997362046
3.28877428582551e-09,0.945325607057247,0.0170852257987841,0.0375891671439689,0.037589167143969,0.907736439913278,0.999999997290098
3.38110078248068e-09,0.945103998487335,0.0171633239438174,0.0377326775688474,0.0377326775688475,0.907371320918488,0.999999997216263
3.47601918154197e-09,0.944874717120158,0.0172442012822772,0.0378810815975646,0.0378810815975646,0.906993635522593,0.999999997140496
3.57360224606578e-09,0.944637455137788,0.0173279742288317,0.0380345706333808,0.0380345706333808,0.906602884504407,0.999999997062753
3.67392478180208e-09,0.944391889969489,0.0174147651107493,0.0381933449197617,0.0381933449197618,0.906198545049727,0.999999996982989
3.77706369453937e-09,0.944137683458243,0.0175047025266278,0.0383576140151291,0.038357614015129,0.905780069443114,0.999999996901155
3.88309804905961e-09,0.943874480974532,0.0175979217299829,0.0385275972954854,0.0385275972954854,0.905346883679046,0.999999996817207
3.99210912974805e-09,0.943601910473935,0.0176945650395614,0.0387035244865036,0.0387035244865036,0.904898385987431,0.999999996731097
4.10418050290471e-09,0.943319581494883,0.0177947822783827,0.0388856362267344,0.0388856362267345,0.904433945268148,0.999999996642777
4.21939808080502e-09,0.9430270840927,0.0178987312436642,0.0390741846636354,0.0390741846636354,0.903952899429065,0.9999999965522
4.33785018755898e-09,0.942723987705879,0.0180065782099449,0.0392694340841759,0.0392694340841759,0.903454553621703,0.999999996459316
4.45962762681909e-09,0.942409839950304,0.018118498467889,0.0394716615818072,0.0394716615818071,0.902938178368497,0.999999996364077
4.58482375138911e-09,0.942084165336958,0.0182346769014319,0.0396811577616104,0.0396811577616105,0.902403007575347,0.999999996266435
4.71353453478692e-09,0.941746463908442,0.0183553086061156,0.0398982274854424,0.0398982274854425,0.901848236422999,0.99999999616634
4.8458586448165e-09,0.941396209789459,0.0184805995516562,0.0401231906588843,0.0401231906588844,0.901273019130575,0.999999996063743
4.98189751920517e-09,0.941032849646256,0.0186107672919903,0.040356383061754,0.0403563830617539,0.900676466584502,0.999999995958594
5.12175544336424e-09,0.940655801049879,0.0187460417262521,0.0405981572238691,0.0405981572238691,0.90005764382601,0.999999995850847
5.26553963033276e-09,0.940264450738022,0.0188866659143501,0.0408488833476276,0.0408488833476276,0.899415567390395,0.99999999574045
5.41336030296538e-09,0.939858152770174,0.01903289695102,0.0411089502788058,0.0411089502788058,0.898749202491368,0.999999995627358
5.56533077842764e-09,0.939436226570808,0.0191850069024487,0.0413787665267433,0.0413787665267433,0.898057460044065,0.999999995511521
5.72156755506324e-09,0.938997954855459,0.0193432838097634,0.0416587613347771,0.0416587613347771,0.897339193520682,0.999999995392893
5.88219040169997e-09,0.938542581434726,0.0195080327638766,0.0419493858013976,0.0419493858013976,0.896593195633328,0.999999995271428
6.04732244946265e-09,0.93806930889156,0.0196795770563485,0.0422511140520919,0.0422511140520918,0.895818194839468,0.999999995147083
6.21709028616383e-09,0.937577296127708,0.0198582594110763,0.0425644444612153,0.0425644444612154,0.895012851666493,0.999999995019812
6.39162405334401e-09,0.937065655775828,0.0200444433017211,0.0428899009224512,0.0428899009224512,0.894175754853377,0.999999994889575
6.57105754603627e-09,0.936533451474701,0.0202385143598404,0.043228034165459,0.043228034165459,0.893305417309242,0.999999994756332
6.75552831533164e-09,0.93597969500618,0.0204408818786715,0.0435794231151483,0.0435794231151483,0.892400271891032,0.999999994620044
6.94517777382369e-09,0.93540334329399,0.0206519804174096,0.0439446762886008,0.0439446762886008,0.891458667005389,0.999999994480677
7.14015130401339e-09,0.934803295266431,0.0208722715105961,0.0443244332229725,0.0443244332229724,0.890478862043459,0.999999994338198
7.3405983697572e-09,0.934178388587442,0.0211022454868742,0.0447193659256837,0.0447193659256836,0.889459022661758,0.999999994192578
7.5466726308439e-09,0.933527396263371,0.0213424234008213,0.0451301803358074,0.0451301803358073,0.888397215927564,0.999999994043791
7.75853206078784e-09,0.93284902313645,0.0215933590808106,0.0455576177827397,0.0455576177827398,0.88729140535371,0.999999993891816
7.97633906792928e-09,0.932141902280248,0.0218556412948282,0.0460024564249241,0.0460024564249241,0.886139445855324,0.999999993736635
8.20026061993413e-09,0.931404591317634,0.0221298960348248,0.0464655126475407,0.0464655126475407,0.884939078670094,0.999999993578235
8.43046837178897e-09,0.930635568687926,0.0224167889184578,0.0469476423936162,0.0469476423936163,0.88368792629431,0.999999993416611
8.66713879738922e-09,0.929833229897225,0.0227170277048966,0.0474497423978782,0.0474497423978781,0.882383487499347,0.99999999325176
8.9104533248215e-09,0.928995883794497,0.0230313649186574,0.0479727512868454,0.0479727512868453,0.881023132507652,0.99999999308369
9.16059847544369e-09,0.928121748925851,0.0233606005721072,0.048517650502042,0.048517650502042,0.879604098423809,0.999999992912414
9.41776600686954e-09,0.927208950030908,0.0237055849732435,0.049085464995849,0.049085464995849,0.878123485035059,0.999999992737953
9.6821530599671e-09,0.926255514758138,0.0240672216005242,0.0496772636413376,0.0496772636413376,0.876578251116801,0.999999992560336
9.95396230998424e-09,0.925259370690679,0.0244464700207936,0.0502941592885272,0.0502941592885271,0.874965211402152,0.999999992379603
1.02334021219164e-08,0.924218342790432,0.024844348819635,0.0509373083899332,0.0509373083899333,0.873281034400499,0.999999992195805
1.05206867102362e-08,0.923130151386081,0.0252619385057157,0.0516079101082032,0.0516079101082032,0.871522241277878,0.999999992009002
1.08160363031071e-08,0.9219924108499,0.0257003843418125,0.0523072048082872,0.0523072048082871,0.869685206041613,0.999999991819265
1.1119677311207e-08,0.920802629128468,0.0261608990452136,0.0530364718263188,0.0530364718263189,0.867766157302149,0.999999991626682
1.14318425012915e-08,0.919558208313219,0.0266447652891262,0.0537970263976548,0.0537970263976548,0.865761181915564,0.999999991431349
1.17527711746295e-08,0.918256446457351,0.0271533379246932,0.054590215617956,0.054590215617956,0.863666230839395,0.99999999123338
1.20827093504478e-08,0.916894540864946,0.0276880458304596,0.0554174133045943,0.0554174133045942,0.861477127560352,0.999999991032904
1.24219099545262e-08,0.915469593095038,0.0282503932829645,0.0562800136219971,0.0562800136219971,0.859189579473041,0.999999990830062
1.27706330130864e-08,0.913978615935956,0.0288419607290595,0.0571794233349844,0.0571794233349844,0.856799192600972,0.999999990625016
1.31291458521247e-08,0.912418542611721,0.0294644048282435,0.0581170525600358,0.0581170525600359,0.854301490051685,0.999999990417942
1.34977233023394e-08,0.910786238480155,0.0301194576226031,0.0590943038972415,0.0590943038972416,0.851691934582914,0.999999990209033
1.38766479098131e-08,0.909078515469054,0.0308089246839441,0.0601125598470023,0.0601125598470023,0.848965955622051,0.9999999899985
1.42662101526074e-08,0.907292149469507,0.0315346820836301,0.0611731684468627,0.0611731684468626,0.846118981022645,0.999999989786573
1.46667086634397e-08,0.905423900861488,0.0322986720319563,0.0622774271065555,0.0622774271065555,0.843146473754933,0.999999989573496
1.50784504586105e-08,0.903470538283561,0.0331028970420837,0.0634265646743551,0.063426564674355,0.840043973609206,0.999999989359531
1.55017511733577e-08,0.901428865674276,0.033949412490171,0.0646217218355534,0.0646217218355534,0.836807143838722,0.999999989144958
1.59369353038178e-08,0.899295752506508,0.0348403174697312,0.0658639300237612,0.0658639300237612,0.833431822482746,0.999999988930067
1.63843364557798e-08,0.897068167008411,0.0357777438754494,0.06715408911614,0.0671540891161401,0.829914077892271,0.999999988715167
1.68442976004231e-08,0.894743212018273,0.0367638437001953,0.0684929442815322,0.0684929442815322,0.82625026773674,0.999999988500575
1.73171713372335e-08,0.892318162960296,0.0378007745884702,0.0698810624512339,0.0698810624512339,0.822437100509062,0.999999988286617
1.78033201643011e-08,0.889790507261544,0.0388906837587337,0.0713188089797224,0.0713188089797223,0.818471698281822,0.999999988073628
1.83031167562061e-08,0.887157984366899,0.0400356904835161,0.0728063251495851,0.0728063251495851,0.814351659217314,0.999999987861947
1.88169442497056e-08,0.884418625360887,0.0412378673962882,0.0743435072428245,0.0743435072428245,0.810075118118063,0.999999987651913
1.93451965374404e-08,0.881570791086009,0.0424992209729271,0.0759299879410641,0.075929987941064,0.805640803144945,0.999999987443863
1.98882785698881e-08,0.878613207570363,0.0438216716076288,0.0775651208220084,0.0775651208220084,0.801048086748354,0.999999987238128
2.04466066657912e-08,0.87554499755518,0.0452070337621761,0.0792479686826438,0.0792479686826437,0.796297028872536,0.999999987035032
2.10206088313016e-08,0.872365706954722,0.0466569967076263,0.080977296337652,0.0809772963376519,0.79138841061707,0.999999986834885
2.16107250880838e-08,0.869075325191764,0.0481731063936499,0.0827515684145861,0.0827515684145861,0.786323756777178,0.99999998663798
2.22174078106288e-08,0.865674298530643,0.0497567489694006,0.0845689524999567,0.0845689524999567,0.781105346030686,0.999999986444592
2.28411220730383e-08,0.862163535769318,0.05140913643952,0.0864273277911621,0.086427327791162,0.775736207978156,0.999999986254974
2.34823460055428e-08,0.858544405938638,0.0531312948708099,0.0883242991905524,0.0883242991905525,0.770220106748085,0.999999986069356
2.41415711610302e-08,0.854818727972256,0.0549240554729349,0.0902572165548094,0.0902572165548094,0.764561511417446,0.99999998588794
2.48193028918626e-08,0.850988752632523,0.0567880487662282,0.0922231986012484,0.0922231986012484,0.758765554031275,0.999999985710903
2.55160607372719e-08,0.847057137283105,0.0587237019289696,0.0942191607879247,0.0942191607879249,0.752837976495181,0.99999998553839
2.62323788216312e-08,0.843026914366713,0.060731239293905,0.0962418463393824,0.0962418463393825,0.74678506802733,0.999999985370519
2.69688062639069e-08,0.838901454658682,0.0628106858477445,0.0982878594935737,0.0982878594935737,0.740613595165108,0.999999985207381
2.77259075986048e-08,0.834684426512303,0.0649618734853837,0.100353700002313,0.100353700002313,0.73433072650999,0.999999985049037
2.85042632085343e-08,0.830379752384471,0.0671844496883895,0.102435797927139,0.102435797927139,0.727943954457333,0.999999984895523
2.93044697697214e-08,0.825991563931728,0.0694778882384962,0.104530547829775,0.104530547829775,0.721461016101953,0.999999984746848
3.01271407088116e-08,0.82152415690401,0.071841501542782,0.106634341553208,0.106634341553208,0.714889815350802,0.999999984602999
3.09729066733141e-08,0.816981946947883,0.0742744541370282,0.108743598915089,0.108743598915089,0.708238348032794,0.999999984463942
3.18424160150466e-08,0.81236942727672,0.0767757769449193,0.110854795778361,0.110854795778361,0.701514631498359,0.999999984329622
3.27363352871525e-08,0.807691128987031,0.0793443818994479,0.112964489113521,0.112964489113521,0.69472663987351,0.999999984199968
3.36553497550709e-08,0.802951584612338,0.0819790765746648,0.115069338812998,0.115069338812998,0.68788224579934,0.999999984074895
3.46001639218511e-08,0.79815529532092,0.0846785785261613,0.117166126152919,0.117166126152919,0.680989169168001,0.999999983954304
3.55715020682138e-08,0.793306701991402,0.087441529093109,0.119251768915489,0.119251768915489,0.674054933075913,0.999999983838086
3.65701088077749e-08,0.78841016024747,0.0902665064695594,0.12132333328297,0.12132333328297,0.6670868269645,0.999999983726125
3.75967496578547e-08,0.783469919404252,0.0931520379051155,0.123378042690632,0.123378042690632,0.66009187671362,0.999999983618296
3.86522116263126e-08,0.778490105175787,0.0960966109428693,0.125413283881344,0.125413283881344,0.653076821294442,0.999999983514471
3.97373038148561e-08,0.773474705915288,0.0990986836443221,0.12742661044039,0.12742661044039,0.646048095474898,0.999999983414518
4.08528580392857e-08,0.768427562105784,0.102156693786198,0.129415744108017,0.129415744108017,0.639011817997767,0.999999983318303
4.19997294671531e-08,0.763352358785482,0.105269067042516,0.131378574172002,0.131378574172002,0.631973784613481,0.999999983225692
4.31787972733202e-08,0.758252620576612,0.108434224187281,0.133313155236107,0.133313155236107,0.624939465340505,0.999999983136549
4.43909653139217e-08,0.753131708985137,0.111650587369299,0.135217703645565,0.135217703645565,0.617914005339572,0.999999983050743
4.56371628192476e-08,0.747992821648268,0.114916585521617,0.137090592830116,0.137090592830115,0.610902228818152,0.999999982968141
4.6918345106078e-08,0.742838993224243,0.118230658974749,0.138930347801009,0.138930347801009,0.603908645423234,0.999999982888614
4.82354943100147e-08,0.737673097641652,0.121591263346008,0.140735639012341,0.140735639012341,0.596937458629311,0.999999982812037
4.95896201383721e-08,0.732497851451613,0.124996872777629,0.142505275770758,0.142505275770758,0.589992575680855,0.999999982738288
5.09817606442043e-08,0.72731581805354,0.128445982594656,0.144238199351804,0.144238199351804,0.583077618701736,0.999999982667246
5.24129830220606e-08,0.722129412592789,0.131937111450347,0.145933475956865,0.145933475956865,0.576195936635924,0.999999982598798
5.38843844260822e-08,0.716940907355165,0.135468803022618,0.147590289622217,0.147590289622217,0.569350617732948,0.999999982532831
5.5397092811064e-08,0.711752437508437,0.139039627320193,0.14920793517137,0.14920793517137,0.562544502337067,0.99999998246924
5.69522677971282e-08,0.706566007064166,0.142648181651963,0.150785811283871,0.150785811283871,0.555780195780296,0.999999982407921
5.85511015586724e-08,0.701383494954204,0.146293091307847,0.152323413737949,0.152323413737949,0.549060081216255,0.999999982348777
6.01948197382727e-08,0.696206661134922,0.149973009994304,0.153820328870774,0.153820328870774,0.542386332264148,0.999999982291711
6.18846823862438e-08,0.691037152648729,0.153686620062756,0.155276227288515,0.155276227288515,0.535760925360215,0.999999982236635
6.3621984926575e-08,0.685876509586757,0.157432632564601,0.156690857848642,0.156690857848642,0.529185651738115,0.999999982183461
6.54080591499826e-08,0.680726170908915,0.161209787162234,0.158064041928851,0.158064041928851,0.522662128980064,0.999999982132108
6.72442742348425e-08,0.675587480087999,0.16501685192165,0.15939566799035,0.15939566799035,0.516191812097649,0.999999982082495
6.91320377967813e-08,0.670461690553361,0.168852623008726,0.160685686437913,0.160685686437913,0.509776004115449,0.999999982034548
7.10727969677341e-08,0.665349970917018,0.172715924308125,0.161934104774857,0.161934104774857,0.503415866142161,0.999999981988196
7.30680395052951e-08,0.660253409971144,0.176605606981073,0.163140983047783,0.163140983047783,0.497112426923362,0.99999998194337
7.51192949332097e-08,0.655173021450872,0.180520548975758,0.16430642957337,0.16430642957337,0.490866591877502,0.999999981900005
7.72281357138864e-08,0.650109748560303,0.18445965450203,0.165430596937668,0.165430596937668,0.484679151622635,0.999999981858039
7.93961784538228e-08,0.645064468262851,0.188421853480192,0.166513678256958,0.166513678256958,0.478550790005893,0.999999981817413
8.16250851428724e-08,0.640037995339516,0.192406100972096,0.167555903688388,0.167555903688388,0.472482091651128,0.999999981778071
8.39165644283016e-08,0.635031086220619,0.196411376601344,0.168557537178037,0.168557537178037,0.466473549042582,0.999999981739959
8.62723729246145e-08,0.630044442597955,0.200436683968243,0.169518873433802,0.169518873433802,0.460525569164153,0.999999981703027
8.8694316560147e-08,0.625078714825386,0.20448105006411,0.170440235110504,0.170440235110504,0.454638479714882,0.999999981667226
9.11842519614656e-08,0.620134505116588,0.208543524688688,0.171321970194724,0.171321970194724,0.448812534921865,0.999999981632511
9.374408787663e-08,0.615212370549136,0.212623179873688,0.172164449577176,0.172164449577176,0.44304792097196,0.999999981598836
9.63757866384109e-08,0.610312825884343,0.21671910931483,0.172968064800827,0.172968064800827,0.437344761083517,0.999999981566161
9.90813656685867e-08,0.605436346212344,0.22083042781429,0.173733225973367,0.173733225973367,0.431703120238976,0.999999981534445
1.01862899024469e-07,0.600583369431851,0.224956270734944,0.174460359833205,0.174460359833205,0.426123009598646,0.999999981503652
1.04722518988844e-07,0.595754298573862,0.229095793467508,0.17514990795863,0.17514990795863,0.420604390615231,0.999999981473743
1.07662417704549e-07,0.59094950397832,0.233248170911312,0.175802325110368,0.175802325110368,0.415147178867952,0.999999981444686
1.10684848854941e-07,0.586169325332484,0.237412596969232,0.176418077698285,0.176418077698284,0.409751247634199,0.999999981416447
1.13792129391531e-07,0.581414073579377,0.241588284057072,0.176997642363551,0.176997642363551,0.404416431215825,0.999999981388996
1.16986641310131e-07,0.576684032704356,0.245774462627537,0.177541504668108,0.177541504668108,0.399142528036248,0.999999981362302
1.20270833476851e-07,0.571979461407433,0.249970380708785,0.178050157883782,0.178050157883782,0.393929303523651,0.999999981336337
1.23647223505371e-07,0.567300594668618,0.254175303457454,0.178524101873928,0.178524101873928,0.38877649279469,0.999999981311073
1.27118399686903e-07,0.562647645213135,0.258388512725947,0.178963842060917,0.178963842060917,0.383683803152219,0.999999981286486
1.30687022974335e-07,0.55802080488301,0.262609306643728,0.179369888473262,0.179369888473262,0.378650916409748,0.99999998126255
1.34355829022083e-07,0.553420245921109,0.266836999212281,0.17974275486661,0.17974275486661,0.373677491054499,0.999999981239242
1.38127630283201e-07,0.548846122173397,0.271070919913393,0.18008295791321,0.18008295791321,0.368763164260188,0.999999981216539
1.42005318165368e-07,0.544298570214769,0.275310413330356,0.180391016454874,0.180391016454874,0.363907553759895,0.999999981194419
1.45991865247398e-07,0.539777710403519,0.279554838781691,0.18066745081479,0.18066745081479,0.359110259588728,0.999999981172863
1.50090327557974e-07,0.535283647869162,0.283803569966957,0.18091278216388,0.18091278216388,0.354370865705282,0.99999998115185
1.54303846918356e-07,0.530816473438039,0.288055994624242,0.181127531937719,0.181127531937719,0.34968894150032,0.999999981131362
1.58635653350859e-07,0.526376264500802,0.292311514198882,0.181312221300316,0.181312221300316,0.345064043200486,0.999999981111381
1.63089067554933e-07,0.521963085825675,0.296569543523002,0.181467370651322,0.181467370651322,0.340495715174353,0.999999981091889
1.6766750345277e-07,0.517576990321044,0.300829510505456,0.1815934991735,0.1815934991735,0.335983491147544,0.999999981072869
1.72374470806362e-07,0.513218019750761,0.305090855831743,0.181691124417497,0.181691124417497,0.331526895333264,0.999999981054308
1.77213577908036e-07,0.508886205405267,0.309353032673518,0.181760761921214,0.181760761921214,0.327125443484053,0.999999981036188
1.82188534346517e-07,0.504581568731467,0.313615506407297,0.181802924861236,0.181802924861236,0.322778643870231,0.999999981018496
1.87303153850643e-07,0.500304121924044,0.317877754341976,0.18181812373398,0.18181812373398,0.318485998190064,0.999999981001217
1.9256135721292e-07,0.496053868480775,0.322139265454814,0.181806866064411,0.181806866064411,0.314247002416364,0.999999980984339
1.97967175295133e-07,0.491830803724173,0.326399540135521,0.181769656140306,0.181769656140306,0.310061147583867,0.999999980967849
2.03524752118358e-07,0.48763491529167,0.330658089938113,0.181706994770217,0.181706994770217,0.305927920521453,0.999999980951733
2.09238348039698e-07,0.483466183596372,0.334914437340225,0.181619379063403,0.181619379063403,0.301846804532969,0.999999980935982
2.15112343018217e-07,0.479324582260297,0.339168115509558,0.181507302230145,0.181507302230145,0.297817280030153,0.999999980920582
2.21151239972549e-07,0.475210078521866,0.343418668077176,0.181371253400958,0.181371253400958,0.293838825120907,0.999999980905524
2.27359668232772e-07,0.471122633619289,0.347665648917371,0.18121171746334,0.18121171746334,0.289910916155949,0.999999980890797
2.33742387089181e-07,0.467062203151406,0.351908621933824,0.18102917491477,0.18102917491477,0.286033028236636,0.999999980876392
2.40304289440697e-07,0.463028737417391,0.356147160851811,0.180824101730798,0.180824101730798,0.282204635686593,0.999999980862297
2.47050405545683e-07,0.459022181736673,0.360380849016204,0.180596969247123,0.180596969247123,0.278425212489551,0.999999980848505
2.53985906878073e-07,0.455042476750314,0.364609279195043,0.180348244054643,0.180348244054643,0.274694232695672,0.999999980835005
2.61116110091746e-07,0.451089558704998,0.368832053388455,0.180078387906547,0.180078387906547,0.27101117079845,0.999999980821791
2.68446481096197e-07,0.447163359720722,0.37304878264271,0.179787857636568,0.179787857636568,0.267375502084153,0.999999980808852
2.75982639246618e-07,0.443263808043201,0.377259086869213,0.179477105087586,0.179477105087586,0.263786702955614,0.999999980796183
2.83730361651621e-07,0.439390828281917,0.381462594668246,0.179146577049837,0.179146577049837,0.260244251232079,0.999999980783774
2.91695587601879e-07,0.435544341634702,0.385658943157276,0.178796715208022,0.178796715208022,0.25674762642668,0.999999980771618
2.99884423123102e-07,0.431724266099674,0.389847777803662,0.178427956096664,0.178427956096664,0.253296310003009,0.999999980759709
3.08303145656828e-07,0.427930516675284,0.394028752261593,0.178040731063123,0.178040731063123,0.249889785612161,0.999999980748039
3.16958208872612e-07,0.424163005549208,0.398201528213103,0.177635466237689,0.177635466237689,0.246527539311519,0.999999980736603
3.25856247615323e-07,0.420421642276732,0.402365775213017,0.177212582510251,0.177212582510251,0.243209059766482,0.999999980725392
3.35004082991314e-07,0.416706333949271,0.406521170537692,0.176772495513037,0.176772495513037,0.239933838436234,0.999999980714402
3.44408727597382e-07,0.413016985353598,0.410667399037405,0.176315615608997,0.176315615608997,0.236701369744601,0.999999980703627
3.54077390896527e-07,0.409353499122336,0.414804152992281,0.175842347885383,0.175842347885383,0.233511151236953,0.99999998069306
3.64017484744614e-07,0.405715775876221,0.418931131971622,0.175353092152157,0.175353092152157,0.230362683724064,0.999999980682697
3.74236629072198e-07,0.402103714358614,0.423048042696531,0.174848242944855,0.174848242944855,0.22725547141376,0.999999980672531
3.84742657725851e-07,0.398517211562717,0.427154598905723,0.17432818953156,0.17432818953156,0.224189022031157,0.999999980662558
3.9554362447347e-07,0.394956162851901,0.431250521224413,0.173793315923686,0.173793315923686,0.221162846928214,0.999999980652773
4.06647809178186e-07,0.391420462073554,0.43533553703618,0.173244000890266,0.173244000890266,0.218176461183288,0.999999980643171
4.18063724145576e-07,0.38791000166681,0.439409380357723,0.172680617975467,0.172680617975467,0.215229383691343,0.999999980633747
4.2980012064908e-07,0.384424672764501,0.443471791716402,0.172103535519097,0.172103535519097,0.212321137245404,0.999999980624497
4.41865995638594e-07,0.380964365289667,0.447522518030492,0.171513116679841,0.171513116679841,0.209451248609826,0.999999980615416
4.54270598637404e-07,0.377528968046917,0.45156131249206,0.170909719461022,0.170909719461022,0.206619248585895,0.9999999806065
4.67023438832733e-07,0.374118368808941,0.455587934452387,0.170293696738671,0.170293696738671,0.20382467207027,0.999999980597746
4.80134292365345e-07,0.370732454398423,0.459602149309856,0.169665396291722,0.169665396291722,0.201067058106701,0.999999980589149
4.93613209823792e-07,0.367371110765621,0.463603728400243,0.169025160834137,0.169025160834137,0.198345949931484,0.999999980580706
5.07470523949047e-07,0.364034223061852,0.467592448889333,0.168373328048816,0.168373328048816,0.195660895013036,0.999999980572412
5.21716857555435e-07,0.360721675709088,0.471568093667801,0.16771023062311,0.16771023062311,0.193011445085978,0.999999980564264
5.36363131673925e-07,0.357433352465898,0.475530451248287,0.167036196285816,0.167036196285816,0.190397156180082,0.999999980556259
5.5142057392403e-07,0.354169136489899,0.479479315664609,0.166351547845492,0.166351547845492,0.187817588644407,0.999999980548393
5.66900727120743e-07,0.350928910396943,0.483414486373065,0.165656603229993,0.165656603229992,0.18527230716695,0.999999980540663
5.82815458123084e-07,0.347712556317176,0.487335768155741,0.164951675527084,0.164951675527084,0.182760880790092,0.999999980533066
5.99176966931061e-07,0.344519955948157,0.491242971025806,0.164237073026038,0.164237073026038,0.180282882922119,0.999999980525599
6.15997796038017e-07,0.34135099060518,0.495135910134714,0.163513099260105,0.163513099260105,0.177837891345075,0.999999980518259
6.33290840045511e-07,0.338205541268959,0.49901440568128,0.162780053049761,0.162780053049761,0.175425488219197,0.999999980511043
6.51069355548147e-07,0.335083488630784,0.502878282822572,0.162038228546644,0.162038228546644,0.17304526008414,0.999999980503948
6.69346971295867e-07,0.331984713135322,0.506727371586582,0.161287915278096,0.161287915278096,0.170696797857226,0.999999980496972
6.88137698641567e-07,0.328909095021142,0.510561506786623,0.160529398192234,0.160529398192234,0.168379696828908,0.999999980490111
7.07455942281988e-07,0.325856514359105,0.514380527937422,0.159762957703473,0.159762957703473,0.166093556655632,0.999999980483364
7.27316511300145e-07,0.32282685108872,0.518184279172849,0.158988869738431,0.158988869738431,0.163837981350289,0.999999980476727
7.47734630517758e-07,0.319819985052573,0.521972609165258,0.158207405782169,0.158207405782169,0.161612579270404,0.999999980470199
7.68725952166374e-07,0.316835796028917,0.525745371046401,0.157418832924681,0.157418832924681,0.159416963104236,0.999999980463777
7.90306567886135e-07,0.313874163762529,0.529502422329866,0.156623413907605,0.156623413907605,0.157250749854924,0.999999980457459
8.12493021061405e-07,0.310934967993903,0.533243624835016,0.155821407171081,0.155821407171081,0.155113560822821,0.999999980451242
8.35302319502679e-07,0.30801808848688,0.536968844612388,0.155013066900732,0.155013066900732,0.153005021586148,0.999999980445125
8.58751948484518e-07,0.305123405054783,0.540677951870519,0.154198643074698,0.154198643074698,0.150924761980085,0.999999980439104
8.82859884149515e-07,0.302250797585121,0.544370820904173,0.153378381510705,0.153378381510705,0.148872416074416,0.99999998043318
9.07644607288536e-07,0.299400146062958,0.548047330023926,0.152552523913116,0.152552523913116,0.146847622149841,0.999999980427348
9.33125117507824e-07,0.296571330592982,0.551707361487084,0.151721307919934,0.151721307919934,0.144850022673049,0.999999980421608
9.59320947793823e-07,0.293764231420363,0.555350801429917,0.150884967149719,0.150884967149719,0.142879264270644,0.999999980415958
9.86252179486878e-07,0.29097872895044,0.558977539801155,0.150043731248405,0.150043731248405,0.140934997702035,0.999999980410395
1.01393945767529e-06,0.288214703767303,0.562587470296741,0.149197825935957,0.149197825935957,0.139016877831346,0.999999980404918
1.04240400702156e-06,0.285472036651322,0.566180490295801,0.148347473052877,0.148347473052877,0.137124563598446,0.999999980399525
1.07166764803286e-06,0.282750608595674,0.569756500797815,0.147492890606511,0.147492890606511,0.135257717989163,0.999999980394215
1.10175281378839e-06,0.280050300821908,0.573315406360951,0.146634292817141,0.146634292817141,0.133416008004766,0.999999980388986
1.13268256713615e-06,0.277370994794605,0.576857115041547,0.145771890163848,0.145771890163848,0.131599104630757,0.999999980383836
1.16448061837269e-06,0.274712572235174,0.580381538334716,0.14490588943011,0.14490588943011,0.129806682805064,0.999999980378764
1.19717134341897e-06,0.272074915134812,0.583888591116044,0.144036493749144,0.144036493749144,0.128038421385669,0.999999980373768
1.23077980250667e-06,0.26945790576669,0.587378191584367,0.143163902648943,0.143163902648943,0.126294003117747,0.999999980368846
1.26533175938894e-06,0.266861426697376,0.590850261205597,0.142288312097027,0.142288312097027,0.124573114600349,0.999999980363999
1.30085370109057e-06,0.264285360797555,0.594304724657582,0.141409914544863,0.141409914544863,0.122875446252692,0.999999980359223
1.3373728582125e-06,0.261729591252061,0.597741509775971,0.140528898971967,0.140528898971967,0.121200692280094,0.999999980354517
1.37491722580642e-06,0.259194001569265,0.601160547501072,0.139645450929663,0.139645450929663,0.119548550639602,0.999999980349881
1.4135155848354e-06,0.256678475589835,0.604561771825676,0.138759752584489,0.138759752584489,0.117918723005347,0.999999980345313
1.4531975242369e-06,0.254182897494921,0.607945119743832,0.137871982761247,0.137871982761247,0.116310914733675,0.999999980340811
1.49399346360526e-06,0.251707151813765,0.611310531200548,0.136982316985687,0.136982316985687,0.114724834828078,0.999999980336375
1.5359346765109e-06,0.249251123430781,0.614657949042407,0.136090927526812,0.136090927526812,0.113160195903969,0.999999980332003
1.57905331447418e-06,0.246814697592125,0.617987318969071,0.135197983438804,0.135197983438804,0.11161671415332,0.999999980327695
1.62338243161228e-06,0.244397759911774,0.621298589485662,0.134303650602564,0.134303650602564,0.11009410930921,0.999999980323448
1.66895600997803e-06,0.242000196377146,0.624591711856001,0.133408091766852,0.133408091766852,0.108592104610294,0.999999980319262
1.71580898561001e-06,0.239621893354278,0.627866640056679,0.132511466589044,0.132511466589043,0.107110426765234,0.999999980315135
1.76397727531405e-06,0.237262737592571,0.631123330731958,0.13161393167547,0.13161393167547,0.105648805917101,0.999999980311068
1.8134978041965e-06,0.234922616229155,0.634361743149476,0.130715640621369,0.130715640621369,0.104206975607786,0.999999980307057
1.86440853397049e-06,0.232601416792848,0.637581839156736,0.129816744050416,0.129816744050416,0.102784672742432,0.999999980303104
1.91674849205681e-06,0.23029902720777,0.640783583138375,0.128917389653856,0.128917389653856,0.101381637553914,0.999999980299206
1.9705578015018e-06,0.228015335796595,0.643966941974186,0.128017722229219,0.128017722229219,0.0999976135673763,0.999999980295363
2.02587771173502e-06,0.225750231283485,0.647131884997887,0.127117883718629,0.127117883718629,0.0986323475648559,0.999999980291573
2.08275063019052e-06,0.223503602796697,0.650278383956609,0.126218013246694,0.126218013246694,0.0972855895500032,0.999999980287836
2.14122015481573e-06,0.221275339870905,0.653406412971105,0.12531824715799,0.12531824715799,0.0959570927129145,0.999999980284151
2.20133110749303e-06,0.21906533244922,0.656515948496654,0.124418719054126,0.124418719054126,0.0946466133950934,0.999999980280517
2.26312956839953e-06,0.216873470884956,0.659606969284642,0.123519559830402,0.123519559830402,0.0933539110545537,0.999999980276933
2.32666291133146e-06,0.214699645943126,0.662679456344825,0.12262089771205,0.12262089771205,0.0920787482310764,0.999999980273398
2.39197984002024e-06,0.2125437488017,0.665733392908232,0.121722858290068,0.121722858290068,0.0908208905116324,0.999999980269912
2.45913042546804e-06,0.210405671052629,0.668768764390725,0.120825564556646,0.120825564556646,0.0895801064959828,0.999999980266473
2.5281661443315e-06,0.208285304702644,0.671785558357177,0.119929136940179,0.119929136940179,0.0883561677624656,0.999999980263081
2.59913991838293e-06,0.206182542173855,0.674783764486269,0.119033693339875,0.119033693339875,0.08714884883398,0.999999980259735
2.67210615507944e-06,0.204097276304142,0.677763374535891,0.118139349159967,0.118139349159967,0.0859579271441745,0.999999980256435
2.74712078927081e-06,0.202029400347362,0.680724382309126,0.117246217343512,0.117246217343512,0.0847831830038506,0.999999980253179
2.82424132607844e-06,0.199978807973382,0.683666783620822,0.116354408405796,0.116354408405796,0.0836243995675858,0.999999980249967
2.90352688497781e-06,0.197945393267932,0.686590576264721,0.115464030467347,0.115464030467347,0.0824813628005856,0.999999980246798
2.98503824511873e-06,0.195929050732315,0.68949575998114,0.114575189286545,0.114575189286545,0.0813538614457696,0.999999980243671
3.06883789191764e-06,0.193929675282952,0.692382336425195,0.113687988291853,0.113687988291853,0.0802416869910983,0.999999980240587
3.15499006495809e-06,0.191947162250793,0.695250309135559,0.112802528613649,0.112802528613649,0.079144633637144,0.999999980237543
3.24356080723581e-06,0.189981407380595,0.698099683503726,0.11191890911568,0.11191890911568,0.0780624982649151,0.99999998023454
3.33461801578637e-06,0.188032306830071,0.700930466743791,0.111037226426139,0.111037226426139,0.076995080403932,0.999999980231576
3.42823149373397e-06,0.186099757168923,0.70374266786272,0.110157574968358,0.110157574968358,0.075942182200565,0.999999980228652
3.52447300380159e-06,0.184183655377765,0.706536297631104,0.109280046991131,0.109280046991131,0.0749036083866334,0.999999980225766
3.62341632332315e-06,0.182283898846942,0.709311368554386,0.108404732598672,0.108404732598672,0.0738791662482707,0.999999980222918
3.72513730080021e-06,0.180400385375254,0.712067894844552,0.107531719780194,0.107531719780194,0.0728686655950598,0.999999980220108
3.82971391404628e-06,0.178533013168585,0.714805892392268,0.106661094439147,0.106661094439147,0.0718719187294386,0.999999980217334
3.93722632996347e-06,0.176681680838458,0.717525378739464,0.105792940422078,0.105792940422078,0.0708887404163804,0.999999980214597
4.04775696599732e-06,0.174846287400503,0.720226373052345,0.104927339547153,0.104927339547153,0.0699189478533499,0.999999980211895
4.16139055331671e-06,0.173026732272857,0.722908896094823,0.10406437163232,0.10406437163232,0.068962360640537,0.999999980209229
4.27821420176762e-06,0.171222915274503,0.725572970202363,0.103204114523134,0.103204114523134,0.0680188007513695,0.999999980206597
4.39831746665023e-06,0.169434736623542,0.728218619256222,0.102346644120236,0.102346644120236,0.0670880925033066,0.999999980203999
4.5217924173707e-06,0.167662096935412,0.730845868658089,0.101492034406499,0.101492034406499,0.0661700625289134,0.999999980201435
4.64873370802026e-06,0.16590489722106,0.733454745305098,0.100640357473842,0.100640357473842,0.065264539747218,0.999999980198904
4.7792386499356e-06,0.164163038885065,0.736045277565221,0.0997916835497144,0.0997916835497144,0.0643713553353504,0.999999980196406
4.91340728629636e-06,0.162436423723726,0.738617495253015,0.0989460810232594,0.0989460810232594,0.0634903427004661,0.999999980193939
