1e-09,0.950427264871928,0.0088822664127996,0.0406904687152729,0.0406904687152728,0.909736796156655,0.999999999172379
1.02807322383086e-09,0.950370566951245,0.00889485551877427,0.0407345775299806,0.0407345775299807,0.909635989421265,0.999999999149334
1.05693455355799e-09,0.950312169303923,0.00890782783381202,0.040780002862265,0.0407800028622649,0.909532166441658,0.999999999125652
1.0866061138546e-09,0.95025201783413,0.0089211958973263,0.0408267862685437,0.0408267862685436,0.909425231565586,0.999999999101318
1.11711065050482e-09,0.950190056544232,0.0089349727097873,0.0408749707459803,0.0408749707459803,0.909315085798252,0.999999999076313
1.14847154784029e-09,0.950126227457839,0.0089491717525576,0.0409246007896037,0.0409246007896036,0.909201626668235,0.999999999050619
1.18071284666619e-09,0.950060470539189,0.00896380700873917,0.0409757224520718,0.0409757224520718,0.909084748087117,0.999999999024217
1.21385926269063e-09,0.949992723608687,0.00897889298509206,0.0410283834062213,0.0410283834062214,0.908964340202465,0.99999999899709
1.24793620547131e-09,0.949922922254361,0.00899444473508854,0.0410826330105508,0.0410826330105507,0.90884028924381,0.999999998969216
1.28296979789415e-09,0.94985099973903,0.00901047788317122,0.0411385223777984,0.0411385223777985,0.908712477361232,0.999999998940577
1.31898689619867e-09,0.949776886902931,0.00902700865028807,0.0411961044467808,0.0411961044467809,0.90858078245615,0.999999998911151
1.35601511056563e-09,0.949700512061547,0.00904405388078238,0.0412554340576709,0.041255434057671,0.908445078003876,0.999999998880918
1.39408282628258e-09,0.949621800898374,0.00906163107072087,0.0413165680309052,0.0413165680309052,0.908305232867469,0.999999998849856
1.43321922550358e-09,0.949540676352332,0.00907975839774927,0.0413795652499189,0.041379565249919,0.908161111102413,0.999999998817943
1.47345430961984e-09,0.949457058499506,0.00909845475257043,0.0414444867479235,0.0414444867479234,0.908012571751583,0.999999998785156
1.51481892225835e-09,0.949370864428903,0.00911773977214714,0.0415113957989504,0.0415113957989504,0.907859468629952,0.999999998751473
1.55734477292614e-09,0.949282008111859,0.00913763387473867,0.0415803580134019,0.0415803580134019,0.907701650098458,0.999999998716869
1.60106446131832e-09,0.94919040026475,0.00915815829688799,0.041651441438362,0.0416514414383619,0.907538958826388,0.99999999868132
1.64601150230855e-09,0.949095948204577,0.00917933513248494,0.0417247166629377,0.0417247166629378,0.90737123154164,0.999999998644802
1.69222035164104e-09,0.948998555697043,0.00920118737403946,0.0418002569289171,0.0418002569289172,0.907198298768126,0.999999998607288
1.7397264323438e-09,0.948898122796644,0.00922373895630885,0.0418781382470476,0.0418781382470476,0.907019984549596,0.999999998568753
1.78856616188346e-09,0.948794545678308,0.00924701480243346,0.0419584395192583,0.0419584395192584,0.90683610615905,0.99999999852917
1.83877698008233e-09,0.948687716460085,0.00927104087274626,0.0420412426671687,0.0420412426671687,0.906646473792916,0.999999998488511
1.89039737781922e-09,0.948577523016318,0.00929584421643424,0.0421266327672479,0.0421266327672479,0.90645089024907,0.999999998446749
1.94346692653602e-09,0.948463848780746,0.00932145302624249,0.042214698193012,0.0422146981930119,0.906249150587733,0.999999998403855
1.99802630857255e-09,0.948346572538905,0.00934789669642607,0.0423055307646692,0.0423055307646691,0.906041041774236,0.999999998359799
2.05411734835306e-09,0.94822556820918,0.00937520588417001,0.0423992259066497,0.0423992259066498,0.905826342302531,0.999999998314553
2.11178304444824e-09,0.948100704611801,0.00940341257471454,0.0424958828134848,0.0424958828134847,0.905604821798316,0.999999998268084
2.17106760253726e-09,0.947971845225035,0.00943255015044034,0.0425956046245247,0.0425956046245247,0.90537624060051,0.999999998220363
2.23201646929523e-09,0.947838847927791,0.00946265346418794,0.0426984986080205,0.0426984986080206,0.905140349319771,0.999999998171356
2.29467636723194e-09,0.947701564727771,0.00949375891710653,0.0428046763551227,0.0428046763551226,0.904896888372648,0.999999998121031
2.35909533050864e-09,0.947559841474264,0.00952590454134979,0.0429142539843864,0.0429142539843864,0.904645587489877,0.999999998069355
2.42532274176036e-09,0.947413517554632,0.00955913008796095,0.0430273523574075,0.0430273523574074,0.904386165197224,0.999999998016294
2.49340936995188e-09,0.947262425573432,0.00959347712031583,0.0431440973062521,0.043144097306252,0.90411832826718,0.999999997961812
2.56340740929651e-09,0.947106391013097,0.00962898911352102,0.0432646198733824,0.0432646198733825,0.903841771139714,0.999999997905876
2.63537051926739e-09,0.946945231874981,0.00966571156019554,0.0433890565648235,0.0433890565648235,0.903556175310157,0.999999997848447
2.70935386573205e-09,0.946778758299543,0.00970369208309792,0.0435175496173595,0.0435175496173594,0.903261208682183,0.99999999778949
2.78541416324176e-09,0.946606772164309,0.00974298055509656,0.0436502472805946,0.0436502472805946,0.902956524883714,0.999999997728967
2.86360971850811e-09,0.946429066658216,0.00978362922702095,0.0437873041147626,0.0437873041147626,0.902641762543454,0.999999997666839
2.94400047510004e-09,0.94624542583081,0.00982569286397345,0.0439288813052169,0.0439288813052169,0.902316544525593,0.999999997603068
3.0266480593957e-09,0.946055624114683,0.0098692288907276,0.0440751469945889,0.0440751469945889,0.901980477120095,0.999999997537614
3.11161582782436e-09,0.945859425819459,0.00991429754688824,0.0442262766336531,0.0442262766336532,0.901633149185806,0.999999997470436
3.19896891543454e-09,0.945656584595463,0.00996096205254293,0.0443824533519942,0.0443824533519942,0.901274131243469,0.999999997401493
3.28877428582551e-09,0.94544684286518,0.0100092887851918,0.0445438683496285,0.0445438683496285,0.900902974515551,0.999999997330745
3.38110078248068e-09,0.945229931220405,0.010059347468806,0.0447107213107893,0.0447107213107893,0.900519209909615,0.999999997258148
3.47601918154197e-09,0.945005567782925,0.0101112113759328,0.0448832208411422,0.0448832208411423,0.900122346941783,0.999999997183659
3.57360224606578e-09,0.944773457526404,0.0101649575438375,0.0450615849297581,0.0450615849297581,0.899711872596646,0.999999997107235
3.67392478180208e-09,0.944533291557024,0.0102206670057532,0.045246041437223,0.045246041437223,0.899287250119801,0.999999997028832
3.77706369453937e-09,0.944284746350285,0.0102784250383915,0.0454368286113233,0.0454368286113234,0.898847917738962,0.999999996948406
3.88309804905961e-09,0.944027482941244,0.0103383214269614,0.0456341956317943,0.0456341956317942,0.89839328730945,0.999999996865911
3.99210912974805e-09,0.943761146065294,0.0104004507490392,0.0458384031856669,0.045838403185667,0.897922742879627,0.999999996781301
4.10418050290471e-09,0.943485363246471,0.0104649126787394,0.0460497240747895,0.0460497240747896,0.897435639171681,0.999999996694531
4.21939808080502e-09,0.943199743830119,0.0105318123127484,0.0462684438571322,0.0462684438571322,0.896931299972987,0.999999996605554
4.33785018755898e-09,0.942903877956594,0.0106012605199018,0.0464948615235043,0.0464948615235042,0.89640901643309,0.999999996514324
4.45962762681909e-09,0.942597335472561,0.0106733743161178,0.0467292902113214,0.0467292902113213,0.89586804526124,0.999999996420794
4.58482375138911e-09,0.942279664776321,0.0107482772666308,0.046972057957048,0.046972057957048,0.895307606819273,0.999999996324917
4.71353453478692e-09,0.941950391593471,0.0108260999176181,0.047223508488911,0.0472235084889109,0.89472688310456,0.999999996226645
4.8458586448165e-09,0.941609017679124,0.0109069802594601,0.0474840020614159,0.0474840020614158,0.894125015617708,0.999999996125932
4.98189751920517e-09,0.941255019442851,0.0109910642240386,0.04775391633311,0.0477539163331101,0.893501103109741,0.999999996022731
5.12175544336424e-09,0.940887846492462,0.0110785062186396,0.0480336472888981,0.048033647288898,0.892854199203564,0.999999995916995
5.26553963033276e-09,0.94050692009276,0.0111694696992024,0.0483236102080374,0.0483236102080373,0.892183309884723,0.999999995808677
5.41336030296538e-09,0.940111631535471,0.0112641277858326,0.0486242406786969,0.0486242406786969,0.891487390856774,0.999999995697733
5.56533077842764e-09,0.939701340416669,0.0113626639236762,0.0489359956596552,0.0489359956596552,0.890765344757014,0.999999995584117
5.72156755506324e-09,0.939275372818253,0.0114652725924306,0.0492593545893161,0.0492593545893161,0.890016018228937,0.999999995467783
5.88219040169997e-09,0.938833019390322,0.0115721600679484,0.0495948205417295,0.0495948205417296,0.889238198848593,0.99999999534869
6.04732244946265e-09,0.938373533331751,0.0116835452395556,0.0499429214286936,0.0499429214286936,0.888430611903057,0.999999995226794
6.21709028616383e-09,0.937896128266863,0.0117996604868664,0.0503042112462703,0.0503042112462703,0.887591917020593,0.999999995102056
6.39162405334401e-09,0.93739997601685,0.011920752620014,0.0506792713631359,0.050679271363136,0.886720704653714,0.999999994974435
6.57105754603627e-09,0.936884204265572,0.0120470838873281,0.0510687118470998,0.0510687118470998,0.885815492418472,0.999999994843894
6.75552831533164e-09,0.936347894120624,0.0121789330545645,0.0514731728248113,0.0514731728248112,0.884874721295813,0.999999994710399
6.94517777382369e-09,0.935790077572064,0.0123165965598168,0.0518933258681194,0.0518933258681193,0.883896751703944,0.999999994573917
7.14015130401339e-09,0.935209734853093,0.0124603897482004,0.0523298753987064,0.0523298753987064,0.882879859454387,0.999999994434417
7.3405983697572e-09,0.934605791709277,0.0126106481902764,0.0527835601004461,0.052783560100446,0.881822231608831,0.999999994291874
7.5466726308439e-09,0.93397711658564,0.0127677290879591,0.053255154326401,0.0532551543264009,0.880721962259239,0.999999994146264
7.75853206078784e-09,0.933322517744286,0.0129320127712921,0.0537454694844221,0.0537454694844222,0.879577048259864,0.999999993997567
7.97633906792928e-09,0.932640740329128,0.0131039042889695,0.0542553553819021,0.0542553553819021,0.878385384947226,0.999999993845769
8.20026061993413e-09,0.931930463398924,0.0132838350947654,0.0547857015063105,0.0547857015063105,0.877144761892614,0.99999999369086
8.43046837178897e-09,0.931190296955234,0.0134722648310994,0.0553374382136666,0.0553374382136665,0.875852858741567,0.999999993532834
8.66713879738922e-09,0.930418778998219,0.0136696832097432,0.0559115377920376,0.0559115377920376,0.874507241206182,0.999999993371694
8.9104533248215e-09,0.929614372650421,0.0138766119881282,0.0565090153614505,0.0565090153614505,0.873105357288971,0.999999993207446
9.16059847544369e-09,0.928775463396952,0.0140936070377761,0.0571309295652715,0.0571309295652714,0.871644533831681,0.999999993040105
9.41776600686954e-09,0.927900356499878,0.0143212604989992,0.0577783830011228,0.0577783830011229,0.870121973498755,0.999999992869694
9.6821530599671e-09,0.926987274655066,0.0145602030131218,0.0584525223318118,0.0584525223318118,0.868534752323254,0.999999992696242
9.95396230998424e-09,0.92603435597137,0.0148111060200137,0.0591545380086165,0.0591545380086165,0.866879817962753,0.99999999251979
1.02334021219164e-08,0.925039652364682,0.0150746841046141,0.0598856635307042,0.0598856635307041,0.865153988833978,0.999999992340386
1.05206867102362e-08,0.924001128473008,0.0153516973713272,0.0606471741556653,0.0606471741556653,0.863353954317342,0.99999999215809
1.08160363031071e-08,0.922916661213024,0.0156429538196172,0.0614403849673585,0.0614403849673585,0.861476276245666,0.999999991972972
1.1119677311207e-08,0.921784040113323,0.0159493116878134,0.0622666481988636,0.0622666481988635,0.859517391914459,0.999999991785114
1.14318425012915e-08,0.920600968574173,0.0162716817250441,0.0631273497007829,0.0631273497007829,0.85747361887339,0.999999991594612
1.17527711746295e-08,0.919365066217584,0.0166110293433964,0.06402390443902,0.06402390443902,0.855341161778564,0.999999991401573
1.20827093504478e-08,0.918073872503818,0.0169683765939445,0.0649577509022376,0.0649577509022375,0.85311612160158,0.999999991206118
1.24219099545262e-08,0.91672485180032,0.0173448039013582,0.0659303442983216,0.0659303442983216,0.850794507501999,0.999999991008384
1.27706330130864e-08,0.915315400094961,0.0177414514826507,0.0669431484223886,0.0669431484223887,0.848372251672572,0.999999990808522
1.31291458521247e-08,0.913842853546119,0.0181595203665908,0.0679976260872899,0.0679976260872899,0.845845227458829,0.999999990606698
1.34977233023394e-08,0.912304499055731,0.0186002729218596,0.0690952280224092,0.0690952280224093,0.843209271033322,0.999999990403094
1.38766479098131e-08,0.910697587036212,0.0190650327947424,0.0702373801690457,0.0702373801690458,0.840460206867166,0.999999990197906
1.42662101526074e-08,0.909019346516305,0.0195551841517405,0.071425469331954,0.071425469331954,0.837593877184351,0.999999989991348
1.46667086634397e-08,0.907267002692627,0.0200721701197574,0.0726608271876151,0.0726608271876151,0.834606175505012,0.999999989783648
1.50784504586105e-08,0.905437796981531,0.0206174903173802,0.0739447127010889,0.0739447127010889,0.831493084280442,0.99999998957505
1.55017511733577e-08,0.903529009558983,0.021192697376162,0.0752782930648548,0.0752782930648548,0.828250716494128,0.99999998936581
1.59369353038178e-08,0.901537984294229,0.0217993923616319,0.0766626233441395,0.0766626233441395,0.824875360950089,0.999999989156201
1.63843364557798e-08,0.899462155887049,0.0224392190207883,0.0780986250921623,0.0780986250921624,0.821363530794887,0.999999988946503
1.68442976004231e-08,0.897299078910653,0.023113856806622,0.0795870642827255,0.0795870642827254,0.817712014627927,0.999999988737011
1.73171713372335e-08,0.895046458346359,0.0238250126609494,0.081128528992692,0.081128528992692,0.813917929353667,0.999999988528025
1.78033201643011e-08,0.892702181077747,0.0245744115742203,0.0827234073480324,0.0827234073480324,0.809978773729715,0.999999988319854
1.83031167562061e-08,0.890264347697632,0.0253637859841124,0.0843718663182554,0.0843718663182553,0.805892481379377,0.999999988112809
1.88169442497056e-08,0.887731303879384,0.026194864122095,0.0860738319985208,0.0860738319985209,0.801657471880863,0.999999987907202
1.93451965374404e-08,0.885101670483607,0.0270693574665244,0.0878289720498689,0.0878289720498689,0.797272698433738,0.999999987703347
1.98882785698881e-08,0.882374371520883,0.0279889475094367,0.0896366809696799,0.0896366809696798,0.792737690551204,0.999999987501549
2.04466066657912e-08,0.879548659079203,0.0289552720887914,0.0914960688320053,0.0914960688320053,0.788052590247198,0.999999987302108
2.10206088313016e-08,0.876624134356699,0.0299699115751,0.0934059540682015,0.0934059540682015,0.783218180288497,0.999999987105313
2.16107250880838e-08,0.873600764019569,0.0310343752278812,0.0953648607525494,0.0953648607525495,0.77823590326702,0.99999998691144
2.22174078106288e-08,0.870478891230877,0.0321500880504673,0.0973710207186559,0.0973710207186559,0.773107870512221,0.999999986720749
2.28411220730383e-08,0.867259240863599,0.0333183784694442,0.0994223806669566,0.0994223806669566,0.767836860196643,0.999999986533481
2.34823460055428e-08,0.863942918612322,0.034540467146648,0.10151661424103,0.10151661424103,0.762426304371291,0.999999986349856
2.41415711610302e-08,0.860531403940135,0.0358174571976968,0.103651138862169,0.103651138862169,0.756880265077966,0.999999986170073
2.48193028918626e-08,0.857026537026483,0.0371503260433129,0.105823136930204,0.105823136930204,0.751203400096278,0.999999985994305
2.55160607372719e-08,0.853430500102634,0.0385399190611803,0.108029580836185,0.108029580836186,0.745400919266449,0.999999985822702
2.62323788216312e-08,0.849745793759667,0.0399869451406307,0.110267261099702,0.110267261099702,0.739478532659965,0.999999985655388
2.69688062639069e-08,0.845975208977087,0.041491974174369,0.112532816848544,0.112532816848544,0.733442392128543,0.999999985492461
2.77259075986048e-08,0.842121795739383,0.0430554364550948,0.114822767805522,0.114822767805522,0.727299027933861,0.999999985333996
2.85042632085343e-08,0.838188829178127,0.0446776238841799,0.117133546937693,0.117133546937694,0.721055282240433,0.999999985180043
2.93044697697214e-08,0.834179774197833,0.0463586928477427,0.119461532954424,0.119461532954424,0.71471824124341,0.999999985030627
3.01271407088116e-08,0.830098249518102,0.0480986685747264,0.121803081907171,0.121803081907171,0.708295167610931,0.999999984885754
3.09729066733141e-08,0.825947991998753,0.0498974507631156,0.124154557238131,0.124154557238131,0.701793434760622,0.999999984745409
3.18424160150466e-08,0.821732822017552,0.0517548202443201,0.126512357738127,0.126512357738127,0.695220464279425,0.999999984609558
3.27363352871525e-08,0.817456610551223,0.0536704464512534,0.128872942997524,0.128872942997524,0.688583667553699,0.99999998447815
3.36553497550709e-08,0.813123248479569,0.0556438954612784,0.131232856059153,0.131232856059153,0.681890392420416,0.99999998435112
3.46001639218511e-08,0.808736618498732,0.0576746383990813,0.133588743102187,0.133588743102187,0.675147875396545,0.999999984228392
3.55715020682138e-08,0.804300569900357,0.0597620600045809,0.135937370095062,0.135937370095062,0.668363199805295,0.999999984109877
3.65701088077749e-08,0.799818896354718,0.0619054671950756,0.138275636450206,0.138275636450206,0.661543259904512,0.999999983995476
3.75967496578547e-08,0.795295316731665,0.0641040974770589,0.140600585791276,0.140600585791276,0.654694730940389,0.999999983885086
3.86522116263126e-08,0.790733458905889,0.0663571270898424,0.142909414004269,0.142909414004269,0.64782404490162,0.999999983778595
3.97373038148561e-08,0.786136846423322,0.0686636787889827,0.145199474787695,0.145199474787695,0.640937371635627,0.999999983675887
4.08528580392857e-08,0.781508887853013,0.0710228292015544,0.147468282945432,0.147468282945432,0.634040604907581,0.999999983576845
4.19997294671531e-08,0.7768528686123,0.0734336157068893,0.14971351568081,0.14971351568081,0.62713935293149,0.999999983481348
4.31787972733202e-08,0.772171945030705,0.0758950428151423,0.151933012154153,0.151933012154153,0.620238932876552,0.999999983389275
4.43909653139217e-08,0.767469140407441,0.0784060880318383,0.154124771560721,0.154124771560721,0.61334436884672,0.999999983300504
4.56371628192476e-08,0.76274734281662,0.0809657072094401,0.15628694997394,0.15628694997394,0.606460392842679,0.999999983214916
4.6918345106078e-08,0.758009304420904,0.0835728393971362,0.15841785618196,0.15841785618196,0.599591448238943,0.99999998313239
4.82354943100147e-08,0.753257642066549,0.0862264112077602,0.160515946725691,0.160515946725691,0.592741695340858,0.99999998305281
4.95896201383721e-08,0.748494838948773,0.0889253407262978,0.16257982032493,0.16257982032493,0.585915018623843,0.999999982976062
5.09817606442043e-08,0.743723247154654,0.091668540988169,0.164608211857177,0.164608211857177,0.579115035297476,0.999999982902032
5.24129830220606e-08,0.738945090910257,0.0944549230576803,0.166599986032063,0.166599986032063,0.572345104878193,0.999999982830612
5.38843844260822e-08,0.734162470378302,0.0972833987380409,0.168554130883657,0.168554130883657,0.565608339494645,0.999999982761696
5.5397092811064e-08,0.729377365871949,0.100152882944368,0.170469751183683,0.170469751183683,0.558907614688266,0.999999982695182
5.69522677971282e-08,0.724591642368483,0.103062295770435,0.172346061861082,0.172346061861082,0.552245580507401,0.999999982630972
5.85511015586724e-08,0.719807054223703,0.106010564278702,0.174182381497596,0.174182381497596,0.545624672726107,0.999999982568969
6.01948197382727e-08,0.715025250003329,0.108996624041599,0.175978125955073,0.175978125955073,0.539047124048256,0.999999982509083
6.18846823862438e-08,0.710247777361707,0.112019420460245,0.177732802178048,0.177732802178048,0.532514975183659,0.999999982451225
6.3621984926575e-08,0.705476087910533,0.115077909884832,0.179446002204635,0.179446002204634,0.526030085705899,0.99999998239531
6.54080591499826e-08,0.7007115420312,0.118171060558959,0.181117397409841,0.181117397409841,0.51959414462136,0.999999982341258
6.72442742348425e-08,0.695955413593863,0.121297853408229,0.182746732997908,0.182746732997908,0.513208680595955,0.999999982288991
6.91320377967813e-08,0.691208894554467,0.124457282691517,0.184333822754016,0.184333822754016,0.506875071800451,0.999999982238435
7.10727969677341e-08,0.686473099407925,0.12764835653153,0.185878544060545,0.185878544060545,0.500594555347381,0.999999982189519
7.30680395052951e-08,0.68174906948151,0.130870097339534,0.187380833178956,0.187380833178956,0.494368236302554,0.999999982142175
7.51192949332097e-08,0.677037777057411,0.134121542147602,0.188840680794988,0.188840680794988,0.488197096262423,0.999999982096337
7.72281357138864e-08,0.672340129317501,0.137401742860214,0.190258127822284,0.190258127822284,0.482082001495217,0.999999982051945
7.93961784538228e-08,0.667656972106671,0.140709766435771,0.191633261457557,0.191633261457557,0.476023710649114,0.999999982008939
8.16250851428724e-08,0.66298909351379,0.14404469500732,0.19296621147889,0.19296621147889,0.4700228820349,0.999999981967263
8.39165644283016e-08,0.658337227271531,0.147405625950744,0.194257146777724,0.194257146777724,0.464080080493807,0.999999981926862
8.62723729246145e-08,0.653702055977993,0.150791671907667,0.19550627211434,0.19550627211434,0.458195783863653,0.999999981887687
8.8694316560147e-08,0.649084214144363,0.15420196076944,0.196713825086197,0.196713825086197,0.452370389058166,0.999999981849687
9.11842519614656e-08,0.644484291073872,0.15763563562783,0.197880073298297,0.197880073298297,0.446604217775575,0.999999981812815
9.374408787663e-08,0.639902833578025,0.161091854697283,0.199005311724693,0.199005311724693,0.440897521853332,0.999999981777028
9.63757866384109e-08,0.635340348536563,0.164569791213074,0.200089860250363,0.200089860250363,0.435250488286199,0.999999981742283
9.90813656685867e-08,0.630797305307986,0.168068633309084,0.20113406138293,0.20113406138293,0.429663243925056,0.999999981708539
1.01862899024469e-07,0.626274137997596,0.171587583878457,0.202138278123947,0.202138278123947,0.424135859873649,0.999999981675758
1.04722518988844e-07,0.621771247590115,0.175125860419983,0.203102891989902,0.203102891989902,0.418668355600213,0.999999981643903
1.07662417704549e-07,0.617289003953872,0.178682694872695,0.204028301173432,0.204028301173432,0.41326070278044,0.999999981612938
1.10684848854941e-07,0.612827747723473,0.182257333440796,0.204914918835731,0.204914918835731,0.407912828887742,0.99999998158283
1.13792129391531e-07,0.608387792067676,0.185849036410794,0.20576317152153,0.20576317152153,0.402624620546147,0.999999981553547
1.16986641310131e-07,0.603969424349019,0.189457077962457,0.206573497688524,0.206573497688524,0.397395926660495,0.999999981525058
1.20270833476851e-07,0.599572907681485,0.193080745974958,0.207346346343557,0.207346346343557,0.392226561337927,0.999999981497333
1.23647223505371e-07,0.595198482392257,0.196719341829431,0.208082175778312,0.208082175778312,0.387116306613945,0.999999981470346
1.27118399686903e-07,0.590846367393332,0.200372180208957,0.208781452397711,0.208781452397711,0.382064914995621,0.99999998144407
1.30687022974335e-07,0.586516761468487,0.204038588896871,0.209444649634643,0.209444649634643,0.377072111833844,0.999999981418478
1.34355829022083e-07,0.582209844480819,0.207717908574146,0.210072246945035,0.210072246945035,0.372137597535784,0.999999981393546
1.38127630283201e-07,0.577925778505806,0.211409492616511,0.210664728877682,0.210664728877682,0.367261049628124,0.999999981369252
1.42005318165368e-07,0.573664708894538,0.215112706891849,0.211222584213613,0.211222584213613,0.362442124680925,0.999999981345572
1.45991865247398e-07,0.569426765271541,0.218826929558343,0.211746305170117,0.211746305170117,0.357680460101424,0.999999981322485
1.50090327557974e-07,0.565212062471322,0.222551550863779,0.212236386664899,0.212236386664899,0.352975675806423,0.999999981299972
1.54303846918356e-07,0.561020701417547,0.226285972946328,0.212693325636125,0.212693325636125,0.348327375781422,0.999999981278012
1.58635653350859e-07,0.556852769948489,0.230029609637091,0.213117620414419,0.213117620414419,0.34373514953407,0.999999981256586
1.63089067554933e-07,0.5527083435922,0.233781886264642,0.213509770143158,0.213509770143158,0.339198573449043,0.999999981235678
1.6766750345277e-07,0.548587486294608,0.237542239461755,0.213870274243637,0.213870274243637,0.334717212050972,0.999999981215269
1.72374470806362e-07,0.544490251103558,0.24131011697448,0.214199631921962,0.214199631921962,0.330290619181596,0.999999981195343
1.77213577908036e-07,0.540416680811613,0.245084977473684,0.214498341714703,0.214498341714703,0.32591833909691,0.999999981175884
1.82188534346517e-07,0.536366808560256,0.248866290369158,0.214766901070586,0.214766901070586,0.32159990748967,0.999999981156877
1.87303153850643e-07,0.532340658407952,0.252653535626379,0.215005805965669,0.215005805965669,0.317334852442283,0.999999981138309
1.9256135721292e-07,0.528338245864377,0.256446203585966,0.215215550549656,0.215215550549656,0.313122695314721,0.999999981120163
1.97967175295133e-07,0.524359578392973,0.260243794785881,0.215396626821145,0.215396626821146,0.308962951571828,0.999999981102428
2.03524752118358e-07,0.520404655883827,0.264045819786404,0.215549524329769,0.215549524329769,0.304855131554058,0.999999981085091
2.09238348039698e-07,0.516473471098766,0.267851798997888,0.215674729903347,0.215674729903347,0.300798741195419,0.999999981068139
2.15112343018217e-07,0.512566010090413,0.271661262511301,0.215772727398285,0.215772727398285,0.296793282692128,0.99999998105156
2.21151239972549e-07,0.508682252596852,0.27547374993156,0.215843997471588,0.215843997471588,0.292838255125265,0.999999981035342
2.27359668232772e-07,0.504822172413414,0.27928881021362,0.215889017372966,0.215889017372966,0.288933155040448,0.999999981019476
2.33742387089181e-07,0.500985737743033,0.283106001501333,0.215908260755634,0.215908260755634,0.285077476987399,0.999999981003951
2.40304289440697e-07,0.497172911526497,0.286924890969021,0.215902197504482,0.215902197504482,0.281270714022014,0.999999980988755
2.47050405545683e-07,0.493383651753834,0.290745054665759,0.215871293580408,0.215871293580408,0.277512358173426,0.99999998097388
2.53985906878073e-07,0.489617911758008,0.294566077362321,0.215816010879671,0.215816010879671,0.273801900878337,0.999999980959316
2.61116110091746e-07,0.485875640492005,0.298387552400767,0.215736807107228,0.215736807107228,0.270138833384777,0.999999980945055
2.68446481096197e-07,0.482156782790323,0.302209081546621,0.215634135663056,0.215634135663056,0.266522647127268,0.999999980931086
2.75982639246618e-07,0.478461279615826,0.306030274843613,0.215508445540561,0.215508445540561,0.262952834075265,0.999999980917403
2.83730361651621e-07,0.474789068292832,0.30985075047094,0.215360181236229,0.215360181236229,0.259428887056603,0.999999980903997
2.91695587601879e-07,0.471140082727282,0.313670134603001,0.215189782669717,0.215189782669717,0.255950300057566,0.99999998089086
2.99884423123102e-07,0.467514253614755,0.317488061271579,0.214997685113665,0.214997685113665,0.25251656850109,0.999999980877984
3.08303145656828e-07,0.463911508637051,0.321304172230406,0.214784319132543,0.214784319132543,0.249127189504508,0.999999980865364
3.16958208872612e-07,0.460331772648034,0.325118116822087,0.21455011052988,0.21455011052988,0.245781662118154,0.99999998085299
3.25856247615323e-07,0.456774967849354,0.328929551847331,0.214295480303315,0.214295480303315,0.242479487546039,0.999999980840858
3.35004082991314e-07,0.453241013956658,0.332738141436456,0.214020844606886,0.214020844606886,0.239220169349772,0.999999980828959
3.44408727597382e-07,0.449729828356832,0.336543556923107,0.213726614720061,0.213726614720061,0.236003213636772,0.999999980817289
3.54077390896527e-07,0.4462413262568,0.340345476720173,0.213413197023027,0.213413197023027,0.232828129233774,0.999999980805841
3.64017484744614e-07,0.442775420824377,0.344143586197833,0.21308099297779,0.21308099297779,0.229694427846587,0.999999980794609
3.74236629072198e-07,0.439332023321619,0.34793757756371,0.212730399114671,0.212730399114671,0.226601624206948,0.999999980783587
3.84742657725851e-07,0.435911043231105,0.351727149745092,0.212361807023803,0.212361807023803,0.223549236207301,0.99999998077277
3.9554362447347e-07,0.432512388375562,0.35551200827316,0.211975603351278,0.211975603351278,0.220536785024284,0.999999980762153
4.06647809178186e-07,0.42913596503119,0.359291865169216,0.211572169799594,0.211572169799594,0.217563795231596,0.999999980751731
4.18063724145576e-07,0.425781678035061,0.363066438832846,0.211151883132093,0.211151883132093,0.214629794902969,0.999999980741498
4.2980012064908e-07,0.422449430886912,0.366835453931992,0.210715115181096,0.210715115181096,0.211734315705815,0.99999998073145
4.41865995638594e-07,0.419139125845644,0.370598641294899,0.210262232859457,0.210262232859457,0.208876892986187,0.999999980721583
4.54270598637404e-07,0.415850664020832,0.374355737803893,0.209793598175275,0.209793598175275,0.206057065845557,0.999999980711891
4.67023438832733e-07,0.412583945459502,0.37810648629096,0.209309568249537,0.209309568249537,0.203274377209965,0.999999980702371
4.80134292365345e-07,0.409338869228451,0.381850635435093,0.208810495336456,0.208810495336456,0.200528373891995,0.999999980693018
4.93613209823792e-07,0.406115333492338,0.385587939661369,0.208296726846293,0.208296726846293,0.197818606646044,0.999999980683828
5.07470523949047e-07,0.40291323558779,0.389318159041722,0.207768605370488,0.207768605370488,0.195144630217302,0.999999980674799
5.21716857555435e-07,0.399732472093725,0.39304105919739,0.207226468708885,0.207226468708885,0.192506003384841,0.999999980665924
5.36363131673925e-07,0.396572938898101,0.396756411202992,0.206670649898907,0.206670649898907,0.189902288999194,0.999999980657201
5.5142057392403e-07,0.393434531261276,0.400463991492213,0.206101477246512,0.206101477246512,0.187333054014764,0.999999980648627
5.66900727120743e-07,0.390317143876167,0.404163581765058,0.205519274358775,0.205519274358775,0.184797869517393,0.999999980640197
5.82815458123084e-07,0.387220670925372,0.407854968896661,0.204924360177967,0.204924360177967,0.182296310747406,0.999999980631909
5.99176966931061e-07,0.384145006135407,0.411537944847603,0.20431704901699,0.20431704901699,0.179827957118417,0.999999980623759
6.15997796038017e-07,0.38109004282822,0.415212306575723,0.203697650596057,0.203697650596057,0.177392392232163,0.999999980615744
6.33290840045511e-07,0.378055673970123,0.418877855949384,0.203066470080493,0.203066470080493,0.17498920388963,0.999999980607861
6.51069355548147e-07,0.375041792218257,0.42253439966219,0.202423808119552,0.202423808119552,0.172617984098705,0.999999980600107
6.69346971295867e-07,0.372048289964746,0.426181749149091,0.201769960886163,0.201769960886163,0.170278329078582,0.999999980592479
6.88137698641567e-07,0.369075059378627,0.429819720503885,0.201105220117488,0.201105220117488,0.167969839261138,0.999999980584975
7.07455942281988e-07,0.366121992445694,0.433448134398078,0.200429873156228,0.200429873156228,0.165692119289466,0.999999980577591
7.27316511300145e-07,0.363188981006349,0.437066816001073,0.199744202992578,0.199744202992578,0.163444778013771,0.999999980570325
7.47734630517758e-07,0.360275916791557,0.440675594901673,0.199048488306771,0.199048488306771,0.161227428484786,0.999999980563174
7.68725952166374e-07,0.357382691457009,0.444274305030869,0.198343003512122,0.198343003512122,0.159039687944887,0.999999980556136
7.90306567886135e-07,0.354509196615582,0.447862784585895,0.197628018798523,0.197628018798523,0.156881177817059,0.999999980549209
8.12493021061405e-07,0.351655323868166,0.45144087595553,0.196903800176304,0.196903800176304,0.154751523691862,0.99999998054239
8.35302319502679e-07,0.348820964832958,0.455008425646606,0.196170609520437,0.196170609520437,0.152650355312521,0.999999980535676
8.58751948484518e-07,0.346006011173283,0.458565284211733,0.195428704614984,0.195428704614984,0.150577306558299,0.999999980529066
8.82859884149515e-07,0.343210354624025,0.462111306178193,0.194678339197783,0.194678339197783,0.148532015426242,0.999999980522558
9.07644607288536e-07,0.340433887016722,0.465646349977994,0.193919763005283,0.193919763005283,0.146514124011439,0.999999980516148
9.33125117507824e-07,0.337676500303408,0.469170277879068,0.193153221817524,0.193153221817524,0.144523278485884,0.999999980509836
9.59320947793823e-07,0.334938086579241,0.472682955917576,0.192378957503183,0.192378957503182,0.142559129076059,0.999999980503619
9.86252179486878e-07,0.332218538103994,0.476184253831333,0.191597208064673,0.191597208064673,0.140621330039321,0.999999980497496
1.01393945767529e-06,0.32951774732245,0.479674044994294,0.190808207683256,0.190808207683256,0.138709539639194,0.999999980491464
1.04240400702156e-06,0.32683560688376,0.48315220635212,0.190012186764119,0.190012186764119,0.136823420119641,0.999999980485521
1.07166764803286e-06,0.324172009659813,0.48661861835878,0.189209371981407,0.189209371981407,0.134962637678406,0.999999980479666
1.10175281378839e-06,0.321526848762654,0.490073164914186,0.188399986323159,0.188399986323159,0.133126862439495,0.999999980473897
1.13268256713615e-06,0.318900017561015,0.49351573330284,0.187584249136145,0.187584249136145,0.131315768424869,0.999999980468213
1.16448061837269e-06,0.316291409695975,0.496946214133471,0.186762376170554,0.186762376170554,0.129529033525421,0.999999980462612
1.19717134341897e-06,0.313700919095814,0.500364501279656,0.185934579624529,0.185934579624529,0.127766339471285,0.99999998045709
1.23077980250667e-06,0.311128439990079,0.503770491821401,0.18510106818852,0.18510106818852,0.126027371801559,0.999999980451649
1.26533175938894e-06,0.308573866922907,0.507164085987666,0.184262047089427,0.184262047089427,0.12431181983348,0.999999980446286
1.30085370109057e-06,0.306037094765641,0.510545187099824,0.183417718134535,0.183417718134535,0.122619376631107,0.999999980440999
1.3373728582125e-06,0.303518018728765,0.51391370151604,0.182568279755195,0.182568279755195,0.120949738973571,0.999999980435787
1.37491722580642e-06,0.301016534373194,0.51726953857654,0.181713927050266,0.181713927050266,0.119302607322928,0.999999980430649
1.4135155848354e-06,0.298532537620942,0.520612610549779,0.180854851829279,0.180854851829279,0.117677685791662,0.999999980425583
1.4531975242369e-06,0.296065924765206,0.523942832579474,0.17999124265532,0.17999124265532,0.116074682109886,0.999999980420588
1.49399346360526e-06,0.293616592479884,0.527260122632498,0.179123284887617,0.179123284887617,0.114493307592267,0.999999980415662
1.5359346765109e-06,0.291184437828553,0.53056440144762,0.178251160723828,0.178251160723828,0.112933277104725,0.999999980410804
1.57905331447418e-06,0.288769358272931,0.533855592485071,0.177375049241999,0.177375049241999,0.111394309030932,0.999999980406014
1.62338243161228e-06,0.286371251680857,0.537133621876936,0.176495126442207,0.176495126442206,0.109876125238651,0.999999980401289
1.66895600997803e-06,0.28399001633379,0.54039841837835,0.175611565287861,0.175611565287861,0.108378451045929,0.999999980396629
1.71580898561001e-06,0.281625550933863,0.543649913319476,0.174724535746661,0.174724535746661,0.106901015187202,0.999999980392032
1.76397727531405e-06,0.279277754610511,0.54688804055828,0.173834204831209,0.173834204831209,0.105443549779303,0.999999980387497
1.8134978041965e-06,0.276946526926684,0.550112736434063,0.172940736639253,0.172940736639253,0.104005790287431,0.999999980383024
1.86440853397049e-06,0.274631767884669,0.553323939721747,0.172044292393584,0.172044292393584,0.102587475491086,0.99999998037861
1.91674849205681e-06,0.272333377931537,0.556521591586917,0.171145030481546,0.171145030481546,0.10118834744999,0.999999980374256
1.9705578015018e-06,0.270051257964227,0.559705635541584,0.170243106494189,0.170243106494189,0.0998081514700374,0.999999980369959
2.02587771173502e-06,0.267785309334294,0.562876017400674,0.169338673265032,0.169338673265032,0.0984466360692618,0.99999998036572
2.08275063019052e-06,0.265535433852321,0.566032685239227,0.168431880908453,0.168431880908453,0.0971035529438679,0.999999980361536
2.14122015481573e-06,0.263301533792016,0.569175589350295,0.167522876857689,0.167522876857689,0.0957786569343275,0.999999980357407
2.20133110749303e-06,0.261083511894015,0.572304682203531,0.166611805902454,0.166611805902454,0.0944717059915609,0.999999980353333
2.26312956839953e-06,0.258881271369386,0.57541991840445,0.165698810226165,0.165698810226165,0.0931824611432206,0.999999980349311
2.32666291133146e-06,0.256694715902865,0.578521254654359,0.164784029442776,0.164784029442776,0.0919106864600897,0.999999980345342
2.39197984002024e-06,0.254523749655828,0.581608649710953,0.163867600633219,0.163867600633219,0.0906561490226086,0.999999980341424
2.45913042546804e-06,0.252368277268999,0.584682064349544,0.162949658381457,0.162949658381457,0.0894186188875416,0.999999980337557
2.5281661443315e-06,0.25022820386493,0.587741461324938,0.162030334810133,0.162030334810133,0.088197869054797,0.999999980333739
2.59913991838293e-06,0.248103435050237,0.590786805333936,0.161109759615827,0.161109759615828,0.0869936754344094,0.99999998032997
2.67210615507944e-06,0.245993876917621,0.593818062978452,0.160188060103926,0.160188060103926,0.0858058168136949,0.999999980326249
2.74712078927081e-06,0.243899436047672,0.596835202729245,0.159265361223083,0.159265361223083,0.0846340748245895,0.999999980322575
2.82424132607844e-06,0.241820019510468,0.599838194890241,0.158341785599291,0.158341785599291,0.0834782339111774,0.999999980318948
2.90352688497781e-06,0.239755534866981,0.602827011563457,0.157417453569562,0.157417453569562,0.0823380812974192,0.999999980315366
2.98503824511873e-06,0.237705890170294,0.605801626614498,0.156492483215208,0.156492483215208,0.0812134069550865,0.99999998031183
3.06883789191764e-06,0.23567099396664,0.608762015638629,0.155566990394731,0.155566990394731,0.0801040035719092,0.999999980308337
3.15499006495809e-06,0.233650755296264,0.611708155927416,0.15464108877632,0.15464108877632,0.0790096665199432,0.999999980304888
3.24356080723581e-06,0.231645083694123,0.614640026435918,0.153714889869959,0.153714889869959,0.0779301938241636,0.999999980301482
3.33461801578637e-06,0.229653889190432,0.617557607750424,0.152788503059144,0.152788503059144,0.0768653861312881,0.999999980298118
3.42823149373397e-06,0.227677082311049,0.620460882056739,0.151862035632212,0.151862035632212,0.0758150466788374,0.999999980294795
3.52447300380159e-06,0.225714574077722,0.623349833108991,0.150935592813287,0.150935592813287,0.0747789812644347,0.999999980291513
3.62341632332315e-06,0.223766276008191,0.626224446198969,0.15000927779284,0.15000927779284,0.0737569982153505,0.999999980288272
3.72513730080021e-06,0.221832100116163,0.62908470812597,0.149083191757868,0.149083191757868,0.0727489083582948,0.99999998028507
3.82971391404628e-06,0.219911958911151,0.63193060716716,0.148157433921689,0.148157433921689,0.0717545249894618,0.999999980281907
3.93722632996347e-06,0.218005765398197,0.634762133048434,0.147232101553369,0.147232101553369,0.0707736638448277,0.999999980278782
4.04775696599732e-06,0.216113433077471,0.637579276915764,0.146307290006764,0.146307290006764,0.0698061430707068,0.999999980275695
4.16139055331671e-06,0.214234875943763,0.64038203130704,0.145383092749197,0.145383092749197,0.0688517831945667,0.999999980272645
4.27821420176762e-06,0.212370008485861,0.643170390124383,0.144459601389756,0.144459601389756,0.0679104070961047,0.999999980269632
4.39831746665023e-06,0.210518745685827,0.645944348606935,0.143536905707238,0.143536905707238,0.066981839978589,0.999999980266654
4.5217924173707e-06,0.208681003018176,0.648703903304111,0.142615093677713,0.142615093677713,0.0660659093404631,0.999999980263713
4.64873370802026e-06,0.206856696448956,0.651449052049306,0.141694251501738,0.141694251501738,0.0651624449472178,0.999999980260806
4.7792386499356e-06,0.205045742434736,0.654179793934058,0.140774463631206,0.140774463631206,0.0642712788035307,0.999999980257934
4.91340728629636e-06,0.203248057921511,0.656896129282651,0.139855812795838,0.139855812795838,0.0633922451256732,0.999999980255096
