1e-09,0.950433758188955,0.00741569929405284,0.0421505425169917,0.0421505425169918,0.908283215671964,0.999999999175022
1.02807322383086e-09,0.95037726269391,0.00742666005209769,0.0421960772539918,0.0421960772539919,0.908181185439919,0.999999999152052
1.05693455355799e-09,0.950319074374245,0.00743795520786635,0.0422429704178889,0.0422429704178889,0.908076103956356,0.999999999128449
1.0866061138546e-09,0.950259139403872,0.00744959574712107,0.0422912648490068,0.0422912648490067,0.907967874554865,0.999999999104196
1.11711065050482e-09,0.950197402067403,0.00746159306201226,0.0423410048705849,0.042341004870585,0.907856397196818,0.999999999079274
1.14847154784029e-09,0.950133804683874,0.00747395896869578,0.0423922363474298,0.0423922363474298,0.907741568336445,0.999999999053666
1.18071284666619e-09,0.950068287526872,0.00748670572585568,0.0424450067472719,0.0424450067472719,0.907623280779601,0.999999999027353
1.21385926269063e-09,0.950000788740839,0.00749984605418661,0.042499365204974,0.0424993652049739,0.907501423535865,0.999999999000315
1.24793620547131e-09,0.949931244253365,0.00751339315689351,0.0425553625897414,0.0425553625897415,0.907375881663624,0.999999998972535
1.28296979789415e-09,0.949859587683232,0.00752736074127046,0.0426130515754974,0.0426130515754973,0.907246536107735,0.999999998943992
1.31898689619867e-09,0.949785750243982,0.0075417630414244,0.0426724867145933,0.0426724867145932,0.907113263529389,0.999999998914666
1.35601511056563e-09,0.949709660642749,0.00755661484221434,0.0427337245150366,0.0427337245150367,0.906975936127712,0.999999998884535
1.39408282628258e-09,0.949631244974091,0.0075719315044812,0.0427968235214278,0.0427968235214278,0.906834421452663,0.999999998853578
1.43321922550358e-09,0.94955042660854,0.00758772899164902,0.0428618443998108,0.0428618443998108,0.906688582208729,0.999999998821773
1.47345430961984e-09,0.949467126075563,0.00760402389778354,0.0429288500266531,0.042928850026653,0.90653827604891,0.999999998789098
1.51481892225835e-09,0.949381260940615,0.00762083347720057,0.0429979055821848,0.0429979055821847,0.90638335535843,0.99999999875553
1.55734477292614e-09,0.949292745675937,0.00763817567572296,0.0430690786483404,0.0430690786483403,0.906223667027596,0.999999998721044
1.60106446131832e-09,0.949201491524746,0.00765606916369197,0.0431424393115615,0.0431424393115615,0.906059052213185,0.999999998685617
1.64601150230855e-09,0.949107406358419,0.00767453337084655,0.0432180602707341,0.0432180602707342,0.905889346087685,0.999999998649225
1.69222035164104e-09,0.949010394526256,0.00769358852319233,0.0432960169505516,0.0432960169505516,0.905714377575704,0.99999999861184
1.7397264323438e-09,0.948910356697396,0.00771325568199062,0.0433763876206129,0.0433763876206129,0.905533969076784,0.999999998573439
1.78856616188346e-09,0.94880718969441,0.00773355678500774,0.0434592535205821,0.0434592535205821,0.905347936173828,0.999999998533993
1.83877698008233e-09,0.948700786318067,0.0077545146901749,0.0435446989917584,0.0435446989917585,0.905156087326308,0.999999998493476
1.89039737781922e-09,0.948591035162754,0.00777615322182016,0.0436328116154261,0.0436328116154261,0.904958223547328,0.99999999845186
1.94346692653602e-09,0.948477820421979,0.00779849721964613,0.0437236823583749,0.043723682358375,0.904754138063604,0.999999998409117
1.99802630857255e-09,0.948361021683351,0.00782157259063972,0.0438174057260094,0.0438174057260093,0.904543615957341,0.999999998365216
2.05411734835306e-09,0.948240513712398,0.00784540636411475,0.043914079923487,0.0439140799234869,0.904326433788911,0.99999999832013
2.11178304444824e-09,0.948116166224542,0.00787002675010292,0.0440138070253551,0.0440138070253552,0.904102359199187,0.999999998273826
2.17106760253726e-09,0.94798784364449,0.00789546320132552,0.0441166931541842,0.0441166931541842,0.903871150490306,0.999999998226275
2.23201646929523e-09,0.947855404852278,0.00792174647899567,0.0442228486687261,0.0442228486687262,0.903632556183552,0.999999998177443
2.29467636723194e-09,0.947718702915123,0.00794890872272031,0.0443323883621569,0.0443323883621568,0.903386314552966,0.999999998127299
2.35909533050864e-09,0.947577584804209,0.00797698352479185,0.0444454316709994,0.0444454316709993,0.903132153133209,0.999999998075809
2.42532274176036e-09,0.947431891095462,0.00800600600918199,0.0445621028953556,0.0445621028953556,0.902869788200107,0.99999999802294
2.49340936995188e-09,0.947281455653308,0.0080360129155745,0.0446825314311179,0.0446825314311178,0.90259892422219,0.999999997968657
2.56340740929651e-09,0.947126105296335,0.0080670426888003,0.0448068520148649,0.044806852014865,0.90231925328147,0.999999997912925
2.63537051926739e-09,0.946965659443738,0.00809913557406652,0.0449352049821956,0.0449352049821955,0.902030454461542,0.999999997855707
2.70935386573205e-09,0.946799929741307,0.00813233371840254,0.0450677365402908,0.0450677365402908,0.901732193201016,0.999999997796968
2.78541416324176e-09,0.946628719665675,0.00816668127877918,0.0452045990555459,0.045204599055546,0.901424120610129,0.999999997736669
2.86360971850811e-09,0.946451824105447,0.0082022245373937,0.0453459513571588,0.0453459513571588,0.901105872748289,0.999999997674772
2.94400047510004e-09,0.946269028917736,0.00823901202465277,0.0454919590576111,0.0454919590576111,0.900777069860125,0.99999999761124
3.0266480593957e-09,0.946080110458541,0.00827709465042767,0.0456427948910317,0.0456427948910317,0.900437315567509,0.999999997546032
3.11161582782436e-09,0.945884835085315,0.00831652584420272,0.0457986390704822,0.0457986390704822,0.900086196014833,0.999999997479108
3.19896891543454e-09,0.945682958629952,0.00835736170478734,0.0459596796652607,0.0459596796652606,0.899723278964691,0.999999997410428
3.28877428582551e-09,0.945474225840309,0.0083996611603164,0.0461261129993748,0.0461261129993747,0.899348112840934,0.99999999733995
3.38110078248068e-09,0.945258369788288,0.00844348613932182,0.0462981440723903,0.0462981440723903,0.898960225715898,0.999999997267633
3.47601918154197e-09,0.945035111242361,0.00848890175372167,0.0464759870039178,0.0464759870039179,0.898559124238443,0.999999997193433
3.57360224606578e-09,0.944804158002302,0.00853597649464103,0.0466598655030567,0.0466598655030567,0.898144292499246,0.999999997117307
3.67392478180208e-09,0.94456520419378,0.00858478244205266,0.0468500133641673,0.0468500133641674,0.897715190829613,0.999999997039211
3.77706369453937e-09,0.944317929520298,0.0086353954893049,0.0470466749903967,0.0470466749903966,0.897271254529902,0.999999996959102
3.88309804905961e-09,0.944061998469882,0.00868789558368988,0.0472501059464283,0.0472501059464283,0.896811892523454,0.999999996876935
3.99210912974805e-09,0.943797059473731,0.00874236698429709,0.047460573541972,0.047460573541972,0.896336485931759,0.999999996792663
4.10418050290471e-09,0.943522744013959,0.00879889853849639,0.0476783574475449,0.047678357447545,0.895844386566414,0.999999996706243
4.21939808080502e-09,0.94323866567738,0.00885758397850078,0.0479037503441196,0.0479037503441196,0.89533491533326,0.999999996617627
4.33785018755898e-09,0.942944419152194,0.00891852223957268,0.0481370586082339,0.0481370586082338,0.89480736054396,0.999999996526769
4.45962762681909e-09,0.942639579164286,0.00898181780155931,0.0483786030341548,0.0483786030341549,0.894260976130131,0.999999996433624
4.58482375138911e-09,0.942323699349758,0.00904758105557147,0.0486287195946703,0.0486287195946703,0.893694979755088,0.999999996338144
4.71353453478692e-09,0.9419963110602,0.00911592869775792,0.0488877602420422,0.0488877602420422,0.893108550818158,0.999999996240283
4.8458586448165e-09,0.941656922097144,0.00918698415227262,0.0491560937505837,0.0491560937505837,0.89250082834656,0.999999996139994
4.98189751920517e-09,0.941305015372096,0.00926087802568488,0.0494341066022188,0.0494341066022189,0.891870908769877,0.999999996037231
5.12175544336424e-09,0.94094004748852,0.00933774859524323,0.0497222039162372,0.0497222039162372,0.891217843572282,0.999999995931947
5.26553963033276e-09,0.94056144724217,0.00941774233357021,0.0500208104242596,0.0500208104242597,0.890540636817911,0.999999995824097
5.41336030296538e-09,0.940168614036287,0.00950101447253801,0.0503303714911745,0.0503303714911745,0.889838242545113,0.999999995713636
5.56533077842764e-09,0.939760916208274,0.00958772960925105,0.050651354182475,0.050651354182475,0.889109562025799,0.999999995600518
5.72156755506324e-09,0.939337689264744,0.00967806235723989,0.0509842483780166,0.0509842483780165,0.888353440886727,0.9999999954847
5.88219040169997e-09,0.938898234022154,0.00977219804614856,0.0513295679316977,0.0513295679316976,0.887568666090456,0.999999995366139
6.04732244946265e-09,0.938441814650694,0.00987033347337023,0.0516878518759358,0.0516878518759358,0.886753962774758,0.999999995244794
6.21709028616383e-09,0.937967656619707,0.00997267771125115,0.052059665669042,0.052059665669042,0.885907990950665,0.999999995120623
6.39162405334401e-09,0.937474944543706,0.0100794529736318,0.0524456024826626,0.0524456024826626,0.885029342061043,0.999999994993588
6.57105754603627e-09,0.936962819929037,0.0101908955456228,0.0528462845253405,0.0528462845253405,0.884116535403696,0.999999994863654
6.75552831533164e-09,0.936430378822479,0.0103072567806111,0.0532623643969098,0.0532623643969099,0.883168014425569,0.999999994730784
6.94517777382369e-09,0.935876669364596,0.0104288041685467,0.0536945264668576,0.0536945264668576,0.882182142897738,0.999999994594948
7.14015130401339e-09,0.935300689252525,0.0105558224795632,0.054143488267912,0.054143488267912,0.881157200984613,0.999999994456115
7.3405983697572e-09,0.934701383119157,0.0106886149869155,0.0546100018939279,0.054610001893928,0.880091381225229,0.99999999431426
7.5466726308439e-09,0.934077639838359,0.0108275047730594,0.055094855388582,0.0550948553885821,0.878982784449777,0.99999999416936
7.75853206078784e-09,0.933428289769151,0.0109728361224257,0.0555988741084231,0.0555988741084231,0.877829415660728,0.999999994021396
7.97633906792928e-09,0.932752101955563,0.0111249760040335,0.0561229220404035,0.0561229220404035,0.876629179915159,0.999999993870353
8.20026061993413e-09,0.932047781303397,0.0112843156465017,0.0566679030501008,0.0566679030501008,0.875379878253297,0.999999993716223
8.43046837178897e-09,0.931313965760385,0.011451272207236,0.0572347620323788,0.0572347620323788,0.874079203728006,0.999999993559
8.66713879738922e-09,0.930549223532267,0.0116262905365289,0.0578244859312041,0.0578244859312042,0.872724737601063,0.999999993398687
8.9104533248215e-09,0.929752050374324,0.0118098450359826,0.0584381045896932,0.0584381045896932,0.871313945784631,0.999999993235291
9.16059847544369e-09,0.928920867005798,0.0120024416089908,0.059076691385211,0.0590766913852109,0.869844175620587,0.999999993068826
9.41776600686954e-09,0.928054016703591,0.0122046196989362,0.0597413635974723,0.0597413635974724,0.868312653106119,0.999999992899317
9.6821530599671e-09,0.927149763141613,0.0124169544082237,0.0604332824501635,0.0604332824501634,0.866716480691449,0.999999992726791
9.95396230998424e-09,0.926206288553134,0.0126400586882061,0.0611536527586602,0.0611536527586602,0.865052635794473,0.99999999255129
1.02334021219164e-08,0.925221692305477,0.0128745855864135,0.0619037221081091,0.0619037221081091,0.863317970197368,0.999999992372862
1.05206867102362e-08,0.924193989989148,0.0131212305332087,0.0626847794776429,0.0626847794776428,0.861509210511506,0.999999992191566
1.08160363031071e-08,0.923121113136902,0.0133807336450137,0.0634981532180844,0.0634981532180845,0.859622959918817,0.999999992007472
1.1119677311207e-08,0.922000909701935,0.0136538820155549,0.0643452082825104,0.0643452082825104,0.857655701419424,0.999999991820662
1.14318425012915e-08,0.920831145437882,0.0139415119601431,0.065227342601975,0.0652273426019749,0.855603802835907,0.99999999163123
1.17527711746295e-08,0.919609506336018,0.0142445111708777,0.0661459824931046,0.0661459824931045,0.853463523842913,0.999999991439282
1.20827093504478e-08,0.918333602286198,0.0145638207328967,0.0671025769809051,0.067102576980905,0.851231025305293,0.999999991244938
1.24219099545262e-08,0.917000972136649,0.0149004369435354,0.0680985909198153,0.0680985909198154,0.848902381216834,0.999999991048334
1.27706330130864e-08,0.91560909033252,0.0152554128676976,0.069135496799782,0.0691354967997819,0.846473593532738,0.999999990849617
1.31291458521247e-08,0.914155375312796,0.0156298595541887,0.0702147651330149,0.0702147651330149,0.843940610179781,0.999999990648953
1.34977233023394e-08,0.912637199838152,0.0160249468296011,0.0713378533322475,0.0713378533322474,0.841299346505904,0.999999990446519
1.38766479098131e-08,0.911051903406971,0.0164419035790801,0.0725061930139493,0.0725061930139493,0.838545710393021,0.999999990242511
1.42662101526074e-08,0.90939680689137,0.0168820174175667,0.0737211756910628,0.0737211756910627,0.835675631200308,0.999999990037139
1.46667086634397e-08,0.907669229488074,0.0173466336516119,0.0749841368603137,0.0749841368603138,0.832685092627761,0.999999989830626
1.50784504586105e-08,0.905866508029119,0.0178371534314141,0.0762963385394668,0.0762963385394668,0.829570169489652,0.999999989623212
1.55017511733577e-08,0.903986018633829,0.0183550309961854,0.0776589503699857,0.0776589503699857,0.826327068263843,0.99999998941515
1.59369353038178e-08,0.902025200606208,0.0189017699241421,0.0790730294696496,0.0790730294696496,0.822952171136559,0.999999989206706
1.63843364557798e-08,0.899981582391817,0.0194789183121035,0.0805394992960792,0.0805394992960793,0.819442083095738,0.999999988998159
1.68442976004231e-08,0.897852809307464,0.0200880628294038,0.0820591278631322,0.0820591278631322,0.815793681444332,0.999999988789794
1.73171713372335e-08,0.8956366726492,0.0207308216168761,0.0836325057339237,0.0836325057339238,0.812004166915276,0.99999998858191
1.78033201643011e-08,0.893331139674178,0.0214088360338822,0.0852600242919402,0.0852600242919401,0.808071115382237,0.999999988374807
1.83031167562061e-08,0.890934383846298,0.0221237612941088,0.0869418548595932,0.0869418548595932,0.803992528986705,0.999999988168792
1.88169442497056e-08,0.88844481464179,0.0228772560729047,0.088677929285305,0.088677929285305,0.799766885356485,0.999999987964173
1.93451965374404e-08,0.885861106137024,0.0236709712134754,0.0904679226495004,0.0904679226495004,0.795393183487524,0.999999987761255
1.98882785698881e-08,0.883182223555131,0.0245065377039202,0.0923112387409491,0.092311238740949,0.790870984814182,0.999999987560341
2.04466066657912e-08,0.880407446937547,0.0253855541391114,0.0942069989233415,0.0942069989233414,0.786200448014206,0.999999987361724
2.10206088313016e-08,0.877536391136855,0.0263095739177649,0.0961540349453804,0.0961540349453804,0.781382356191474,0.999999987165691
2.16107250880838e-08,0.874569021401,0.027280092452779,0.0981508861462213,0.0981508861462213,0.776418135254778,0.999999986972512
2.22174078106288e-08,0.871505663935572,0.0282985346894372,0.10019580137499,0.10019580137499,0.771309862560582,0.999999986782444
2.28411220730383e-08,0.868347010986049,0.0293662432294185,0.102286745784533,0.102286745784532,0.766060265201516,0.999999986595726
2.34823460055428e-08,0.865094120167902,0.0304844673477501,0.104421412484348,0.104421412484348,0.760672707683554,0.999999986412575
2.41415711610302e-08,0.861748407978354,0.0316543531649328,0.106597238856714,0.106597238856714,0.75515116912164,0.999999986233189
2.48193028918626e-08,0.858311637636269,0.0328769351987057,0.108811427165026,0.108811427165026,0.749500210471243,0.999999986057742
2.55160607372719e-08,0.854785901602414,0.0341531294715812,0.111060968926004,0.111060968926004,0.74372493267641,0.999999985886384
2.62323788216312e-08,0.851173599317748,0.0354837282944922,0.11334267238776,0.11334267238776,0.737830926929989,0.999999985719238
2.69688062639069e-08,0.847477410851188,0.0368693967872962,0.115653192361516,0.115653192361516,0.731824218489671,0.999999985556406
2.77259075986048e-08,0.843700267262005,0.0383106711372809,0.117989061600714,0.117989061600714,0.725711205661292,0.999999985397963
2.85042632085343e-08,0.839845318550842,0.0398079585407761,0.120346722908382,0.120346722908382,0.71949859564246,0.999999985243963
2.93044697697214e-08,0.83591590009638,0.0413615387235442,0.122722561180076,0.122722561180076,0.713193338916304,0.999999985094436
3.01271407088116e-08,0.831915498454658,0.0429715668950495,0.125112934650293,0.125112934650293,0.706802563804365,0.999999984949389
3.09729066733141e-08,0.827847717340408,0.0446380779613773,0.127514204698215,0.127514204698215,0.700333512642193,0.99999998480881
3.18424160150466e-08,0.823716244522382,0.0463609918019516,0.129922763675666,0.129922763675666,0.693793480846716,0.999999984672672
3.27363352871525e-08,0.819524820256154,0.0481401194059464,0.1323350603379,0.1323350603379,0.687189759918254,0.999999984540928
3.36553497550709e-08,0.815277207757307,0.0499751696644177,0.134747622578275,0.134747622578275,0.680529585179032,0.999999984413517
3.46001639218511e-08,0.810977166093597,0.0518657566222192,0.137157077284184,0.137157077284184,0.673820088809413,0.999999984290366
3.55715020682138e-08,0.806628425753688,0.0538114070080332,0.139560167238279,0.139560167238279,0.66706825851541,0.999999984171391
3.65701088077749e-08,0.802234667038064,0.0558115678795259,0.14195376508241,0.14195376508241,0.660280901955655,0.999999984056498
3.75967496578547e-08,0.797799501318645,0.0578656142420484,0.144334884439307,0.144334884439307,0.653464616879337,0.999999983945586
3.86522116263126e-08,0.793326455129797,0.0599728565219269,0.146700688348276,0.146700688348276,0.646625766781521,0.999999983838548
3.97373038148561e-08,0.788818956985873,0.0621325477979469,0.149048495216181,0.149048495216181,0.639770461769692,0.999999983735273
4.08528580392857e-08,0.784280326768774,0.0643438907161778,0.151375782515048,0.151375782515048,0.632904544253726,0.999999983635646
4.19997294671531e-08,0.77971376749246,0.0666060440330942,0.153680188474445,0.153680188474445,0.626033579018015,0.999999983539548
4.31787972733202e-08,0.775122359228014,0.0689181287495842,0.155959512022402,0.155959512022402,0.619162847205612,0.999999983446863
4.43909653139217e-08,0.770509054961001,0.0712792338136761,0.158211711225323,0.158211711225323,0.612297343735677,0.99999998335747
4.56371628192476e-08,0.765876678150333,0.073688421382608,0.160434900467059,0.160434900467059,0.605441777683274,0.999999983271253
4.6918345106078e-08,0.761227921762646,0.0761447316452824,0.162627346592072,0.162627346592072,0.598600575170574,0.999999983188094
4.82354943100147e-08,0.756565348566484,0.0786471872143725,0.164787464219144,0.164787464219144,0.59177788434734,0.999999983107879
4.95896201383721e-08,0.751891392484736,0.0811947971035888,0.166913810411675,0.166913810411675,0.584977582073061,0.999999983030493
5.09817606442043e-08,0.747208360820317,0.0837865603101464,0.169005078869536,0.169005078869536,0.578203281950781,0.999999982955827
5.24129830220606e-08,0.74251843718799,0.0864214690255283,0.171060093786481,0.171060093786481,0.571458343401509,0.999999982883773
5.38843844260822e-08,0.737823685003493,0.0890985114995087,0.173077803496998,0.173077803496998,0.564745881506495,0.999999982814227
5.5397092811064e-08,0.733126051399162,0.0918166745832632,0.175057274017574,0.175057274017574,0.558068777381588,0.999999982747087
5.69522677971282e-08,0.728427371452479,0.0945749459775223,0.176997682569999,0.176997682569999,0.551429688882479,0.999999982682256
5.85511015586724e-08,0.723729372630096,0.0973723162112407,0.178898311158663,0.178898311158663,0.544831061471432,0.999999982619639
6.01948197382727e-08,0.719033679364768,0.10020778037536,0.180758540259872,0.180758540259871,0.538275139104896,0.999999982559145
6.18846823862438e-08,0.714341817695993,0.103080339635041,0.182577842668966,0.182577842668966,0.531763975027027,0.999999982500687
6.3621984926575e-08,0.709655219917198,0.105989002542328,0.184355777540474,0.184355777540474,0.525299442376724,0.999999982444181
6.54080591499826e-08,0.704975229182853,0.108932786169719,0.186091984647427,0.186091984647427,0.518883244535426,0.999999982389546
6.72442742348425e-08,0.700303104038136,0.111910717083532,0.187786178878332,0.187786178878332,0.512516925159804,0.999999982336705
6.91320377967813e-08,0.695640022841749,0.114921832174392,0.189438144983859,0.189438144983859,0.50620187785789,0.999999982285583
7.10727969677341e-08,0.690987088059312,0.11796517936067,0.191047732580018,0.191047732580018,0.499939355479294,0.999999982236111
7.30680395052951e-08,0.686345330410557,0.121039818179192,0.192614851410251,0.192614851410251,0.493730479000306,0.99999998218822
7.51192949332097e-08,0.681715712858405,0.124144820276191,0.194139466865404,0.194139466865404,0.487576245993002,0.999999982141845
7.72281357138864e-08,0.677099134432072,0.12727926981016,0.195621595757768,0.195621595757768,0.481477538674304,0.999999982096926
7.93961784538228e-08,0.672496433879679,0.130442263777067,0.197061302343254,0.197061302343254,0.475435131536425,0.999999982053402
8.16250851428724e-08,0.667908393148592,0.133632912267273,0.198458694584135,0.198458694584135,0.469449698564457,0.999999982011217
8.39165644283016e-08,0.663335740693879,0.136850338662528,0.199813920643593,0.199813920643593,0.463521820050287,0.999999981970318
8.62723729246145e-08,0.658779154617055,0.140093679780444,0.201127165602501,0.201127165602501,0.457651989014554,0.999999981930653
8.8694316560147e-08,0.654239265638615,0.14336208597306,0.202398648388324,0.202398648388324,0.451840617250291,0.999999981892173
9.11842519614656e-08,0.64971665990894,0.146654721185349,0.203628618905711,0.203628618905711,0.446088041003229,0.999999981854832
9.374408787663e-08,0.645211881662883,0.149970762978843,0.204817355358274,0.204817355358274,0.44039452630461,0.999999981818584
9.63757866384109e-08,0.640725435723954,0.153309402524966,0.20596516175108,0.20596516175108,0.434760273972873,0.999999981783386
9.90813656685867e-08,0.63625778986434,0.156669844572112,0.207072365563549,0.207072365563549,0.429185424300791,0.9999999817492
1.01862899024469e-07,0.631809377027269,0.160051307390036,0.208139315582694,0.208139315582694,0.423670061444575,0.999999981715984
1.04722518988844e-07,0.627380597418282,0.163453022694716,0.209166379887002,0.209166379887002,0.41821421753128,0.999999981683704
1.07662417704549e-07,0.622971820472015,0.166874235556427,0.210153943971557,0.210153943971557,0.412817876500458,0.999999981652322
1.10684848854941e-07,0.618583386701021,0.170314204293493,0.211102409005486,0.211102409005486,0.407480977695535,0.999999981621805
1.13792129391531e-07,0.614215609433012,0.173772200353823,0.212012190213165,0.212012190213165,0.402203419219847,0.999999981592121
1.16986641310131e-07,0.609868776442758,0.17724750818614,0.212883715371102,0.212883715371102,0.396985061071657,0.99999998156324
1.20270833476851e-07,0.605543151484656,0.180739425102519,0.213717423412825,0.213717423412825,0.39182572807183,0.999999981535131
1.23647223505371e-07,0.601238975731744,0.184247261133707,0.214513763134548,0.214513763134548,0.386725212597196,0.999999981507768
1.27118399686903e-07,0.596956469126734,0.187770338878467,0.215273191994799,0.215273191994799,0.381683277131935,0.999999981481122
1.30687022974335e-07,0.592695831650316,0.19130799334806,0.215996175001623,0.215996175001623,0.376699656648693,0.999999981455168
1.34355829022083e-07,0.588457244511794,0.194859571806842,0.216683183681364,0.216683183681364,0.371774060830431,0.999999981429881
1.38127630283201e-07,0.584240871266809,0.198424433609799,0.217334695123392,0.217334695123392,0.366906176143417,0.999999981405239
1.42005318165368e-07,0.580046858866673,0.202001950037775,0.217951191095552,0.217951191095552,0.36209566777112,0.999999981381218
1.45991865247398e-07,0.57587533864357,0.20559150413103,0.2185331572254,0.2185331572254,0.357342181418171,0.999999981357797
1.50090327557974e-07,0.57172642723566,0.20919249052168,0.21908108224266,0.21908108224266,0.352645344993,0.999999981334956
1.54303846918356e-07,0.567600227455847,0.212804315265509,0.219595457278644,0.219595457278644,0.348004770177204,0.999999981312675
1.58635653350859e-07,0.563496829107794,0.216426395673581,0.220076775218625,0.220076775218625,0.343420053889169,0.999999981290934
1.63089067554933e-07,0.559416309752507,0.220058160143995,0.220525530103498,0.220525530103498,0.338890779649009,0.999999981269716
1.6766750345277e-07,0.555358735428636,0.223699047994125,0.220942216577239,0.220942216577239,0.334416518851397,0.999999981249004
1.72374470806362e-07,0.55132416132942,0.227348509293591,0.22132732937699,0.22132732937699,0.32999683195243,0.999999981228781
1.77213577908036e-07,0.547312632439038,0.231006004698208,0.221681362862754,0.221681362862754,0.325631269576285,0.99999998120903
1.82188534346517e-07,0.543324184130941,0.234671005285109,0.222004810583949,0.222004810583949,0.321319373546992,0.999999981189737
1.87303153850643e-07,0.539358842730566,0.238342992389211,0.222298164880223,0.222298164880223,0.317060677850343,0.999999981170887
1.9256135721292e-07,0.535416626044704,0.242021457441158,0.222561916514138,0.222561916514138,0.312854709530566,0.999999981152466
1.97967175295133e-07,0.531497543859621,0.245705901806885,0.222796554333494,0.222796554333494,0.308700989526126,0.99999998113446
2.03524752118358e-07,0.5276015984099,0.249395836628881,0.223002564961219,0.223002564961219,0.304599033448681,0.999999981116857
2.09238348039698e-07,0.523728784819862,0.253090782669243,0.223180432510895,0.223180432510895,0.300548352308967,0.999999981099644
2.15112343018217e-07,0.519879091519263,0.256790270154598,0.223330638326139,0.223330638326139,0.296548453193125,0.999999981082808
2.21151239972549e-07,0.516052500634906,0.260493838622934,0.223453660742161,0.223453660742161,0.292598839892745,0.99999998106634
2.27359668232772e-07,0.51224898835964,0.264201036772394,0.223549974867966,0.223549974867966,0.288699013491674,0.999999981050226
2.33742387089181e-07,0.508468525300181,0.267911422312067,0.223620052387752,0.223620052387752,0.284848472912429,0.999999981034458
2.40304289440697e-07,0.504711076805039,0.271624561814789,0.223664361380172,0.223664361380172,0.281046715424867,0.999999981019024
2.47050405545683e-07,0.500976603273799,0.275340030571989,0.223683366154212,0.223683366154212,0.277293237119587,0.999999981003914
2.53985906878073e-07,0.497265060448888,0.279057412450579,0.223677527100534,0.223677527100534,0.273587533348354,0.99999998098912
2.61116110091746e-07,0.493576399690906,0.282776299751891,0.223647300557204,0.223647300557204,0.269929099133702,0.999999980974631
2.68446481096197e-07,0.48991056823852,0.286496293072675,0.223593138688805,0.223593138688805,0.266317429549715,0.999999980960441
2.75982639246618e-07,0.486267509453855,0.290217001168137,0.223515489378008,0.223515489378008,0.262752020075848,0.999999980946538
2.83730361651621e-07,0.482647163054262,0.293938040817016,0.223414796128722,0.223414796128722,0.25923236692554,0.999999980932917
2.91695587601879e-07,0.47904946533127,0.297659036688693,0.223291497980037,0.223291497980037,0.255757967351233,0.999999980919568
2.99884423123102e-07,0.475474349357503,0.301379621212316,0.223146029430181,0.223146029430181,0.252328319927322,0.999999980906484
3.08303145656828e-07,0.471921745182268,0.305099434447911,0.22297882036982,0.222978820369821,0.248942924812448,0.999999980893659
3.16958208872612e-07,0.468391580016484,0.308818123959488,0.222790296024028,0.222790296024028,0.245601283992456,0.999999980881084
3.25856247615323e-07,0.46488377840758,0.312535344690095,0.222580876902326,0.222580876902325,0.242302901505254,0.999999980868753
3.35004082991314e-07,0.461398262404957,0.316250758838813,0.22235097875623,0.222350978756231,0.239047283648726,0.99999998085666
3.44408727597382e-07,0.457934951716551,0.319964035739672,0.222101012543777,0.222101012543777,0.235833939172774,0.999999980844797
3.54077390896527e-07,0.454493763857026,0.323674851742451,0.221831384400523,0.221831384400523,0.232662379456504,0.99999998083316
3.64017484744614e-07,0.451074614288064,0.327382890095354,0.221542495616582,0.221542495616582,0.229532118671483,0.999999980821741
3.74236629072198e-07,0.447677416551222,0.331087840829523,0.221234742619255,0.221234742619255,0.226442673931966,0.999999980810536
3.84742657725851e-07,0.444302082393766,0.334789400645374,0.22090851696086,0.22090851696086,0.223393565432906,0.999999980799539
3.9554362447347e-07,0.44094852188789,0.338487272800726,0.220564205311383,0.220564205311383,0.220384316576507,0.999999980788744
4.06647809178186e-07,0.43761664354369,0.342181167000693,0.220202189455617,0.220202189455617,0.217414454088073,0.999999980778146
4.18063724145576e-07,0.434306354416234,0.345870799289321,0.219822846294445,0.219822846294445,0.214483508121789,0.999999980767741
4.2980012064908e-07,0.431017560207078,0.349555891942941,0.219426547849981,0.219426547849981,0.211591012357097,0.999999980757523
4.41865995638594e-07,0.427750165360517,0.353236173365209,0.219013661274274,0.219013661274274,0.208736504086243,0.999999980747489
4.54270598637404e-07,0.424504073154871,0.356911377983814,0.218584548861316,0.218584548861316,0.205919524293555,0.999999980737632
4.67023438832733e-07,0.421279185789077,0.360581246148815,0.218139568062108,0.218139568062108,0.203139617726968,0.999999980727949
4.80134292365345e-07,0.418075404464842,0.364245524032606,0.217679071502551,0.217679071502551,0.200396332962291,0.999999980718436
4.93613209823792e-07,0.414892629464603,0.367903963531454,0.217203407003943,0.217203407003943,0.197689222460659,0.999999980709088
5.07470523949047e-07,0.411730760225507,0.371556322168605,0.216712917605888,0.216712917605888,0.195017842619618,0.999999980699902
5.21716857555435e-07,0.408589695409647,0.37520236299893,0.216207941591423,0.216207941591423,0.192381753818223,0.999999980690874
5.36363131673925e-07,0.405469332970733,0.378841854515079,0.215688812514188,0.215688812514188,0.189780520456545,0.999999980681999
5.5142057392403e-07,0.402369570217396,0.382474570555131,0.215155859227473,0.215155859227473,0.187213710989923,0.999999980673275
5.66900727120743e-07,0.399290303873309,0.386100290211699,0.214609405914992,0.214609405914992,0.184680897958317,0.999999980664698
5.82815458123084e-07,0.396231430134279,0.389718797742484,0.214049772123237,0.214049772123237,0.182181658011042,0.999999980656264
5.99176966931061e-07,0.393192844722481,0.393329882482245,0.213477272795274,0.213477272795274,0.179715571927208,0.99999998064797
6.15997796038017e-07,0.390174442937975,0.396933338756165,0.21289221830586,0.21289221830586,0.177282224632115,0.999999980639813
6.33290840045511e-07,0.387176119707649,0.400528965794589,0.212294914497763,0.212294914497763,0.174881205209886,0.99999998063179
6.51069355548147e-07,0.38419776963172,0.404116567649109,0.211685662719171,0.211685662719171,0.172512106912549,0.999999980623898
6.69346971295867e-07,0.381239287027925,0.407695953109985,0.21106475986209,0.21106475986209,0.170174527165835,0.999999980616134
6.88137698641567e-07,0.3783005659735,0.411266935624869,0.210432498401631,0.210432498401631,0.16786806757187,0.999999980608494
7.07455942281988e-07,0.375381500345088,0.414829333218814,0.209789166436098,0.209789166436098,0.16559233390899,0.999999980600977
7.27316511300145e-07,0.372481983856652,0.41838296841555,0.209135047727798,0.209135047727798,0.163346936128854,0.99999998059358
7.47734630517758e-07,0.369601910095516,0.421927668160006,0.208470421744478,0.208470421744478,0.161131488351037,0.999999980586299
7.68725952166374e-07,0.366741172556608,0.425463263742057,0.207795563701336,0.207795563701336,0.158945608855272,0.999999980579133
7.90306567886135e-07,0.363899664675014,0.42898959072147,0.207110744603516,0.207110744603517,0.156788920071497,0.999999980572079
8.12493021061405e-07,0.361077279856908,0.432506488854047,0.206416231289045,0.206416231289045,0.154661048567864,0.999999980565135
8.35302319502679e-07,0.358273911508952,0.436013802018925,0.205712286472123,0.205712286472123,0.15256162503683,0.999999980558297
8.58751948484518e-07,0.355489453066231,0.439511378147027,0.204999168786742,0.204999168786742,0.150490284279489,0.999999980551565
8.82859884149515e-07,0.3527237980188,0.442999069150645,0.204277132830555,0.204277132830555,0.148446665188245,0.999999980544935
9.07644607288536e-07,0.349976839936911,0.446476730854134,0.203546429208955,0.203546429208955,0.146430410727956,0.999999980538407
9.33125117507824e-07,0.347248472494979,0.449944222925697,0.202807304579324,0.202807304579324,0.144441167915655,0.999999980531977
9.59320947793823e-07,0.344538589494351,0.453401408810247,0.202060001695402,0.202060001695402,0.142478587798949,0.999999980525643
9.86252179486878e-07,0.341847084884936,0.456848155663334,0.201304759451731,0.201304759451731,0.140542325433205,0.999999980519404
1.01393945767529e-06,0.339173852785745,0.460284334286105,0.20054181292815,0.20054181292815,0.138632039857596,0.999999980513257
1.04240400702156e-06,0.336518787504402,0.463709819061302,0.199771393434296,0.199771393434296,0.136747394070107,0.999999980507202
1.07166764803286e-06,0.333881783555664,0.467124487890256,0.19899372855408,0.19899372855408,0.134888055001583,0.999999980501235
1.10175281378839e-06,0.331262735679002,0.470528222130887,0.198209042190112,0.198209042190112,0.13305369348889,0.999999980495355
1.13268256713615e-06,0.32866153885529,0.473920906536676,0.197417554608035,0.197417554608035,0.131243984247255,0.999999980489562
1.16448061837269e-06,0.326078088322638,0.4773024291966,0.196619482480762,0.196619482480762,0.129458605841877,0.999999980483852
1.19717134341897e-06,0.323512279591411,0.48067268147602,0.19581503893257,0.195815038932569,0.127697240658841,0.999999980478223
1.23077980250667e-06,0.320964008458468,0.484031557958491,0.195004433583042,0.195004433583042,0.125959574875426,0.999999980472676
1.26533175938894e-06,0.318433171020668,0.487378956388502,0.19418787259083,0.19418787259083,0.124245298429838,0.999999980467208
1.30085370109057e-06,0.31591966368766,0.490714777615117,0.193365558697222,0.193365558697222,0.122554104990438,0.999999980461817
1.3373728582125e-06,0.313423383194009,0.494038925536498,0.192537691269493,0.192537691269493,0.120885691924516,0.999999980456502
1.37491722580642e-06,0.310944226610664,0.497351307045314,0.191704466344022,0.191704466344022,0.119239760266643,0.999999980451261
1.4135155848354e-06,0.308482091355828,0.500651831975008,0.190866076669164,0.190866076669164,0.117616014686663,0.999999980446094
1.4531975242369e-06,0.306036875205225,0.503940413046912,0.190022711747863,0.190022711747863,0.116014163457362,0.999999980440999
1.49399346360526e-06,0.303608476301819,0.507216965818203,0.189174557879978,0.189174557879978,0.114433918421842,0.999999980435974
1.5359346765109e-06,0.301196793164992,0.510481408630674,0.188321798204334,0.188321798204334,0.112874994960657,0.999999980431018
1.57905331447418e-06,0.298801724699206,0.513733662560324,0.18746461274047,0.18746461274047,0.111337111958736,0.99999998042613
1.62338243161228e-06,0.296423170202191,0.516973651367736,0.186603178430072,0.186603178430072,0.109819991772119,0.999999980421309
1.66895600997803e-06,0.294061029372648,0.520201301449255,0.185737669178097,0.185737669178097,0.10832336019455,0.999999980416553
1.71580898561001e-06,0.291715202317517,0.523416541788921,0.184868255893562,0.184868255893562,0.106846946423955,0.999999980411861
1.76397727531405e-06,0.289385589558818,0.526619303911181,0.183995106530001,0.183995106530001,0.105390483028817,0.999999980407233
1.8134978041965e-06,0.28707209204008,0.529809521834336,0.183118386125584,0.183118386125584,0.103953705914496,0.999999980402666
1.86440853397049e-06,0.284774611132379,0.532987132024744,0.182238256842877,0.182238256842877,0.102536354289502,0.999999980398161
1.91674849205681e-06,0.282493048640011,0.536152073351729,0.18135487800826,0.18135487800826,0.10113817063175,0.999999980393715
1.9705578015018e-06,0.2802273068058,0.539304287043225,0.180468406150976,0.180468406150976,0.0997589006548239,0.999999980389327
2.02587771173502e-06,0.277977288316069,0.542443716642113,0.179578995041818,0.179578995041818,0.098398293274251,0.999999980384998
2.08275063019052e-06,0.275742896305284,0.545570307963262,0.178686795731454,0.178686795731454,0.0970561005738304,0.999999980380725
2.14122015481573e-06,0.273524034360386,0.548684009051243,0.177791956588371,0.177791956588371,0.0957320777720151,0.999999980376508
2.20133110749303e-06,0.271320606524822,0.551784770138727,0.176894623336451,0.176894623336451,0.0944259831883707,0.999999980372346
2.26312956839953e-06,0.269132517302293,0.554872543605541,0.175994939092166,0.175994939092166,0.0931375782101271,0.999999980368237
2.32666291133146e-06,0.266959671660229,0.557947283938377,0.175093044401394,0.175093044401394,0.0918666272588353,0.999999980364181
2.39197984002024e-06,0.264801975032998,0.561008947691149,0.174189077275853,0.174189077275853,0.0906128977571445,0.999999980360178
2.45913042546804e-06,0.262659333324866,0.564057493445979,0.173283173229155,0.173283173229155,0.0893761600957116,0.999999980356225
2.5281661443315e-06,0.260531652912724,0.567092881774808,0.172375465312469,0.172375465312469,0.0881561876002548,0.999999980352323
2.59913991838293e-06,0.25841884064857,0.570115075201624,0.171466084149807,0.171466084149807,0.0869527564987632,0.99999998034847
2.67210615507944e-06,0.256320803861787,0.573124038165296,0.170555157972916,0.170555157972916,0.0857656458888711,0.999999980344666
2.74712078927081e-06,0.254237450361204,0.576119736983002,0.169642812655795,0.169642812655795,0.0845946377054091,0.999999980340909
2.82424132607844e-06,0.252168688436947,0.579102139814244,0.16872917174881,0.16872917174881,0.0834395166881374,0.9999999803372
2.90352688497781e-06,0.250114426862115,0.582071216625445,0.167814356512441,0.167814356512441,0.0823000703496737,0.999999980333537
2.98503824511873e-06,0.248074574894252,0.585026939155115,0.166898485950633,0.166898485950633,0.0811760889436198,0.999999980329919
3.06883789191764e-06,0.246049042276659,0.587969280879578,0.165981676843763,0.165981676843763,0.0800673654328961,0.999999980326346
3.15499006495809e-06,0.244037739239519,0.590898216979251,0.165064043781229,0.165064043781229,0.0789736954582897,0.999999980322817
3.24356080723581e-06,0.242040576500876,0.59381372430547,0.164145699193654,0.164145699193654,0.0778948773072227,0.999999980319332
3.33461801578637e-06,0.240057465267447,0.596715781347851,0.163226753384702,0.163226753384702,0.0768307118827457,0.999999980315889
3.42823149373397e-06,0.23808831723529,0.599604368202182,0.162307314562528,0.162307314562528,0.0757810026727617,0.999999980312488
3.52447300380159e-06,0.236133044590325,0.602479466538836,0.161387488870839,0.161387488870839,0.0747455557194857,0.999999980309128
3.62341632332315e-06,0.234191560008726,0.605341059571691,0.160467380419583,0.160467380419583,0.0737241795891432,0.999999980305809
3.72513730080021e-06,0.232263776657173,0.608189132027566,0.15954709131526,0.15954709131526,0.0727166853419129,0.999999980302531
3.82971391404628e-06,0.230349608192984,0.611023670116148,0.158626721690868,0.158626721690869,0.0717228865021154,0.999999980299291
3.93722632996347e-06,0.228448968764123,0.613844661500406,0.157706369735471,0.157706369735471,0.0707425990286527,0.999999980296091
4.04775696599732e-06,0.226561773009099,0.616652095267502,0.156786131723399,0.156786131723399,0.0697756412857001,0.999999980292928
4.16139055331671e-06,0.224687936056746,0.619445961900163,0.155866102043092,0.155866102043092,0.0688218340136539,0.999999980289803
4.27821420176762e-06,0.222827373525902,0.622226253248531,0.154946373225566,0.154946373225566,0.0678810003003362,0.999999980286715
4.39831746665023e-06,0.220980001524992,0.624992962502476,0.154027035972532,0.154027035972532,0.0669529655524602,0.999999980283664
4.5217924173707e-06,0.2191457366515,0.627746084164357,0.153108179184143,0.153108179184143,0.0660375574673562,0.999999980280649
4.64873370802026e-06,0.217324495991361,0.630485614022238,0.152189889986401,0.152189889986401,0.0651346060049601,0.999999980277669
4.7792386499356e-06,0.21551619711826,0.633211549123546,0.151272253758194,0.151272253758194,0.0642439433600669,0.999999980274724
4.91340728629636e-06,0.213720758092844,0.635923887749161,0.150355354157995,0.150355354157995,0.0633654039348484,0.999999980271813
