1e-09,0.950413936099673,0.0118842343424624,0.0377018295578652,0.0377018295578652,0.912712106541807,0.999999999166957
1.02807322383086e-09,0.950356822319522,0.0119001909837364,0.0377429866967412,0.0377429866967411,0.912613835622781,0.999999999143755
1.05693455355799e-09,0.950297994612574,0.0119166319241396,0.0377853734632863,0.0377853734632863,0.912512621149288,0.999999999119912
1.0866061138546e-09,0.950237398326764,0.0119335729294547,0.0378290287437814,0.0378290287437814,0.912408369582983,0.999999999095412
1.11711065050482e-09,0.950174976882376,0.0119510303405716,0.0378739927770523,0.0378739927770523,0.912300984105324,0.999999999070237
1.14847154784029e-09,0.950110671693662,0.011969021097982,0.0379203072083558,0.0379203072083557,0.912190364485306,0.999999999044367
1.18071284666619e-09,0.950044422086713,0.0119875627675105,0.0379680151457768,0.0379680151457767,0.912076406940936,0.999999999017785
1.21385926269063e-09,0.949976165213376,0.0120066735673539,0.0380171612192702,0.0380171612192701,0.911959003994106,0.999999998990471
1.24793620547131e-09,0.949905835961,0.0120263723965077,0.0380677916424925,0.0380677916424925,0.911838044318507,0.999999998962405
1.28296979789415e-09,0.949833366857766,0.0120466788646603,0.0381199542775737,0.0381199542775736,0.911713412580192,0.999999998933568
1.31898689619867e-09,0.949758687973364,0.0120676133236449,0.038173698702991,0.0381736987029909,0.911584989270373,0.999999998903939
1.35601511056563e-09,0.949681726814742,0.0120891969005426,0.0382290762847151,0.0382290762847152,0.911452650530027,0.999999998873496
1.39408282628258e-09,0.949602408216652,0.0121114515325369,0.0382861402508108,0.0382861402508108,0.911316267965842,0.999999998842218
1.43321922550358e-09,0.949520654226688,0.0121344000036281,0.0383449457696836,0.0383449457696836,0.911175708457005,0.999999998810083
1.47345430961984e-09,0.949436383984501,0.0121580659833211,0.0384055500321775,0.0384055500321776,0.911030833952324,0.999999998777067
1.51481892225835e-09,0.94934951359485,0.0121824740674106,0.0384680123377399,0.0384680123377399,0.91088150125711,0.999999998743147
1.55734477292614e-09,0.949259955994121,0.0122076498209946,0.0385323941848847,0.0385323941848846,0.910727561809236,0.9999999987083
1.60106446131832e-09,0.949167620809945,0.0122336198238569,0.0385987593661984,0.0385987593661985,0.910568861443746,0.9999999986725
1.64601150230855e-09,0.949072414213482,0.0122604117183691,0.0386671740681484,0.0386671740681485,0.910405240145334,0.999999998635724
1.69222035164104e-09,0.948974238763956,0.0122880542600739,0.0387377069759702,0.0387377069759702,0.910236531787986,0.999999998597944
1.7397264323438e-09,0.948872993244952,0.0123165773711211,0.0388104293839271,0.038810429383927,0.910062563861025,0.999999998559134
1.78856616188346e-09,0.948768572492003,0.0123460121967436,0.0388854153112539,0.0388854153112539,0.909883157180749,0.999999998519269
1.83877698008233e-09,0.948660867210913,0.0123763911649703,0.038962741624117,0.0389627416241171,0.909698125586796,0.999999998478319
1.89039737781922e-09,0.948549763786269,0.0124077480497893,0.0390424881639418,0.0390424881639417,0.909507275622327,0.999999998436257
1.94346692653602e-09,0.948435144079524,0.0124401180379912,0.0391247378824844,0.0391247378824845,0.90931040619704,0.999999998393054
1.99802630857255e-09,0.948316885216021,0.0124735377999356,0.0392095769840433,0.0392095769840433,0.909107308231978,0.999999998348679
2.05411734835306e-09,0.948194859360256,0.0125080455645073,0.0392970950752367,0.0392970950752368,0.908897764285019,0.999999998303104
2.11178304444824e-09,0.948068933478663,0.0125436811985423,0.0393873853227952,0.0393873853227952,0.908681548155867,0.999999998256296
2.17106760253726e-09,0.947938969089122,0.0125804862910312,0.0394805446198469,0.039480544619847,0.908458424469275,0.999999998208225
2.23201646929523e-09,0.94780482199637,0.0126185042424234,0.0395766737612062,0.0395766737612062,0.908228148235164,0.999999998158858
2.29467636723194e-09,0.947666342012407,0.0126577803593876,0.0396758776282051,0.0396758776282051,0.907990464384202,0.999999998108162
2.35909533050864e-09,0.947523372660953,0.0126983619554046,0.0397782653836427,0.0397782653836427,0.90774510727731,0.999999998056103
2.42532274176036e-09,0.947375750864937,0.0127402984576005,0.0398839506774627,0.0398839506774628,0.907491800187474,0.999999998002646
2.49340936995188e-09,0.947223306615933,0.0127836415202589,0.039993051863808,0.039993051863808,0.907230254752125,0.999999997947758
2.56340740929651e-09,0.947065862624375,0.012828445145484,0.040105692230141,0.040105692230141,0.906960170394234,0.999999997891401
2.63537051926739e-09,0.946903233949317,0.012874765811523,0.0402220002391598,0.0402220002391598,0.906681233710157,0.999999997833539
2.70935386573205e-09,0.946735227606417,0.0129226626092955,0.040342109784287,0.040342109784287,0.90639311782213,0.999999997774134
2.78541416324176e-09,0.946561642152727,0.0129721973877209,0.0404661604595518,0.0404661604595518,0.906095481693175,0.99999999771315
2.86360971850811e-09,0.946382267246783,0.0130234349084783,0.0405942978447384,0.0405942978447384,0.905787969402045,0.999999997650546
2.94400047510004e-09,0.946196883182391,0.0130764430108867,0.0407266738067222,0.0407266738067222,0.905470209375669,0.999999997586284
3.0266480593957e-09,0.946005260394386,0.0131312927876438,0.0408634468179704,0.0408634468179704,0.905141813576415,0.999999997520323
3.11161582782436e-09,0.94580715893454,0.0131880587722204,0.0410047822932394,0.0410047822932395,0.904802376641301,0.999999997452622
3.19896891543454e-09,0.945602327915671,0.0132468191387714,0.0411508529455571,0.0411508529455571,0.904451474970114,0.99999999738314
3.28877428582551e-09,0.945390504921871,0.0133076559154894,0.0413018391626397,0.0413018391626397,0.904088665759231,0.999999997311834
3.38110078248068e-09,0.945171415382647,0.0133706552124013,0.0414579294049519,0.0414579294049519,0.903713485977695,0.999999997238662
3.47601918154197e-09,0.944944771908631,0.0134359074646874,0.0416193206266812,0.0416193206266813,0.90332545128195,0.999999997163579
3.57360224606578e-09,0.944710273586358,0.0135035076926831,0.0417862187209589,0.0417862187209588,0.902924054865399,0.999999997086543
3.67392478180208e-09,0.944467605229457,0.0135735557798205,0.0419588389907226,0.0419588389907226,0.902508766238734,0.999999997007507
3.77706369453937e-09,0.944216436583468,0.0136461567698571,0.0421374066466753,0.0421374066466753,0.902079029936792,0.999999996926427
3.88309804905961e-09,0.943956421481293,0.0137214211848512,0.0423221573338556,0.0423221573338556,0.901634264147438,0.999999996843257
3.99210912974805e-09,0.943687196946164,0.0137994653654497,0.0425133376883859,0.0425133376883859,0.901173859257778,0.999999996757951
4.10418050290471e-09,0.943408382238802,0.0138804118351774,0.0427112059260208,0.0427112059260207,0.900697176312781,0.999999996670461
4.21939808080502e-09,0.943119577845302,0.013964389690544,0.0429160324641544,0.0429160324641544,0.900203545381147,0.999999996580742
4.33785018755898e-09,0.942820364402093,0.0140515350189222,0.0431281005789845,0.0431281005789844,0.899692263823109,0.999999996488744
4.45962762681909e-09,0.942510301554157,0.014141991346293,0.0433477070995496,0.0433477070995496,0.899162594454608,0.99999999639442
4.58482375138911e-09,0.942188926742528,0.0142359101171097,0.0435751631403622,0.0435751631403622,0.898613763602166,0.999999996297724
4.71353453478692e-09,0.941855753916961,0.0143334512086927,0.043810794874346,0.0438107948743461,0.898044959042615,0.999999996198606
4.8458586448165e-09,0.941510272169515,0.0144347834827359,0.044054944347749,0.044054944347749,0.897455327821766,0.999999996097019
4.98189751920517e-09,0.941151944284688,0.0145400853766818,0.0443079703386302,0.0443079703386303,0.896843973946058,0.999999995992915
5.12175544336424e-09,0.940780205201677,0.0146495455379063,0.0445702492604168,0.0445702492604167,0.89620995594126,0.999999995886245
5.26553963033276e-09,0.94039446038429,0.0147633635038397,0.0448421761118706,0.0448421761118706,0.895552284272419,0.999999995776964
5.41336030296538e-09,0.939994084094059,0.0148817504313415,0.0451241654745997,0.0451241654745997,0.894869918619459,0.999999995665023
5.56533077842764e-09,0.939578417562189,0.0150049298788372,0.0454166525589734,0.0454166525589733,0.894161765003216,0.999999995550377
5.72156755506324e-09,0.939146767056141,0.0151331386449122,0.0457200942989469,0.0457200942989469,0.893426672757194,0.99999999543298
5.88219040169997e-09,0.938698401836908,0.0152666276672381,0.0460349704958539,0.0460349704958538,0.892663431341054,0.999999995312788
6.04732244946265e-09,0.938232552003464,0.0154056629858743,0.046361785010662,0.046361785010662,0.891870766992802,0.999999995189757
6.21709028616383e-09,0.937748406221372,0.0155505267751345,0.0467010670034938,0.0467010670034939,0.891047339217878,0.999999995063846
6.39162405334401e-09,0.937245109333309,0.0157015184483272,0.0470533722183636,0.0470533722183636,0.890191737114946,0.999999994935013
6.57105754603627e-09,0.936721759850193,0.0158589558397602,0.0474192843100473,0.0474192843100473,0.889302475540145,0.999999994803221
6.75552831533164e-09,0.936177407322819,0.0160231764684268,0.0477994162087543,0.0477994162087544,0.888377991114065,0.999999994668433
6.94517777382369e-09,0.935611049595472,0.0161945388877531,0.0481944115167744,0.0481944115167744,0.887416638078698,0.999999994530615
7.14015130401339e-09,0.935021629944847,0.0163734241256616,0.0486049459294917,0.0486049459294916,0.886416684015355,0.999999994389736
7.3405983697572e-09,0.934408034109981,0.0165602372189703,0.0490317286710485,0.0490317286710484,0.885376305438933,0.99999999424577
7.5466726308439e-09,0.933769087221762,0.0167554088457801,0.0494755039324579,0.0494755039324579,0.884293583289304,0.99999999409869
7.75853206078784e-09,0.933103550643977,0.0169593970589646,0.049937052297059,0.0499370522970589,0.883166498346918,0.999999993948476
7.97633906792928e-09,0.932410118742037,0.0171726891231352,0.0504171921348277,0.0504171921348276,0.88199292660721,0.999999993795114
8.20026061993413e-09,0.931687415600383,0.0173958034564684,0.0509167809431487,0.0509167809431488,0.880770634657234,0.999999993638591
8.43046837178897e-09,0.930933991715336,0.0176292916774971,0.0514367166071668,0.0514367166071668,0.879497275108169,0.999999993478902
8.66713879738922e-09,0.930148320696947,0.0178737407553335,0.0519779385477199,0.0519779385477199,0.878170382149227,0.999999993316048
8.9104533248215e-09,0.929328796021184,0.0181297752597437,0.052541428719072,0.0525414287190721,0.876787367302112,0.999999993150035
9.16059847544369e-09,0.928473727882854,0.0183980597049656,0.0531282124121803,0.0531282124121802,0.875345515470674,0.999999992980877
9.41776600686954e-09,0.927581340209883,0.0186793009780802,0.0537393588120371,0.0537393588120372,0.873841981397846,0.999999992808596
9.6821530599671e-09,0.926649767911219,0.0189742508390362,0.0543759812497446,0.0543759812497445,0.872273786661475,0.999999992633222
9.95396230998424e-09,0.925677054443527,0.0192837084750145,0.0550392370814587,0.0550392370814586,0.870637817362068,0.999999992454795
1.02334021219164e-08,0.924661149796092,0.0196085230866235,0.055730327117285,0.055730327117285,0.868930822678807,0.999999992273364
1.05206867102362e-08,0.923599909008816,0.0199495964773877,0.0564504945137969,0.0564504945137968,0.867149414495019,0.999999992088989
1.08160363031071e-08,0.922491091354603,0.0203078856110718,0.0572010230343247,0.0572010230343247,0.865290068320279,0.999999991901743
1.1119677311207e-08,0.921332360334554,0.020684405093561,0.0579832345718849,0.0579832345718849,0.863349125762669,0.999999991711707
1.14318425012915e-08,0.920121284651627,0.021080229527311,0.0587984858210617,0.0587984858210617,0.861322798830566,0.99999999151898
1.17527711746295e-08,0.918855340345212,0.0214964956768663,0.059648163977922,0.0596481639779221,0.85920717636729,0.99999999132367
1.20827093504478e-08,0.917531914284323,0.0219344043737646,0.060533681341912,0.0605336813419121,0.856998232942411,0.999999991125903
1.24219099545262e-08,0.916148309229889,0.0223952220785431,0.0614564686915682,0.0614564686915682,0.85469184053832,0.999999990925818
1.27706330130864e-08,0.914701750685247,0.0228802820068751,0.0624179673078778,0.0624179673078779,0.852283783377369,0.99999999072357
1.31291458521247e-08,0.913189395756951,0.0233909847165837,0.0634196195264653,0.0634196195264654,0.849769776230486,0.99999999051933
1.34977233023394e-08,0.911608344243184,0.0239287980430126,0.0644628577138031,0.064462857713803,0.847145486529381,0.999999990313285
1.38766479098131e-08,0.909955652152508,0.0244952562627672,0.0655490915847252,0.0655490915847251,0.844406560567783,0.999999990105639
1.42662101526074e-08,0.908228347828946,0.0250919583610864,0.0666796938099672,0.0666796938099673,0.841548654018979,0.999999989896611
1.46667086634397e-08,0.906423450818482,0.0257205652771364,0.0678559839043816,0.0678559839043816,0.8385674669141,0.999999989686438
1.50784504586105e-08,0.904537993554928,0.0263827960054546,0.0690792104396171,0.0690792104396171,0.835458783115311,0.999999989475372
1.55017511733577e-08,0.902569045868651,0.0270804224417911,0.070350531689558,0.070350531689558,0.832218514179093,0.999999989263678
1.59369353038178e-08,0.900513742229197,0.0278152628787722,0.0716709948920305,0.0716709948920305,0.828842747337167,0.999999989051639
1.63843364557798e-08,0.898369311523464,0.0285891740820137,0.0730415143945225,0.0730415143945224,0.825327797128941,0.999999988839548
1.68442976004231e-08,0.896133109046947,0.029404041911062,0.0744628490419912,0.0744628490419913,0.821670260004955,0.999999988627707
1.73171713372335e-08,0.893802650251118,0.030261770491829,0.0759355792570532,0.0759355792570533,0.817867070994065,0.999999988416431
1.78033201643011e-08,0.891375645651303,0.0311642699973157,0.0774600843513813,0.0774600843513814,0.813915561299922,0.999999988206039
1.83031167562061e-08,0.888850036164751,0.0321134431499076,0.0790365206853411,0.0790365206853411,0.80981351547941,0.999999987996854
1.88169442497056e-08,0.886224028027646,0.0331111706189886,0.0806648013533658,0.0806648013533658,0.80555922667428,0.999999987789202
1.93451965374404e-08,0.883496126343342,0.034159295548872,0.0823445781077863,0.0823445781077863,0.801151548235555,0.999999987583405
1.98882785698881e-08,0.88066516625296,0.0352596075101549,0.0840752262368848,0.0840752262368848,0.796589940016076,0.999999987379783
2.04466066657912e-08,0.877730340703264,0.0364138262182325,0.085855833078504,0.085855833078504,0.79187450762476,0.999999987178644
2.10206088313016e-08,0.874691223822906,0.0376235854014599,0.0876851907756339,0.0876851907756339,0.787006033047272,0.999999986980287
2.16107250880838e-08,0.871547789010433,0.0388904172243102,0.0895617937652568,0.0895617937652569,0.781985995245176,0.999999986784996
2.22174078106288e-08,0.868300420985057,0.0402157376747737,0.0914838413401697,0.0914838413401697,0.776816579644887,0.999999986593039
2.28411220730383e-08,0.864949921248601,0.0416008333083951,0.0934492454430036,0.0934492454430036,0.771500675805598,0.99999998640466
2.34823460055428e-08,0.861497506643419,0.0430468497036589,0.0954556436529227,0.0954556436529226,0.766041862990496,0.999999986220086
2.41415711610302e-08,0.857944800951888,0.0445547819266069,0.0975004171215056,0.0975004171215056,0.760444383830382,0.999999986039517
2.48193028918626e-08,0.854293819750898,0.0461254672299877,0.0995807130191146,0.0995807130191146,0.754713106731783,0.999999985863127
2.55160607372719e-08,0.850546948991093,0.0477595801287063,0.101693470880201,0.101693470880201,0.748853478110891,0.999999985691065
2.62323788216312e-08,0.846706917998338,0.0494576299045334,0.103835452097129,0.103835452097129,0.742871465901209,0.999999985523452
2.69688062639069e-08,0.842776767779357,0.0512199605049318,0.106003271715712,0.106003271715712,0.736773496063645,0.999999985360383
2.77259075986048e-08,0.838759815644489,0.0530467527191119,0.108193431636399,0.108193431636399,0.730566384008089,0.999999985201928
2.85042632085343e-08,0.834659617232925,0.0549380284438009,0.110402354323274,0.110402354323274,0.724257262909651,0.999999985048129
2.93044697697214e-08,0.830479927039503,0.0568936567951768,0.11262641616532,0.11262641616532,0.717853510874183,0.999999984899006
3.01271407088116e-08,0.826224658501944,0.0589133617839839,0.114861979714073,0.114861979714073,0.711362678787871,0.999999984754556
3.09729066733141e-08,0.821897844621624,0.0609967312484795,0.117105424129896,0.117105424129896,0.704792420491728,0.999999984614755
3.18424160150466e-08,0.817503599970407,0.0631432267337082,0.119353173295885,0.119353173295885,0.698150426674522,0.99999998447956
3.27363352871525e-08,0.813046084792526,0.0653521940137353,0.121601721193739,0.121601721193739,0.691444363598787,0.999999984348912
3.36553497550709e-08,0.808529471755713,0.0676228739732694,0.123847654271018,0.123847654271018,0.684681817484695,0.999999984222736
3.46001639218511e-08,0.803957915750096,0.0699544135935502,0.126087670656353,0.126087670656353,0.677870245093743,0.999999984100945
3.55715020682138e-08,0.799335526985536,0.0723458768214853,0.128318596192979,0.128318596192979,0.671016930792557,0.999999983983443
3.65701088077749e-08,0.794666347504385,0.0747962551379616,0.130537397357654,0.130537397357654,0.664128950146731,0.999999983870122
3.75967496578547e-08,0.789954331111448,0.0773044776786388,0.132741191209913,0.132741191209913,0.657213139901536,0.999999983760869
3.86522116263126e-08,0.785203326628155,0.0798694207964549,0.13492725257539,0.13492725257539,0.650276074052765,0.999999983655566
3.97373038148561e-08,0.780417064304225,0.0824899169881131,0.137093018707662,0.137093018707662,0.643324045596562,0.999999983554088
4.08528580392857e-08,0.775599145166331,0.0851647631361124,0.139236091697556,0.139236091697556,0.636363053468775,0.999999983456311
4.19997294671531e-08,0.770753033047626,0.0878927280429238,0.141354238909451,0.141354238909451,0.629398794138175,0.999999983362108
4.31787972733202e-08,0.765882049022055,0.0906725592545865,0.143445391723358,0.143445391723358,0.622436657298697,0.999999983271351
4.43909653139217e-08,0.760989367960464,0.093502989187458,0.145507642852078,0.145507642852078,0.615481725108386,0.999999983183914
4.56371628192476e-08,0.756078016928842,0.0963827405843944,0.147539242486763,0.147539242486763,0.608538774442079,0.999999983099671
4.6918345106078e-08,0.751150875160242,0.0993105313357185,0.149538593504039,0.149538593504039,0.601612281656203,0.999999983018499
4.82354943100147e-08,0.746210675348522,0.102285078706435,0.151504245945043,0.151504245945043,0.594706429403479,0.999999982940276
4.95896201383721e-08,0.741260006032349,0.105305103014764,0.153434890952888,0.153434890952888,0.587825115079461,0.999999982864884
5.09817606442043e-08,0.736301314860101,0.108369330808681,0.155329354331218,0.155329354331218,0.580971960528883,0.999999982792207
5.24129830220606e-08,0.731336912549287,0.111476497587205,0.157186589863508,0.157186589863508,0.574150322685778,0.999999982722134
5.38843844260822e-08,0.726368977376827,0.114625350112037,0.159005672511136,0.159005672511136,0.567363304865692,0.999999982654556
5.5397092811064e-08,0.721399560058428,0.117814648353165,0.160785791588407,0.160785791588407,0.560613768470021,0.99999998258937
5.69522677971282e-08,0.716430588895666,0.121043167109516,0.162526243994817,0.162526243994817,0.553904344900849,0.999999982526473
5.85511015586724e-08,0.711463875088284,0.124309697342782,0.164226427568934,0.164226427568934,0.54723744751935,0.99999998246577
6.01948197382727e-08,0.706501118126106,0.127613047259479,0.165885834614415,0.165885834614415,0.540615283511691,0.999999982407168
6.18846823862438e-08,0.701543911190175,0.130952043173139,0.167504045636687,0.167504045636687,0.534039865553488,0.999999982350577
6.3621984926575e-08,0.696593746505978,0.13432553017543,0.169080723318593,0.169080723318592,0.527513023187385,0.999999982295911
6.54080591499826e-08,0.69165202060324,0.137732372642024,0.170615606754736,0.170615606754736,0.521036413848504,0.999999982243089
6.72442742348425e-08,0.686720039446694,0.141171454596223,0.172108505957083,0.172108505957084,0.51461153348961,0.999999982192033
6.91320377967813e-08,0.681799023410759,0.144641679950711,0.17355929663853,0.17355929663853,0.508239726772229,0.999999982142668
7.10727969677341e-08,0.676890112078206,0.148141972645427,0.174967915276367,0.174967915276367,0.501922196801839,0.999999982094922
7.30680395052951e-08,0.671994368848886,0.151671276697311,0.176334354453803,0.176334354453803,0.495660014395083,0.999999982048728
7.51192949332097e-08,0.667112785349554,0.155228556175739,0.177658658474707,0.177658658474707,0.489454126874846,0.99999998200402
7.72281357138864e-08,0.662246285639888,0.158812795115641,0.178940919244471,0.178940919244471,0.483305366395417,0.999999981960737
7.93961784538228e-08,0.657395730213093,0.162422997378745,0.180181272408162,0.180181272408163,0.47721445780493,0.99999998191882
8.16250851428724e-08,0.652561919792093,0.166058186471952,0.181379893735955,0.181379893735955,0.471182026056138,0.999999981878211
8.39165644283016e-08,0.647745598924412,0.169717405330638,0.18253699574495,0.18253699574495,0.465208603179462,0.999999981838857
8.62723729246145e-08,0.642947459380415,0.173399716073547,0.183652824546037,0.183652824546037,0.459294634834378,0.999999981800708
8.8694316560147e-08,0.63816814336081,0.177104199735025,0.184727656904165,0.184727656904165,0.453440486456644,0.999999981763715
9.11842519614656e-08,0.633408246520169,0.180829955979469,0.185761797500361,0.185761797500361,0.447646449019808,0.99999998172783
9.374408787663e-08,0.628668320813867,0.184576102802181,0.186755576383952,0.186755576383952,0.441912744429914,0.99999998169301
9.63757866384109e-08,0.623948877176192,0.188341776220133,0.187709346603675,0.187709346603675,0.436239530572518,0.999999981659213
9.90813656685867e-08,0.619250388037639,0.192126129955664,0.188623482006697,0.188623482006697,0.430626906030942,0.999999981626398
1.01862899024469e-07,0.614573289689434,0.195928335115601,0.189498375194966,0.189498375194966,0.425074914494468,0.999999981594527
1.04722518988844e-07,0.609917984503335,0.199747579867924,0.190334435628741,0.190334435628741,0.419583548874594,0.999999981563564
1.07662417704549e-07,0.605284843014604,0.203583069117746,0.19113208786765,0.19113208786765,0.414152755146954,0.999999981533472
1.10684848854941e-07,0.600674205875875,0.207434024184038,0.191891769940087,0.191891769940087,0.408782435935787,0.999999981504221
1.13792129391531e-07,0.596086385689379,0.211299682478344,0.192613931832277,0.192613931832277,0.403472453857102,0.999999981475777
1.16986641310131e-07,0.591521668724756,0.215179297186429,0.193299034088815,0.193299034088815,0.398222634635941,0.99999998144811
1.20270833476851e-07,0.586980316529322,0.219072136953685,0.193947546516993,0.193947546516993,0.393032770012329,0.999999981421192
1.23647223505371e-07,0.582462567437409,0.222977485574915,0.194559946987676,0.194559946987676,0.387902620449732,0.999999981394995
1.27118399686903e-07,0.57796863798502,0.226894641689012,0.195136720325969,0.195136720325969,0.382831917659051,0.999999981369492
1.30687022974335e-07,0.573498724235756,0.230822918478903,0.195678357285341,0.195678357285341,0.377820366950415,0.999999981344659
1.34355829022083e-07,0.569053003023624,0.234761643377067,0.196185353599309,0.196185353599309,0.372867649424315,0.999999981320471
1.38127630283201e-07,0.564631633118025,0.238710157776823,0.196658209105152,0.196658209105152,0.367973424012873,0.999999981296905
1.42005318165368e-07,0.560234756315921,0.242667816749541,0.197097426934539,0.197097426934539,0.363137329381382,0.99999998127394
1.45991865247398e-07,0.555862498465868,0.246633988767853,0.197503512766279,0.197503512766279,0.358358985699589,0.999999981251555
1.50090327557974e-07,0.551514970428327,0.250608055434919,0.197876974136754,0.197876974136754,0.353637996291572,0.999999981229729
1.54303846918356e-07,0.547192268976381,0.254589411219717,0.198218319803902,0.198218319803902,0.348973949172478,0.999999981208443
1.58635653350859e-07,0.542894477640729,0.258577463198368,0.198528059160904,0.198528059160903,0.344366418479825,0.999999981187679
1.63089067554933e-07,0.538621667502589,0.262571630801394,0.198806701696016,0.198806701696016,0.339814965806573,0.999999981167419
1.6766750345277e-07,0.534373897937886,0.266571345566874,0.19905475649524,0.19905475649524,0.335319141442647,0.999999981147646
1.72374470806362e-07,0.530151217315901,0.270576050899358,0.199272731784741,0.199272731784741,0.330878485531159,0.999999981128344
1.77213577908036e-07,0.525953663655335,0.274585201834478,0.199461134510187,0.199461134510187,0.326492529145149,0.999999981109499
1.82188534346517e-07,0.521781265240565,0.278598264809097,0.199620469950338,0.199620469950338,0.322160795290227,0.999999981091094
1.87303153850643e-07,0.517634041200641,0.2826147174369,0.199751241362459,0.199751241362459,0.317882799838182,0.999999981073115
1.9256135721292e-07,0.513512002053464,0.286634048289283,0.199853949657253,0.199853949657253,0.313658052396211,0.999999981055549
1.97967175295133e-07,0.509415150217371,0.29065575668141,0.199929093101218,0.199929093101218,0.309486057116153,0.999999981038383
2.03524752118358e-07,0.505343480492229,0.294679352463302,0.199977167044469,0.199977167044469,0.305366313447759,0.999999981021605
2.09238348039698e-07,0.501296980511981,0.298704355815821,0.199998663672198,0.199998663672198,0.301298316839783,0.999999981005201
2.15112343018217e-07,0.49727563117049,0.302730297051418,0.199994071778092,0.199994071778092,0.297281559392398,0.999999980989161
2.21151239972549e-07,0.493279407022351,0.306756716419504,0.199963876558145,0.199963876558145,0.293315530464205,0.999999980973474
2.27359668232772e-07,0.489308276660277,0.310783163916315,0.199908559423408,0.199908559423408,0.289399717236869,0.999999980958129
2.33742387089181e-07,0.485362203070538,0.314809199099136,0.199828597830326,0.199828597830326,0.285533605240212,0.999999980943114
2.40304289440697e-07,0.481441143967814,0.318834390904762,0.199724465127424,0.199724465127424,0.28171667884039,0.999999980928421
2.47050405545683e-07,0.477545052110772,0.322858317472068,0.19959663041716,0.19959663041716,0.277948421693612,0.999999980914041
2.53985906878073e-07,0.473673875599552,0.326880565968566,0.199445558431883,0.199445558431883,0.274228317167669,0.999999980899963
2.61116110091746e-07,0.469827558156292,0.330900732420824,0.199271709422884,0.199271709422884,0.270555848733408,0.999999980886179
2.68446481096197e-07,0.466006039389734,0.334918421548653,0.199075539061613,0.199075539061613,0.266930500328121,0.99999998087268
2.75982639246618e-07,0.462209255044888,0.338933246602923,0.198857498352189,0.198857498352189,0.263351756692699,0.999999980859459
2.83730361651621e-07,0.458437137238667,0.342944829206922,0.198618033554412,0.198618033554412,0.259819103684255,0.999999980846508
2.91695587601879e-07,0.454689614682348,0.346952799201141,0.198357586116511,0.198357586116511,0.256332028565837,0.999999980833818
2.99884423123102e-07,0.450966612891656,0.350956794491394,0.198076592616951,0.198076592616951,0.252890020274705,0.999999980821383
3.08303145656828e-07,0.447268054385197,0.354956460900169,0.197775484714634,0.197775484714634,0.249492569670563,0.999999980809195
3.16958208872612e-07,0.443593858871976,0.358951452021119,0.197454689106906,0.197454689106906,0.24613916976507,0.999999980797248
3.25856247615323e-07,0.439943943428597,0.362941429076604,0.197114627494799,0.197114627494799,0.242829315933799,0.999999980785536
3.35004082991314e-07,0.436318222666809,0.366926060778196,0.196755716554995,0.196755716554996,0.239562506111813,0.999999980774051
3.44408727597382e-07,0.432716608891915,0.370905023190063,0.196378367918022,0.196378367918022,0.236338240973893,0.999999980762787
3.54077390896527e-07,0.429139012252625,0.374877999595154,0.195982988152221,0.195982988152221,0.233156024100404,0.99999998075174
3.64017484744614e-07,0.425585340882813,0.378844680364103,0.195569978753084,0.195569978753084,0.230015362129729,0.999999980740903
3.74236629072198e-07,0.422055501035669,0.382804762826785,0.195139736137546,0.195139736137546,0.226915764898122,0.99999998073027
3.84742657725851e-07,0.418549397210673,0.386757951146441,0.194692651642886,0.194692651642886,0.223856745567786,0.999999980719837
3.9554362447347e-07,0.415066932273808,0.390703956196316,0.194229111529876,0.194229111529876,0.220837820743932,0.999999980709597
4.06647809178186e-07,0.411608007571391,0.394642495438733,0.193749496989876,0.193749496989876,0.217858510581515,0.999999980699547
4.18063724145576e-07,0.408172523037883,0.398573292806545,0.193254184155572,0.193254184155572,0.214918338882312,0.999999980689681
4.2980012064908e-07,0.404760377298022,0.402496078586902,0.192743544115076,0.192743544115076,0.212016833182946,0.999999980679996
4.41865995638594e-07,0.401371467763588,0.40641058930727,0.192217942929142,0.192217942929142,0.209153524834446,0.999999980670485
4.54270598637404e-07,0.398005690725109,0.410316567623653,0.191677741651238,0.191677741651238,0.206327949073871,0.999999980661145
4.67023438832733e-07,0.394662941438777,0.414213762210952,0.191123296350271,0.191123296350271,0.203539645088506,0.999999980651972
4.80134292365345e-07,0.39134311420884,0.418101927655423,0.190554958135737,0.190554958135737,0.200788156073103,0.999999980642962
4.93613209823792e-07,0.388046102465726,0.421980824349161,0.189973073185113,0.189973073185113,0.198073029280613,0.99999998063411
5.07470523949047e-07,0.384771798840116,0.425850218386589,0.189377982773295,0.189377982773295,0.195393816066821,0.999999980625413
5.21716857555435e-07,0.381520095233195,0.429709881462875,0.18877002330393,0.18877002330393,0.192750071929265,0.999999980616867
5.36363131673925e-07,0.378290882883287,0.433559590774256,0.188149526342457,0.188149526342457,0.19014135654083,0.999999980608469
5.5142057392403e-07,0.375084052429059,0.437399128920205,0.187516818650736,0.187516818650735,0.187567233778324,0.999999980600215
5.66900727120743e-07,0.371899493969483,0.441228283807419,0.186872222223098,0.186872222223098,0.185027271746385,0.999999980592102
5.82815458123084e-07,0.368737097120727,0.445046848555559,0.186216054323715,0.186216054323715,0.182521042797012,0.999999980584126
5.99176966931061e-07,0.36559675107013,0.448854621404733,0.185548627525138,0.185548627525138,0.180048123544992,0.999999980576285
6.15997796038017e-07,0.362478344627423,0.452651405624663,0.184870249747915,0.184870249747915,0.177608094879508,0.999999980568574
6.33290840045511e-07,0.359381766273332,0.456437009425498,0.18418122430117,0.18418122430117,0.175200541972161,0.999999980560992
6.51069355548147e-07,0.356306904205696,0.460211245870258,0.183481849924046,0.183481849924046,0.172825054281649,0.999999980553535
6.69346971295867e-07,0.353253646383239,0.463973932788842,0.182772420827919,0.182772420827919,0.17048122555532,0.999999980546201
6.88137698641567e-07,0.350221880567103,0.467724892693599,0.182053226739298,0.182053226739298,0.168168653827804,0.999999980538987
7.07455942281988e-07,0.347211494360262,0.471463952696403,0.181324552943336,0.181324552943336,0.165886941416926,0.99999998053189
7.27316511300145e-07,0.344222375244926,0.475190944427217,0.180586680327857,0.180586680327857,0.163635694917069,0.999999980524907
7.47734630517758e-07,0.341254410618033,0.478905703954109,0.179839885427858,0.179839885427858,0.161414525190175,0.999999980518037
7.68725952166374e-07,0.33830748782492,0.482608071704689,0.179084440470391,0.179084440470391,0.159223047354529,0.999999980511276
7.90306567886135e-07,0.335381494191278,0.486297892388938,0.178320613419785,0.178320613419785,0.157060880771493,0.999999980504623
8.12493021061405e-07,0.332476317053454,0.48997501492341,0.177548668023136,0.177548668023136,0.154927649030319,0.999999980498074
8.35302319502679e-07,0.32959184378721,0.493639292356767,0.176768863856023,0.176768863856023,0.152822979931187,0.999999980491629
8.58751948484518e-07,0.326727961834982,0.497290581796624,0.175981456368394,0.175981456368394,0.150746505466588,0.999999980485283
8.82859884149515e-07,0.323884558731738,0.500928744337689,0.175186696930573,0.175186696930573,0.148697861801165,0.999999980479037
9.07644607288536e-07,0.321061522129495,0.504553644991155,0.17438483287935,0.17438483287935,0.146676689250145,0.999999980472888
9.33125117507824e-07,0.31825873982055,0.508165152615336,0.173576107564114,0.173576107564114,0.144682632256435,0.999999980466832
9.59320947793823e-07,0.315476099759501,0.511763139847515,0.172760760392984,0.172760760392983,0.142715339366518,0.999999980460869
9.86252179486878e-07,0.312713490084112,0.515347483036982,0.171939026878906,0.171939026878906,0.140774463205205,0.999999980454997
1.01393945767529e-06,0.309970799135063,0.518918062179239,0.171111138685698,0.171111138685698,0.138859660449365,0.999999980449214
1.04240400702156e-06,0.307247915474664,0.522474760851357,0.170277323673979,0.170277323673979,0.136970591800686,0.999999980443518
1.07166764803286e-06,0.304544727904559,0.526017466148451,0.169437805946991,0.169437805946991,0.135106921957568,0.999999980437907
1.10175281378839e-06,0.301861125482471,0.529546068621266,0.168592805896263,0.168592805896263,0.133268319586208,0.99999998043238
1.13268256713615e-06,0.29919699753805,0.533060462214847,0.167742540247103,0.167742540247103,0.131454457290947,0.999999980426935
1.16448061837269e-06,0.296552233687842,0.536560544208268,0.16688722210389,0.16688722210389,0.129665011583952,0.99999998042157
1.19717134341897e-06,0.293926723849432,0.540046215155418,0.16602706099515,0.16602706099515,0.127899662854282,0.999999980416284
1.23077980250667e-06,0.291320358254804,0.543517378826799,0.165162262918397,0.165162262918397,0.126158095336407,0.999999980411075
1.26533175938894e-06,0.288733027462938,0.546973942152351,0.164293030384712,0.164293030384712,0.124439997078226,0.999999980405942
1.30085370109057e-06,0.286164622371693,0.550415815165251,0.163419562463055,0.163419562463055,0.122745059908638,0.999999980400883
1.3373728582125e-06,0.283615034229007,0.553842910946701,0.162542054824292,0.162542054824292,0.121072979404715,0.999999980395898
1.37491722580642e-06,0.281084154643431,0.557255145571659,0.16166069978491,0.16166069978491,0.119423454858521,0.999999980390983
1.4135155848354e-06,0.278571875594049,0.560652438055521,0.16077568635043,0.16077568635043,0.117796189243619,0.999999980386139
1.4531975242369e-06,0.276078089439791,0.56403471030172,0.159887200258489,0.159887200258489,0.116190889181302,0.999999980381364
1.49399346360526e-06,0.273602688928181,0.567401887050238,0.158995424021581,0.158995424021581,0.1146072649066,0.999999980376657
1.5359346765109e-06,0.271145567203535,0.570753895827008,0.158100536969457,0.158100536969457,0.113045030234078,0.999999980372016
1.57905331447418e-06,0.268706617814638,0.574090666894193,0.157202715291168,0.157202715291168,0.11150390252347,0.99999998036744
1.62338243161228e-06,0.266285734721929,0.577412133201329,0.156302132076742,0.156302132076742,0.109983602645187,0.999999980362928
1.66895600997803e-06,0.263882812304197,0.580718230337316,0.155398957358488,0.155398957358488,0.108483854945709,0.999999980358479
1.71580898561001e-06,0.261497745364833,0.584008896483238,0.154493358151929,0.154493358151929,0.107004387212905,0.999999980354092
1.76397727531405e-06,0.259130429137643,0.587284072366014,0.153585498496343,0.153585498496343,0.1055449306413,0.999999980349765
1.8134978041965e-06,0.256780759292239,0.590543701212841,0.15267553949492,0.15267553949492,0.104105219797319,0.999999980345498
1.86440853397049e-06,0.254448631939038,0.59378772870644,0.151763639354522,0.151763639354521,0.102684992584517,0.999999980341289
1.91674849205681e-06,0.252133943633878,0.597016102941078,0.150849953425044,0.150849953425044,0.101283990208834,0.999999980337138
1.9705578015018e-06,0.249836591382266,0.600228774379355,0.149934634238379,0.149934634238379,0.0999019571438872,0.999999980333043
2.02587771173502e-06,0.247556472643282,0.603425695809747,0.149017831546971,0.149017831546971,0.0985386410963116,0.999999980329003
2.08275063019052e-06,0.245293485333145,0.606606822304891,0.148099692361964,0.148099692361964,0.0971937929711814,0.999999980325018
2.14122015481573e-06,0.24304752782846,0.609772111180598,0.147180360990942,0.147180360990942,0.0958671668375185,0.999999980321087
2.20133110749303e-06,0.240818498969161,0.612921521955583,0.146259979075256,0.146259979075256,0.0945585198939052,0.999999980317208
2.26312956839953e-06,0.238606298061158,0.616055016311903,0.145338685626939,0.145338685626939,0.0932676124342188,0.999999980313381
2.32666291133146e-06,0.236410824878706,0.619172558056087,0.144416617065208,0.144416617065208,0.0919942078134981,0.999999980309605
2.39197984002024e-06,0.234231979666503,0.62227411308095,0.143493907252547,0.143493907252547,0.0907380724139558,0.999999980305879
2.45913042546804e-06,0.232069663141535,0.625359649328079,0.142570687530386,0.142570687530386,0.089498975611149,0.999999980302201
2.5281661443315e-06,0.22992377649467,0.628429136750977,0.141647086754352,0.141647086754352,0.0882766897403179,0.999999980298573
2.59913991838293e-06,0.22779422139202,0.631482547278862,0.140723231329118,0.140723231329118,0.0870709900629027,0.999999980294991
2.67210615507944e-06,0.225680899976075,0.634519854781099,0.139799245242826,0.139799245242826,0.085881654733249,0.999999980291457
2.74712078927081e-06,0.22358371486662,0.63754103503227,0.13887525010111,0.13887525010111,0.0847084647655106,0.999999980287969
2.82424132607844e-06,0.221502569161451,0.640546065677854,0.137951365160695,0.137951365160695,0.0835512040007557,0.999999980284526
2.90352688497781e-06,0.219437366436884,0.64353492620052,0.137027707362597,0.137027707362597,0.0824096590742873,0.999999980281127
2.98503824511873e-06,0.217388010748082,0.646507597887019,0.1361043913649,0.1361043913649,0.0812836193831821,0.999999980277772
3.06883789191764e-06,0.215354406629195,0.649464063795666,0.135181529575139,0.135181529575139,0.0801728770540557,0.999999980274461
3.15499006495809e-06,0.21333645909333,0.652404308724399,0.134259232182271,0.134259232182271,0.0790772269110588,0.999999980271192
3.24356080723581e-06,0.211334073632351,0.655328319179409,0.133337607188239,0.133337607188239,0.0779964664441122,0.999999980267964
3.33461801578637e-06,0.209347156216524,0.658236083344334,0.132416760439142,0.132416760439142,0.0769303957773819,0.999999980264778
3.42823149373397e-06,0.207375613294001,0.661127591049999,0.131496795655999,0.131496795655999,0.0758788176380022,0.999999980261632
3.52447300380159e-06,0.205419351790172,0.664002833744705,0.130577814465123,0.130577814465123,0.0748415373250494,0.999999980258526
3.62341632332315e-06,0.203478279106862,0.666861804465045,0.129659916428093,0.129659916428093,0.0738183626787692,0.999999980255459
3.72513730080021e-06,0.201552303121405,0.669704497807253,0.128743199071342,0.128743199071342,0.0728091040500632,0.99999998025243
3.82971391404628e-06,0.199641332185585,0.672530909899064,0.12782775791535,0.12782775791535,0.0718135742702349,0.99999998024944
3.93722632996347e-06,0.197745275124459,0.675341038372082,0.126913686503459,0.126913686503459,0.0708315886210001,0.999999980246487
4.04775696599732e-06,0.195864041235058,0.678134882334647,0.126001076430295,0.126001076430295,0.069862964804763,0.999999980243571
4.16139055331671e-06,0.19399754028498,0.6809124423452,0.12509001736982,0.12509001736982,0.0689075229151603,0.999999980240691
4.27821420176762e-06,0.192145682510877,0.683673720386121,0.124180597103002,0.124180597103002,0.0679650854078747,0.999999980237847
4.39831746665023e-06,0.190308378616835,0.68641871983805,0.123272901545115,0.123272901545115,0.0670354770717205,0.999999980235038
4.5217924173707e-06,0.188485539772666,0.689147445454669,0.122367014772665,0.122367014772665,0.0661185250000008,0.999999980232264
4.64873370802026e-06,0.186677077612095,0.691859903337949,0.121463019049956,0.121463019049955,0.0652140585621396,0.999999980229524
4.7792386499356e-06,0.184882904230872,0.694556100913843,0.120560994855285,0.120560994855285,0.0643219093755874,0.999999980226818
4.91340728629636e-06,0.183102932184789,0.697236046908424,0.119661020906787,0.119661020906787,0.0634419112780026,0.999999980224144
