1e-09,0.950433465450215,0.00748187493229809,0.0420846596174868,0.0420846596174868,0.908348805832728,0.999999999174902
1.02807322383086e-09,0.950376960831548,0.00749290892900851,0.0421301302394439,0.0421301302394439,0.908246830592104,0.99999999915193
1.05693455355799e-09,0.950318763077317,0.00750427951785834,0.0421769574048243,0.0421769574048243,0.908141805672493,0.999999999128323
1.0866061138546e-09,0.950258818349295,0.00751599775439832,0.0422251838963067,0.0422251838963066,0.908033634452988,0.999999999104066
1.11711065050482e-09,0.950197070919385,0.0075280751030195,0.0422748539775957,0.0422748539775958,0.907922216941789,0.999999999079141
1.14847154784029e-09,0.950133463093326,0.00754052345466974,0.0423260134520045,0.0423260134520045,0.907807449641321,0.999999999053528
1.18071284666619e-09,0.950067935130778,0.00755335514548056,0.042378709723741,0.042378709723741,0.907689225407037,0.999999999027211
1.21385926269063e-09,0.9500004251616,0.00756658297635846,0.0424329918620412,0.0424329918620412,0.907567433299559,0.99999999900017
1.24793620547131e-09,0.949930869098098,0.007580220233599,0.0424889106683033,0.0424889106683033,0.907441958429794,0.999999998972386
1.28296979789415e-09,0.949859200543032,0.00759428071058545,0.0425465187463821,0.0425465187463822,0.90731268179665,0.999999998943838
1.31898689619867e-09,0.949785350693146,0.00760877873063828,0.0426058705762161,0.0426058705762161,0.90717948011693,0.999999998914507
1.35601511056563e-09,0.949709248237945,0.00762372917108632,0.0426670225909681,0.0426670225909682,0.907042225646977,0.999999998884372
1.39408282628258e-09,0.949630819253493,0.00763914748863518,0.0427300332578721,0.0427300332578722,0.906900785995621,0.99999999885341
1.43321922550358e-09,0.949549987090897,0.00765504974611392,0.0427949631629887,0.0427949631629887,0.906755023927909,0.999999998821601
1.47345430961984e-09,0.949466672259226,0.00767145264068652,0.0428618751000872,0.0428618751000873,0.906604797159139,0.99999999878892
1.51481892225835e-09,0.949380792302496,0.00768837353362094,0.0429308341638828,0.0429308341638828,0.906449958138614,0.999999998755347
1.55734477292614e-09,0.949292261670414,0.00770583048171497,0.0430019078478711,0.0430019078478712,0.906290353822543,0.999999998720856
1.60106446131832e-09,0.949200991582494,0.00772384227048522,0.0430751661470203,0.0430751661470203,0.906125825435474,0.999999998685424
1.64601150230855e-09,0.949106889885174,0.00774242844923343,0.0431506816655922,0.0431506816655922,0.905956208219582,0.999999998649025
1.69222035164104e-09,0.949009860901502,0.00776160936811206,0.0432285297303857,0.0432285297303857,0.905781331171116,0.999999998611635
1.7397264323438e-09,0.948909805272971,0.00778140621732053,0.0433087885097085,0.0433087885097085,0.905601016763263,0.999999998573227
1.78856616188346e-09,0.948806619793021,0.00780184106857272,0.0433915391384062,0.0433915391384061,0.905415080654615,0.999999998533776
1.83877698008233e-09,0.948700197231717,0.00782293691898674,0.0434768658492965,0.0434768658492964,0.90522333138242,0.999999998493252
1.89039737781922e-09,0.948590426151064,0.00784471773755926,0.0435648561113765,0.0435648561113766,0.905025570039688,0.99999999845163
1.94346692653602e-09,0.948477190710405,0.0078672085143988,0.0436556007751962,0.0436556007751961,0.904821589935209,0.99999999840888
1.99802630857255e-09,0.948360370461282,0.00789043531290502,0.0437491942258127,0.0437491942258127,0.90461117623547,0.999999998364972
2.05411734835306e-09,0.948239840131135,0.0079144253250959,0.0438457345437691,0.0438457345437692,0.904394105587366,0.999999998319879
2.11178304444824e-09,0.948115469395137,0.00793920693029902,0.043945323674564,0.0439453236745639,0.904170145720573,0.999999998273567
2.17106760253726e-09,0.947987122635449,0.00796480975744051,0.0440480676071109,0.0440480676071109,0.903939055028338,0.999999998226008
2.23201646929523e-09,0.947854658687102,0.00799126475118246,0.0441540765617158,0.0441540765617159,0.903700582125386,0.999999998177169
2.29467636723194e-09,0.947717930569689,0.00801860424217909,0.0442634651881314,0.0442634651881315,0.903454465381558,0.999999998127017
2.35909533050864e-09,0.947576785203973,0.00804686202174291,0.0443763527742842,0.0443763527742843,0.903200432429689,0.999999998075518
2.42532274176036e-09,0.947431063112462,0.00807607342123474,0.044492863466303,0.044492863466303,0.902938199646159,0.999999998022641
2.49340936995188e-09,0.947280598102966,0.0081062753965156,0.044613126500518,0.044613126500518,0.902667471602448,0.999999997968349
2.56340740929651e-09,0.947125216934037,0.00813750661782548,0.0447372764481376,0.0447372764481375,0.902387940485899,0.999999997912607
2.63537051926739e-09,0.946964738961165,0.00816980756548223,0.0448654534733526,0.0448654534733527,0.902099285487812,0.99999999785538
2.70935386573205e-09,0.946798975762513,0.00820322063182525,0.0449978036056618,0.0449978036056619,0.901801172156851,0.999999997796631
2.78541416324176e-09,0.94662773074288,0.00823779022986202,0.0451344790272575,0.0451344790272575,0.901493251715623,0.999999997736322
2.86360971850811e-09,0.946450798714529,0.00827356290911216,0.0452756383763585,0.0452756383763584,0.901175160338171,0.999999997674415
2.94400047510004e-09,0.946267965453389,0.0083105874791831,0.0454214470674276,0.0454214470674277,0.900846518385962,0.999999997610872
3.0266480593957e-09,0.946079007229085,0.00834891514165416,0.0455720776292608,0.0455720776292607,0.900506929599824,0.999999997545652
3.11161582782436e-09,0.945883690307118,0.00838859963089221,0.0457277100619902,0.0457277100619902,0.900155980245127,0.999999997478717
3.19896891543454e-09,0.945681770421432,0.0084296973644719,0.045888532214096,0.0458885322140961,0.899793238207336,0.999999997410026
3.28877428582551e-09,0.945472992215494,0.00847226760392806,0.0460547401805777,0.0460547401805778,0.899418252034916,0.999999997339536
3.38110078248068e-09,0.945257088649881,0.00851637262662605,0.046226538723493,0.0462265387234929,0.899030549926388,0.999999997267205
3.47601918154197e-09,0.945033780374276,0.00856207790959935,0.0464041417161251,0.0464041417161251,0.89862963865815,0.999999997192992
3.57360224606578e-09,0.944802775061628,0.00860945232627219,0.0465877726120994,0.0465877726120993,0.898215002449529,0.999999997116853
3.67392478180208e-09,0.94456376670212,0.00865856835705884,0.0467776649408207,0.0467776649408208,0.8977861017613,0.999999997038744
3.77706369453937e-09,0.944316434854434,0.00870950231491054,0.0469740628306556,0.0469740628306556,0.897342372023778,0.99999999695862
3.88309804905961e-09,0.944060443851698,0.00876233458696763,0.047177221561334,0.047177221561334,0.896883222290364,0.999999996876438
3.99210912974805e-09,0.94379544195935,0.00881714989356575,0.0473874081470842,0.0473874081470842,0.896408033812266,0.999999996792151
4.10418050290471e-09,0.943521060482,0.00887403756594529,0.0476049019520543,0.0476049019520544,0.895916158529946,0.999999996705715
4.21939808080502e-09,0.943236912816282,0.0089330918441188,0.0478299953395994,0.0478299953395993,0.895406917476682,0.999999996617082
4.33785018755898e-09,0.942942593446506,0.00899441219646568,0.0480629943570282,0.0480629943570282,0.894879599089478,0.999999996526208
4.45962762681909e-09,0.94263767687985,0.00905810366274474,0.0483042194574049,0.0483042194574049,0.894333457422446,0.999999996433046
4.58482375138911e-09,0.942321716517673,0.00912427722234506,0.0485540062599819,0.0485540062599819,0.893767710257691,0.999999996337548
4.71353453478692e-09,0.941994243459466,0.00919305018973314,0.0488127063508007,0.0488127063508006,0.893181537108666,0.999999996239668
4.8458586448165e-09,0.941654765235874,0.00926454663919987,0.0490806881249258,0.0490806881249257,0.892574077110949,0.99999999613936
4.98189751920517e-09,0.941302764467161,0.00933889786116413,0.0493583376716744,0.0493583376716744,0.891944426795487,0.999999996036577
5.12175544336424e-09,0.940937697443491,0.0094162428524504,0.0496460597040584,0.0496460597040584,0.891291637739433,0.999999995931274
5.26553963033276e-09,0.940558992623414,0.00949672884312488,0.0499442785334609,0.0499442785334608,0.890614714089953,0.999999995823402
5.41336030296538e-09,0.940166049047043,0.00958051186264699,0.0502534390903101,0.05025343909031,0.889912609956733,0.999999995712919
5.56533077842764e-09,0.93975823466054,0.00966775734826986,0.0505740079911903,0.0505740079911903,0.88918422666935,0.999999995599779
5.72156755506324e-09,0.939334884548784,0.00975864079880154,0.0509064746524147,0.0509064746524147,0.888428409896369,0.999999995483938
5.88219040169997e-09,0.938895299073412,0.00985334847701616,0.0512513524495717,0.0512513524495717,0.88764394662384,0.999999995365353
6.04732244946265e-09,0.938438741913896,0.0099520781641774,0.0516091799219262,0.0516091799219263,0.88682956199197,0.999999995243983
6.21709028616383e-09,0.93796443800991,0.0100550399703007,0.0519805220197896,0.0519805220197895,0.88598391599012,0.999999995119786
6.39162405334401e-09,0.937471571404033,0.0101624572039293,0.0523659713920374,0.0523659713920374,0.885105600011996,0.999999994992725
6.57105754603627e-09,0.936959282984831,0.0102745673053282,0.052766149709841,0.0527661497098411,0.88419313327499,0.999999994862764
6.75552831533164e-09,0.936426668131566,0.010391622847094,0.0531817090213399,0.0531817090213399,0.883244959110226,0.999999994729866
6.94517777382369e-09,0.935872774263361,0.0105138926062358,0.0536133331304032,0.0536133331304033,0.882259441132958,0.999999994594001
7.14015130401339e-09,0.935296598297463,0.0106416627117809,0.0540617389907555,0.0540617389907556,0.881234859306708,0.999999994455138
7.3405983697572e-09,0.934697084023557,0.0107752378718869,0.0545276781045561,0.0545276781045562,0.880169405919001,0.999999994313252
7.5466726308439e-09,0.934073119403759,0.0109149426842814,0.0550119379119595,0.0550119379119596,0.8790611814918,0.99999999416832
7.75853206078784e-09,0.933423533811203,0.0110611230335749,0.0555153431552221,0.055515343155222,0.877908190655981,0.999999994020322
7.97633906792928e-09,0.932747095223923,0.0112141475785759,0.0560387571975009,0.0560387571975008,0.876708338026422,0.999999993869246
8.20026061993413e-09,0.932042507395277,0.011374409332154,0.0565830832725689,0.0565830832725689,0.875459424122708,0.999999993715081
8.43046837178897e-09,0.931308407027385,0.011542327335399,0.0571492656372155,0.0571492656372156,0.87415914139017,0.999999993557822
8.66713879738922e-09,0.930543360980152,0.0117183484267845,0.0577382905930635,0.0577382905930636,0.872805070387089,0.999999993397472
8.9104533248215e-09,0.929745863555409,0.0119029491057005,0.0583511873388904,0.0583511873388904,0.871394676216519,0.999999993234037
9.16059847544369e-09,0.928914333903676,0.0120966374880402,0.0589890286082842,0.0589890286082841,0.869925305295391,0.999999993067534
9.41776600686954e-09,0.928047113609982,0.0122999553494289,0.0596529310405889,0.059652931040589,0.868394182569393,0.999999992897983
9.6821530599671e-09,0.927142464525212,0.0125134802491342,0.0603440552256537,0.0603440552256538,0.866798409299558,0.999999992725416
9.95396230998424e-09,0.926198566920435,0.0127378277246154,0.0610636053549494,0.0610636053549494,0.865134961565486,0.999999992549872
1.02334021219164e-08,0.925213518053702,0.0129736535430025,0.0618128284032953,0.0618128284032953,0.863400689650407,0.9999999923714
1.05206867102362e-08,0.924185331251583,0.0132216559914873,0.0625930127569297,0.0625930127569297,0.861592318494653,0.99999999219006
1.08160363031071e-08,0.92311193562117,0.0134825781836058,0.0634054861952243,0.0634054861952242,0.859706449425946,0.99999999200592
1.1119677311207e-08,0.921991176521994,0.0137572103526649,0.0642516131253412,0.0642516131253411,0.857739563396653,0.999999991819063
1.14318425012915e-08,0.920820816940851,0.0140463920971121,0.0651327909620372,0.0651327909620372,0.855688025978814,0.999999991629582
1.17527711746295e-08,0.919598539925305,0.0143510145354854,0.0660504455392098,0.0660504455392099,0.853548094386095,0.999999991437585
1.20827093504478e-08,0.918321952242831,0.0146720223207852,0.0670060254363838,0.0670060254363838,0.851315926806447,0.999999991243192
1.24219099545262e-08,0.916988589441172,0.0150104154558251,0.068000995103003,0.0680009951030031,0.848987594338169,0.999999991046537
1.27706330130864e-08,0.915595922490355,0.0153672508425308,0.0690368266671145,0.0690368266671145,0.84655909582324,0.999999990847769
1.31291458521247e-08,0.914141366186523,0.0157436434895859,0.0701149903238907,0.0701149903238907,0.844026375862633,0.999999990647052
1.34977233023394e-08,0.912622289490762,0.0161407672946475,0.0712369432145909,0.071236943214591,0.841385346276171,0.999999990444566
1.38766479098131e-08,0.91103602796072,0.0165598553100992,0.0724041167291805,0.0724041167291806,0.83863191123154,0.999999990240505
1.42662101526074e-08,0.90937989840746,0.0170021993955834,0.073617902196957,0.0736179021969571,0.835761996210503,0.999999990035079
1.46667086634397e-08,0.907651215872869,0.0174691491570939,0.0748796349700373,0.0748796349700374,0.832771580902832,0.999999989828513
1.50784504586105e-08,0.905847312973057,0.0179621100720196,0.0761905769549236,0.0761905769549236,0.829656736018133,0.999999989621046
1.55017511733577e-08,0.903965561589412,0.0184825407030663,0.0775518977075213,0.0775518977075214,0.826413663881891,0.999999989412931
1.59369353038178e-08,0.902003396811547,0.0190319489122906,0.0789646542761627,0.0789646542761626,0.823038742535384,0.999999989204435
1.63843364557798e-08,0.899958342945988,0.0196118870003038,0.0804297700537081,0.0804297700537081,0.81952857289228,0.999999988995836
1.68442976004231e-08,0.897828041303462,0.0202239457156057,0.081948012980932,0.081948012980932,0.81588002832253,0.999999988787421
1.73171713372335e-08,0.895610279369396,0.0208697471052568,0.0835199735253477,0.0835199735253477,0.812090305844048,0.999999988579487
1.78033201643011e-08,0.89330302085198,0.0215509362105314,0.0851460429374882,0.0851460429374883,0.808156977914492,0.999999988372337
1.83031167562061e-08,0.89090443599614,0.0222691716491764,0.0868263923546839,0.086826392354684,0.804078043641456,0.999999988166276
1.88169442497056e-08,0.888412931457585,0.0230261151681743,0.0885609533742406,0.0885609533742406,0.799851978083344,0.999999987961612
1.93451965374404e-08,0.885827178957047,0.0238234202956613,0.0903494007472912,0.0903494007472913,0.795477778209756,0.999999987758652
1.98882785698881e-08,0.883146141888826,0.0246627202654886,0.0921911378456851,0.0921911378456851,0.790955004043141,0.999999987557698
2.04466066657912e-08,0.88036909904728,0.0255456154300375,0.0940852855226824,0.0940852855226824,0.786283813524598,0.999999987359044
2.10206088313016e-08,0.877495664665208,0.0264736604132912,0.0960306749215011,0.0960306749215011,0.781464989743707,0.999999987162976
2.16107250880838e-08,0.874525804032031,0.0274483512838431,0.0980258446841255,0.0980258446841255,0.776499959347906,0.999999986969766
2.22174078106288e-08,0.871459844076675,0.0284711130438955,0.100069042879429,0.100069042879429,0.771390801197246,0.99999998677967
2.28411220730383e-08,0.868298478455797,0.029543287733424,0.102158233810779,0.102158233810779,0.766140244645017,0.999999986592927
2.34823460055428e-08,0.865042766874685,0.0306661234375481,0.104291109687767,0.104291109687767,0.760751657186918,0.999999986409755
2.41415711610302e-08,0.861694128574701,0.0318407644598699,0.106465106965429,0.10646510696543,0.755229021609271,0.999999986230351
2.48193028918626e-08,0.858254330134579,0.0330682428863512,0.10867742697907,0.10867742697907,0.749576903155509,0.999999986054889
2.55160607372719e-08,0.854725467939295,0.0343494717155355,0.11092506034517,0.11092506034517,0.743800407594125,0.999999985883519
2.62323788216312e-08,0.851109945856189,0.0356852396747126,0.113204814469098,0.113204814469098,0.737905131387091,0.999999985716365
2.69688062639069e-08,0.847410448812256,0.0370762077816663,0.115513343406078,0.115513343406078,0.731897105406177,0.999999985553528
2.77259075986048e-08,0.843629913080417,0.0385229076517471,0.117847179267836,0.117847179267836,0.725782733812582,0.999999985395085
2.85042632085343e-08,0.839771494151551,0.0400257414937673,0.120202764354682,0.120202764354682,0.719568729796869,0.999999985241087
2.93044697697214e-08,0.83583853309196,0.0415849836886712,0.122576483219369,0.122576483219369,0.713262049872591,0.999999985091563
3.01271407088116e-08,0.831834522265703,0.0432007838043471,0.12496469392995,0.12496469392995,0.706869828335753,0.999999984946524
3.09729066733141e-08,0.827763071243231,0.0448731708696862,0.127363757887082,0.127363757887082,0.700399313356149,0.999999984805956
3.18424160150466e-08,0.823627873629963,0.0466020587115154,0.129770067658522,0.129770067658522,0.693857805971441,0.99999998466983
3.27363352871525e-08,0.819432675439479,0.0483872521489752,0.132180072411546,0.132180072411546,0.687252603027934,0.9999999845381
3.36553497550709e-08,0.815181245515038,0.0502284538402724,0.134590300644689,0.134590300644689,0.680590944870349,0.999999984410706
3.46001639218511e-08,0.810877348378315,0.0521252715850294,0.136997380036655,0.136997380036655,0.67387996834166,0.999999984287574
3.55715020682138e-08,0.80652471976298,0.0540772258999576,0.139398054337062,0.139398054337063,0.667126665425917,0.999999984168619
3.65701088077749e-08,0.802127044978394,0.0560837577045008,0.141789197317105,0.141789197317105,0.660337847661289,0.999999984053748
3.75967496578547e-08,0.797687940149432,0.0581442359747112,0.144167823875857,0.144167823875857,0.653520116273575,0.999999983942859
3.86522116263126e-08,0.793210936294418,0.0602579652464234,0.146531098459158,0.146531098459158,0.64667983783526,0.999999983835846
3.97373038148561e-08,0.788699466135526,0.0624241928714964,0.148876340992977,0.148876340992977,0.639823125142549,0.999999983732596
4.08528580392857e-08,0.784156853484312,0.0646421159525489,0.151201030563139,0.151201030563139,0.632955822921173,0.999999983632994
4.19997294671531e-08,0.779586305008467,0.0669108879015038,0.15350280709003,0.15350280709003,0.626083497918437,0.999999983536923
4.31787972733202e-08,0.774990904162608,0.0692296245849392,0.155779471252453,0.155779471252453,0.619211432910154,0.999999983444265
4.43909653139217e-08,0.770373607054114,0.0715974100345189,0.158028982911367,0.158028982911367,0.612344624142748,0.9999999833549
4.56371628192476e-08,0.765737240012544,0.0740133017135688,0.160249458273887,0.160249458273887,0.605487781738657,0.999999983268711
4.6918345106078e-08,0.761084498636058,0.0764763353412785,0.162439166022663,0.162439166022663,0.598645332613395,0.99999998318558
4.82354943100147e-08,0.756417948098656,0.0789855292842127,0.164596522617131,0.164596522617131,0.591821425481525,0.999999983105393
4.95896201383721e-08,0.751740024516225,0.0815398885310291,0.166720086952745,0.166720086952746,0.58501993756348,0.999999983028036
5.09817606442043e-08,0.747053037186072,0.0841384082707971,0.16880855454313,0.16880855454313,0.578244482642942,0.999999982953398
5.24129830220606e-08,0.742359171532535,0.086780077098335,0.17086075136913,0.17086075136913,0.571498420163405,0.999999982881372
5.38843844260822e-08,0.737660492609638,0.0894638798718097,0.172875627518553,0.172875627518553,0.564784865091085,0.999999982811854
5.5397092811064e-08,0.732958949029807,0.0921888002486763,0.174852250721516,0.174852250721516,0.558106698308291,0.999999982744743
5.69522677971282e-08,0.72825637720496,0.0949538229261236,0.176789799868916,0.176789799868916,0.551466577336044,0.999999982679939
5.85511015586724e-08,0.72355450580244,0.0977579356116822,0.178687558585878,0.178687558585878,0.544866947216562,0.99999998261735
6.01948197382727e-08,0.718854960333165,0.100600130748722,0.180544908918113,0.180544908918113,0.538310051415052,0.999999982556883
6.18846823862438e-08,0.714159267802784,0.103479407020343,0.182361325176873,0.182361325176873,0.531797942625912,0.999999982498452
6.3621984926575e-08,0.709468861368654,0.106394770653727,0.184136367977618,0.184136367977618,0.525332493391036,0.999999982441972
6.54080591499826e-08,0.704785084956033,0.1093452365455,0.185869678498467,0.185869678498467,0.518915406457566,0.999999982387363
6.72442742348425e-08,0.70010919779613,0.112329829227064,0.187560972976806,0.187560972976806,0.512548224819323,0.999999982334547
6.91320377967813e-08,0.695442378856644,0.115347583687284,0.189210037456072,0.189210037456072,0.506232341400572,0.999999982283451
7.10727969677341e-08,0.690785731142247,0.118397546068374,0.190816722789379,0.190816722789379,0.499969008352867,0.999999982234003
7.30680395052951e-08,0.686140285848264,0.121478774249351,0.192380939902385,0.192380939902385,0.493759345945879,0.999999982186137
7.51192949332097e-08,0.681507006355683,0.124590338330037,0.193902655314281,0.193902655314281,0.487604351041402,0.999999982139786
7.72281357138864e-08,0.676886792059662,0.127731321027278,0.19538188691306,0.19538188691306,0.481504905146603,0.99999998209489
7.93961784538228e-08,0.672280482027076,0.130900817993845,0.196818699979079,0.196818699979079,0.475461782047997,0.99999998205139
8.16250851428724e-08,0.66768885848132,0.134097938069371,0.198213203449309,0.198213203449309,0.469475655032012,0.999999982009228
8.39165644283016e-08,0.663112650114849,0.137321803471666,0.199565546413485,0.199565546413485,0.463547103701364,0.999999981968351
8.62723729246145e-08,0.658552535231602,0.14057154993584,0.200875914832557,0.200875914832557,0.457676620399045,0.999999981928708
8.8694316560147e-08,0.654009144722898,0.143846326807811,0.202144528469291,0.202144528469291,0.451864616253607,0.99999998189025
9.11842519614656e-08,0.649483064881365,0.147145297098047,0.203371638020589,0.203371638020589,0.446111426860776,0.999999981852929
9.374408787663e-08,0.644974840058282,0.150467637500719,0.204557522440999,0.204557522440999,0.440417317617283,0.999999981816702
9.63757866384109e-08,0.640484975170255,0.153812538382817,0.205702486446928,0.205702486446928,0.434782488723327,0.999999981781525
9.90813656685867e-08,0.636013938061491,0.157179203747275,0.206806858191234,0.206806858191234,0.429207079870257,0.999999981747358
1.01862899024469e-07,0.631562161728201,0.160566851173658,0.207870987098141,0.207870987098141,0.42369117463006,0.999999981714162
1.04722518988844e-07,0.627130046411722,0.163974711739534,0.208895241848744,0.208895241848744,0.418234804562979,0.9999999816819
1.07662417704549e-07,0.622717961566973,0.167402029925301,0.209880008507726,0.209880008507726,0.412837953059246,0.999999981650537
1.10684848854941e-07,0.618326247712786,0.17084806350487,0.210825688782344,0.210825688782344,0.407500558930442,0.999999981620038
1.13792129391531e-07,0.613955218170525,0.174312083424353,0.211732698405122,0.211732698405122,0.402222519765404,0.999999981590373
1.16986641310131e-07,0.609605160697223,0.177793373670602,0.212601465632175,0.212601465632175,0.397003695065049,0.999999981561509
1.20270833476851e-07,0.605276339019272,0.181291231131247,0.213432429849481,0.213432429849481,0.39184390916979,0.999999981533418
1.23647223505371e-07,0.600968994272463,0.184804965447661,0.214226040279876,0.214226040279876,0.386742953992586,0.999999981506071
1.27118399686903e-07,0.596683346353931,0.188333898862113,0.214982754783956,0.214982754783956,0.381700591569975,0.999999981479441
1.30687022974335e-07,0.592419595191307,0.191877366060189,0.215703038748504,0.215703038748504,0.376716556442803,0.999999981453503
1.34355829022083e-07,0.588177921934103,0.195434714009463,0.216387364056434,0.216387364056434,0.371790557877668,0.999999981428233
1.38127630283201e-07,0.583958490072126,0.199005301795232,0.217036208132641,0.217036208132641,0.366922281939485,0.999999981403606
1.42005318165368e-07,0.579761446485437,0.202588500454057,0.217650053060506,0.217650053060506,0.362111393424931,0.999999981379601
1.45991865247398e-07,0.575586922430118,0.206183692805735,0.218229384764146,0.218229384764146,0.357357537665972,0.999999981356195
1.50090327557974e-07,0.571435034463885,0.209790273284267,0.218774692251847,0.218774692251847,0.352660342212038,0.999999981333368
1.54303846918356e-07,0.567305885315332,0.21340764776828,0.219286466916388,0.219286466916388,0.348019418398943,0.999999981311101
1.58635653350859e-07,0.56319956470036,0.217035233411337,0.219765201888303,0.219765201888303,0.343434362812057,0.999999981289375
1.63089067554933e-07,0.559116150089157,0.220672458472484,0.220211391438358,0.220211391438358,0.338904758650799,0.999999981268171
1.6766750345277e-07,0.555055707426842,0.224318762147342,0.220625530425817,0.220625530425817,0.334430177001025,0.999999981247472
1.72374470806362e-07,0.551018291810731,0.227973594400008,0.22100811378926,0.22100811378926,0.330010178021471,0.999999981227262
1.77213577908036e-07,0.547003948126983,0.23163641579601,0.221359636077007,0.221359636077007,0.325644312049976,0.999999981207525
1.82188534346517e-07,0.543012711649186,0.23530669733648,0.221680591014335,0.221680591014335,0.321332120634851,0.999999981188245
1.87303153850643e-07,0.539044608601322,0.238983920293736,0.221971471104942,0.221971471104941,0.31707313749638,0.999999981169407
1.9256135721292e-07,0.53509965668735,0.242667576048411,0.222232767264239,0.222232767264239,0.312866889423111,0.999999981150999
1.97967175295133e-07,0.531177865589526,0.24635716592822,0.222464968482254,0.222464968482254,0.308712897107272,0.999999981133005
2.03524752118358e-07,0.527279237437428,0.250052201048506,0.222668561514066,0.222668561514066,0.304610675923362,0.999999981115414
2.09238348039698e-07,0.523403767249542,0.253752202154601,0.222844030595857,0.222844030595857,0.300559736653685,0.999999981098212
2.15112343018217e-07,0.519551443349113,0.257456699466106,0.222991857184781,0.222991857184781,0.296559586164332,0.999999981081388
2.21151239972549e-07,0.51572224775589,0.261165232523115,0.223112519720995,0.223112519720995,0.292609728034896,0.999999981064931
2.27359668232772e-07,0.51191615655526,0.264877350034438,0.223206493410302,0.223206493410302,0.288709663144958,0.999999981048828
2.33742387089181e-07,0.508133140246172,0.268592609727854,0.223274250025974,0.223274250025974,0.284858890220198,0.99999998103307
2.40304289440697e-07,0.504373164069179,0.272310578202413,0.223316257728408,0.223316257728408,0.281056906340771,0.999999981017647
2.47050405545683e-07,0.500636188315809,0.276030830782801,0.22333298090139,0.22333298090139,0.277303207414419,0.999999981002548
2.53985906878073e-07,0.496922168620422,0.279752951375784,0.223324880003794,0.223324880003794,0.273597288616628,0.999999980987764
2.61116110091746e-07,0.49323105623562,0.283476532328729,0.223292411435651,0.223292411435651,0.269938644799968,0.999999980973286
2.68446481096197e-07,0.489562798292213,0.287201174290198,0.223236027417589,0.223236027417589,0.266326770874623,0.999999980959105
2.75982639246618e-07,0.485917338044678,0.290926486072614,0.223156175882708,0.223156175882708,0.26276116216197,0.999999980945212
2.83730361651621e-07,0.482294615102985,0.29465208451699,0.223053300380025,0.223053300380026,0.259241314722959,0.999999980931601
2.91695587601879e-07,0.478694565651607,0.298377594359702,0.222927839988691,0.222927839988691,0.255766725662916,0.999999980918261
2.99884423123102e-07,0.475117122656487,0.302102648101299,0.222780229242214,0.222780229242214,0.252336893414273,0.999999980905187
3.08303145656828e-07,0.47156221606067,0.305826885877322,0.222610898062008,0.222610898062008,0.248951317998662,0.99999998089237
3.16958208872612e-07,0.468029772969274,0.30954995533113,0.222420271699596,0.222420271699596,0.245609501269677,0.999999980879804
3.25856247615323e-07,0.464519717824429,0.313271511488687,0.222208770686884,0.222208770686884,0.242310947137545,0.999999980867482
3.35004082991314e-07,0.46103197257077,0.316991216635316,0.221976810793914,0.221976810793914,0.239055161776856,0.999999980855398
3.44408727597382e-07,0.457566456812035,0.320708740194372,0.221724802993592,0.221724802993592,0.235841653818443,0.999999980843544
3.54077390896527e-07,0.454123087959282,0.324423758607826,0.221453153432892,0.221453153432892,0.232669934526391,0.999999980831915
3.64017484744614e-07,0.450701781371209,0.328135955218728,0.221162263410063,0.221162263410063,0.229539517961146,0.999999980820505
3.74236629072198e-07,0.447302450487032,0.331845020155524,0.220852529357444,0.220852529357444,0.226449921129588,0.999999980809308
3.84742657725851e-07,0.443925006952342,0.335550650218207,0.220524342829451,0.220524342829451,0.22340066412289,0.999999980798319
3.9554362447347e-07,0.440569360738343,0.339252548766261,0.220178090495396,0.220178090495396,0.220391270242947,0.999999980787532
4.06647809178186e-07,0.437235420254838,0.342950425608398,0.219814154136764,0.219814154136764,0.217421266118074,0.999999980776942
4.18063724145576e-07,0.433923092457326,0.346643996894024,0.21943291064865,0.21943291064865,0.214490181808676,0.999999980766544
4.2980012064908e-07,0.430632282948518,0.350332985006455,0.219034732045026,0.219034732045026,0.211597550903492,0.999999980756334
4.41865995638594e-07,0.427362896074611,0.354017118457807,0.218619985467582,0.218619985467582,0.208742910607029,0.999999980746307
4.54270598637404e-07,0.424114835016579,0.357696131785569,0.218189033197852,0.218189033197852,0.205925801818727,0.999999980736457
4.67023438832733e-07,0.420888001876776,0.361369765450825,0.217742232672398,0.217742232672398,0.203145769204378,0.999999980726782
4.80134292365345e-07,0.417682297761102,0.365037765738086,0.217279936500812,0.217279936500812,0.200402361260291,0.999999980717276
4.93613209823792e-07,0.414497622856961,0.368699884656721,0.216802492486318,0.216802492486318,0.197695130370642,0.999999980707935
5.07470523949047e-07,0.411333876507256,0.372355879843957,0.216310243648787,0.216310243648787,0.19502363285847,0.999999980698756
5.21716857555435e-07,0.408190957280628,0.376005514469421,0.21580352824995,0.21580352824995,0.192387429030678,0.999999980689734
5.36363131673925e-07,0.405068763038129,0.379648557141201,0.21528267982067,0.21528267982067,0.189786083217459,0.999999980680866
5.5142057392403e-07,0.401967190996533,0.383284781813399,0.214748027190068,0.214748027190068,0.187219163806465,0.999999980672149
5.66900727120743e-07,0.398886137788458,0.386913967695157,0.214199894516385,0.214199894516385,0.184686243272073,0.999999980663578
5.82815458123084e-07,0.395825499519461,0.390535899161129,0.21363860131941,0.21363860131941,0.182186898200051,0.999999980655151
5.99176966931061e-07,0.392785171822275,0.394150365663371,0.213064462514354,0.213064462514354,0.179720709307921,0.999999980646864
6.15997796038017e-07,0.389765049908325,0.397757161644636,0.212477788447039,0.212477788447039,0.177287261461286,0.999999980638713
6.33290840045511e-07,0.386765028616673,0.40135608645304,0.211878884930286,0.211878884930286,0.174886143686387,0.999999980630696
6.51069355548147e-07,0.38378500246052,0.404946944258093,0.211268053281387,0.211268053281387,0.172516949179133,0.99999998062281
6.69346971295867e-07,0.380824865671393,0.408529543968043,0.210645590360565,0.210645590360565,0.170179275310828,0.999999980615052
6.88137698641567e-07,0.377884512241126,0.412103699148554,0.21001178861032,0.21001178861032,0.167872723630806,0.999999980607419
7.07455942281988e-07,0.374963835961768,0.415669227942655,0.209366936095577,0.209366936095577,0.165596899866191,0.999999980599907
7.27316511300145e-07,0.37206273046349,0.419225952991968,0.208711316544542,0.208711316544542,0.163351413918948,0.999999980592516
7.47734630517758e-07,0.369181089250628,0.422773701359176,0.208045209390197,0.208045209390197,0.161135879860431,0.999999980585241
7.68725952166374e-07,0.366318805735922,0.426312304451726,0.207368889812353,0.207368889812353,0.158949915923569,0.99999998057808
7.90306567886135e-07,0.363475773273067,0.429841597946735,0.206682628780198,0.206682628780198,0.156793144492869,0.999999980571032
8.12493021061405e-07,0.360651885187641,0.433361421717089,0.20598669309527,0.20598669309527,0.154665192092371,0.999999980564093
8.35302319502679e-07,0.357847034806501,0.436871619758702,0.205281345434797,0.205281345434797,0.152565689371704,0.999999980557261
8.58751948484518e-07,0.355061115485714,0.440372040118937,0.204566844395349,0.204566844395349,0.150494271090365,0.999999980550535
8.82859884149515e-07,0.352294020637102,0.443862534826151,0.203843444536748,0.203843444536748,0.148450576100354,0.99999998054391
9.07644607288536e-07,0.349545643753462,0.447342959820355,0.203111396426182,0.203111396426182,0.14643424732728,0.999999980537387
9.33125117507824e-07,0.346815878432534,0.450813174884974,0.202370946682492,0.202370946682492,0.144444931750041,0.999999980530962
9.59320947793823e-07,0.344104618399756,0.454273043579679,0.201622338020565,0.201622338020565,0.142482280379191,0.999999980524633
9.86252179486878e-07,0.341411757529897,0.457722433174285,0.200865809295818,0.200865809295818,0.140545948234078,0.999999980518399
1.01393945767529e-06,0.338737189867591,0.46116121458369,0.200101595548719,0.200101595548719,0.138635594318872,0.999999980512258
1.04240400702156e-06,0.336080809646839,0.464589262303847,0.199329928049314,0.199329928049314,0.136750881597525,0.999999980506207
1.07166764803286e-06,0.333442511309529,0.468006454348739,0.198551034341732,0.198551034341732,0.134891476967797,0.999999980500246
1.10175281378839e-06,0.330822189523008,0.471412672188359,0.197765138288633,0.197765138288633,0.133057051234375,0.999999980494371
1.13268256713615e-06,0.328219739196767,0.474807800687662,0.196972460115571,0.196972460115571,0.131247279081196,0.999999980488582
1.16448061837269e-06,0.32563505549827,0.478191728046483,0.196173216455247,0.196173216455247,0.129461839043023,0.999999980482877
1.19717134341897e-06,0.323068033867961,0.481564345740409,0.19536762039163,0.19536762039163,0.127700413476331,0.999999980477253
1.23077980250667e-06,0.320518570033506,0.484925548462579,0.194555881503915,0.194555881503915,0.125962688529591,0.99999998047171
1.26533175938894e-06,0.317986560023286,0.488275234066405,0.193738205910309,0.193738205910309,0.124248354112977,0.999999980466247
1.30085370109057e-06,0.315471900179185,0.491613303509202,0.192914796311614,0.192914796311614,0.122557103867571,0.99999998046086
1.3373728582125e-06,0.312974487168704,0.494939660796702,0.192085852034593,0.192085852034593,0.120888635134111,0.99999998045555
1.37491722580642e-06,0.310494217996433,0.498254212928455,0.191251569075112,0.191251569075112,0.119242648921321,0.999999980450314
1.4135155848354e-06,0.308030990014902,0.501556869844079,0.190412140141018,0.190412140141018,0.117618849873884,0.999999980445151
1.4531975242369e-06,0.305584700934851,0.504847544370379,0.189567754694769,0.189567754694769,0.116016946240082,0.99999998044006
1.49399346360526e-06,0.303155248834938,0.508126152169284,0.188718598995778,0.188718598995778,0.11443664983916,0.99999998043504
1.5359346765109e-06,0.300742532170908,0.511392611686622,0.18786485614247,0.18786485614247,0.112877676028439,0.999999980430088
1.57905331447418e-06,0.298346449784257,0.514646844101698,0.187006706114046,0.187006706114046,0.111339743670211,0.999999980425205
1.62338243161228e-06,0.2959669009104,0.517888773277672,0.186144325811928,0.186144325811928,0.109822575098472,0.999999980420388
1.66895600997803e-06,0.293603785186377,0.521118325712732,0.185277889100891,0.185277889100891,0.108325896085486,0.999999980415636
1.71580898561001e-06,0.291257002658112,0.524335430492025,0.184407566849863,0.184407566849863,0.106849435808249,0.999999980410949
1.76397727531405e-06,0.288926453787243,0.527540019240365,0.183533526972393,0.183533526972393,0.10539292681485,0.999999980406324
1.8134978041965e-06,0.286612039457543,0.530732026075685,0.182655934466771,0.182655934466771,0.103956104990772,0.999999980401762
1.86440853397049e-06,0.28431366098096,0.533911387563232,0.181774951455808,0.181774951455808,0.102538709525152,0.99999998039726
1.91674849205681e-06,0.282031220103269,0.537078042670483,0.180890737226248,0.180890737226248,0.101140482877021,0.999999980392818
1.9705578015018e-06,0.279764619009381,0.540231932722785,0.180003448267833,0.180003448267833,0.0997611707415482,0.999999980388435
2.02587771173502e-06,0.277513760328306,0.543373001359699,0.179113238311995,0.179113238311995,0.0984005220163112,0.999999980384109
2.08275063019052e-06,0.275278547137784,0.546501194492036,0.17822025837018,0.17822025837018,0.0970582887676039,0.99999998037984
2.14122015481573e-06,0.273058882968613,0.549616460259583,0.177324656771805,0.177324656771805,0.0957342261968077,0.999999980375627
2.20133110749303e-06,0.27085467180867,0.552718748989498,0.176426579201832,0.176426579201832,0.0944280926068385,0.999999980371469
2.26312956839953e-06,0.268665818106655,0.555808013155376,0.17552616873797,0.17552616873797,0.093139649368685,0.999999980367364
2.32666291133146e-06,0.26649222677555,0.558884207336955,0.174623565887495,0.174623565887495,0.0918686608880548,0.999999980363312
2.39197984002024e-06,0.264333803195827,0.561947288180487,0.173718908623687,0.173718908623687,0.0906148945721401,0.999999980359312
2.45913042546804e-06,0.262190453218397,0.564997214359722,0.172812332421881,0.172812332421881,0.0893781207965156,0.999999980355363
2.5281661443315e-06,0.260062083167325,0.568033946537533,0.171903970295142,0.171903970295142,0.0881581128721824,0.999999980351465
2.59913991838293e-06,0.25794859984231,0.571057447328147,0.170993952829543,0.170993952829543,0.0869546470127667,0.999999980347615
2.67210615507944e-06,0.255849910520949,0.574067681259986,0.170082408219065,0.170082408219065,0.0857675023018848,0.999999980343815
2.74712078927081e-06,0.25376592296079,0.577064614739105,0.169169462300106,0.169169462300106,0.0845964606606839,0.999999980340062
2.82424132607844e-06,0.251696545401176,0.580048216013214,0.16825523858561,0.168255238585609,0.0834413068155669,0.999999980336356
2.90352688497781e-06,0.249641686564912,0.583018455136288,0.167339858298801,0.167339858298801,0.0823018282661108,0.999999980332696
2.98503824511873e-06,0.247601255659725,0.585975303933735,0.16642344040654,0.16642344040654,0.0811778152531848,0.999999980329082
3.06883789191764e-06,0.245575162379568,0.588918735968141,0.165506101652291,0.165506101652291,0.0800690607272764,0.999999980325513
3.15499006495809e-06,0.243563316905739,0.591848726505554,0.164587956588708,0.164587956588708,0.0789753603170314,0.999999980321988
3.24356080723581e-06,0.241565629907846,0.594765252482322,0.163669117609832,0.163669117609832,0.0778965122980141,0.999999980318506
3.33461801578637e-06,0.239582012544612,0.59766829247247,0.162749694982919,0.162749694982919,0.0768323175616931,0.999999980315066
3.42823149373397e-06,0.237612376464531,0.600557826655596,0.161829796879873,0.161829796879873,0.0757825795846583,0.999999980311669
3.52447300380159e-06,0.235656633806385,0.603433836785302,0.160909529408312,0.160909529408313,0.0747471043980727,0.999999980308312
3.62341632332315e-06,0.233714697199619,0.606296306158126,0.159988996642255,0.159988996642255,0.0737257005573645,0.999999980304997
3.72513730080021e-06,0.231786479764587,0.609145219582988,0.159068300652425,0.159068300652425,0.0727181791121623,0.999999980301721
3.82971391404628e-06,0.229871895112674,0.61198056335113,0.158147541536196,0.158147541536196,0.0717243535764783,0.999999980298485
3.93722632996347e-06,0.227970857346294,0.614802325206552,0.157226817447154,0.157226817447154,0.0707440398991404,0.999999980295288
4.04775696599732e-06,0.226083281058775,0.617610494316928,0.156306224624297,0.156306224624297,0.0697770564344786,0.999999980292129
4.16139055331671e-06,0.224209081334136,0.620405061244995,0.155385857420869,0.155385857420869,0.0688232239132665,0.999999980289007
4.27821420176762e-06,0.222348173746749,0.623186017920423,0.154465808332828,0.154465808332828,0.0678823654139205,0.999999980285923
4.39831746665023e-06,0.220500474360912,0.625953357612136,0.153546168026952,0.153546168026952,0.0669543063339593,0.999999980282874
4.5217924173707e-06,0.218665899730316,0.628707074901093,0.152627025368592,0.152627025368592,0.0660388743617242,0.999999980279862
4.64873370802026e-06,0.216844366897421,0.631447165653521,0.151708467449058,0.151708467449058,0.065135899448363,0.999999980276886
4.7792386499356e-06,0.215035793392745,0.634173626994589,0.150790579612667,0.150790579612667,0.0642452137800778,0.999999980273943
4.91340728629636e-06,0.213240097234064,0.63688645728251,0.149873445483426,0.149873445483426,0.0633666517506379,0.999999980271036
