1e-09,0.950403423386671,0.0142440087314609,0.035352567881868,0.035352567881868,0.915050855504803,0.999999999162682
1.02807322383086e-09,0.950345981283331,0.0142626451290316,0.0353913735876372,0.0353913735876371,0.914954607695694,0.999999999139357
1.05693455355799e-09,0.950286814022336,0.0142818464077875,0.0354313395698768,0.0354313395698769,0.914855474452459,0.999999999115388
1.0866061138546e-09,0.950225866510498,0.0143016309136736,0.0354725025758282,0.0354725025758281,0.91475336393467,0.999999999090756
1.11711065050482e-09,0.950163081706407,0.0143220176594505,0.0355149006341422,0.0355149006341421,0.914648181072265,0.999999999065446
1.14847154784029e-09,0.950098400540906,0.0143430263529655,0.0355585731061284,0.0355585731061284,0.914539827434778,0.999999999039438
1.18071284666619e-09,0.950031761833752,0.0143646774268443,0.0356035607394039,0.0356035607394039,0.914428201094348,0.999999999012713
1.21385926269063e-09,0.949963102206243,0.0143869920696854,0.0356499057240717,0.0356499057240717,0.914313196482171,0.999999998985252
1.24793620547131e-09,0.949892355989588,0.0144099922588459,0.0356976517515666,0.0356976517515666,0.914194704238021,0.999999998957035
1.28296979789415e-09,0.949819455128771,0.0144337007949142,0.0357468440763147,0.0357468440763147,0.914072611052456,0.999999998928042
1.31898689619867e-09,0.949744329081669,0.0144581413379693,0.0357975295803616,0.0357975295803616,0.913946799501308,0.999999998898252
1.35601511056563e-09,0.949666904713132,0.0144833384457342,0.0358497568411341,0.0358497568411341,0.913817147871998,0.999999998867644
1.39408282628258e-09,0.949587106183751,0.0145093176137393,0.0359035762025099,0.0359035762025099,0.913683529981241,0.999999998836195
1.43321922550358e-09,0.949504854833,0.0145361053176182,0.0359590398493813,0.0359590398493813,0.913545814983619,0.999999998803884
1.47345430961984e-09,0.949420069056424,0.0145637290576665,0.0360162018859092,0.0360162018859091,0.913403867170515,0.999999998770687
1.51481892225835e-09,0.949332664176518,0.014592217405804,0.0360751184176779,0.0360751184176779,0.91325754575884,0.999999998736582
1.55734477292614e-09,0.949242552306936,0.0146216000550914,0.0361358476379726,0.0361358476379726,0.913106704668963,0.999999998701542
1.60106446131832e-09,0.949149642209624,0.0146519078719604,0.036198449918416,0.036198449918416,0.912951192291208,0.999999998665545
1.64601150230855e-09,0.949053839144455,0.0146831729513297,0.0362629879042154,0.0362629879042154,0.912790851240239,0.999999998628564
1.69222035164104e-09,0.948955044710921,0.0147154286747912,0.0363295266142881,0.0363295266142881,0.912625518096633,0.999999998590574
1.7397264323438e-09,0.948853156681389,0.0147487097720627,0.0363981335465485,0.0363981335465485,0.91245502313484,0.999999998551549
1.78856616188346e-09,0.948748068825422,0.0147830523859184,0.0364688787886593,0.0364688787886592,0.912279190036763,0.99999999851146
1.83877698008233e-09,0.948639670724607,0.014818494140824,0.0365418351345694,0.0365418351345694,0.912097835590037,0.99999999847028
1.89039737781922e-09,0.948527847577303,0.0148550742155187,0.0366170782071782,0.0366170782071782,0.911910769370125,0.999999998427981
1.94346692653602e-09,0.948412479992704,0.0148928334198037,0.0366946865874922,0.0366946865874922,0.911717793405212,0.999999998384533
1.99802630857255e-09,0.948293443773521,0.0149318142758188,0.0367747419506598,0.0367747419506598,0.911518701822862,0.999999998339907
2.05411734835306e-09,0.948170609686599,0.0149720611041046,0.0368573292092964,0.0368573292092965,0.911313280477303,0.999999998294072
2.11178304444824e-09,0.948043843220688,0.015013620114774,0.0369425366645377,0.0369425366645377,0.911101306556151,0.999999998246997
2.17106760253726e-09,0.947913004330573,0.015056539504139,0.0370304561652879,0.037030456165288,0.910882548165285,0.99999999819865
2.23201646929523e-09,0.947777947166678,0.0151008695571643,0.037121183276158,0.0371211832761581,0.91065676389052,0.999999998148998
2.29467636723194e-09,0.94763851978923,0.0151466627561476,0.0372148174546227,0.0372148174546227,0.910423702334607,0.999999998098009
2.35909533050864e-09,0.947494563865986,0.0151939738960583,0.0373114622379557,0.0373114622379558,0.91018310162803,0.999999998045647
2.42532274176036e-09,0.947345914352463,0.015242860206994,0.0374112254405425,0.0374112254405425,0.909934688911921,0.999999997991879
2.49340936995188e-09,0.94719239915354,0.0152933814842571,0.0375142193622031,0.037514219362203,0.909678179791337,0.999999997936668
2.56340740929651e-09,0.947033838765217,0.0153456002265826,0.0376205610082001,0.0376205610082001,0.909413277757017,0.999999997879979
2.63537051926739e-09,0.946870045895251,0.0153995817830987,0.0377303723216506,0.0377303723216507,0.9091396735736,0.999999997821774
2.70935386573205e-09,0.946700825061261,0.0154553945096384,0.0378437804291002,0.0378437804291002,0.908857044632161,0.999999997762016
2.78541416324176e-09,0.946525972164857,0.0155131099350719,0.0379609179000713,0.0379609179000713,0.908565054264785,0.999999997700667
2.86360971850811e-09,0.946345274040176,0.0155728029383833,0.0380819230214411,0.0380819230214412,0.908263351018734,0.999999997637687
2.94400047510004e-09,0.946158507975175,0.0156345519372652,0.03820694008756,0.03820694008756,0.907951567887615,0.999999997573036
3.0266480593957e-09,0.945965441203854,0.0156984390890712,0.0383361197070751,0.0383361197070752,0.907629321496779,0.999999997506675
3.11161582782436e-09,0.945765830367493,0.0157645505050281,0.0384696191274787,0.0384696191274787,0.907296211240014,0.99999999743856
3.19896891543454e-09,0.945559420942858,0.0158329764786805,0.0386076025784614,0.0386076025784614,0.906951818364397,0.999999997368651
3.28877428582551e-09,0.945345946635173,0.0159038117296172,0.0387502416352102,0.0387502416352102,0.906595704999962,0.999999997296905
3.38110078248068e-09,0.945125128733536,0.0159771556636092,0.0388977156028546,0.0388977156028547,0.906227413130682,0.999999997223277
3.47601918154197e-09,0.944896675426294,0.0160531126503786,0.0390502119233275,0.0390502119233275,0.905846463502966,0.999999997147725
3.57360224606578e-09,0.944660281073717,0.0161317923203112,0.0392079266059715,0.0392079266059716,0.905452354467746,0.999999997070204
3.67392478180208e-09,0.944415625435182,0.0162133098815273,0.0393710646832904,0.0393710646832903,0.905044560751892,0.999999996990667
3.77706369453937e-09,0.94416237284786,0.0162977864588365,0.039539840693304,0.039539840693304,0.904622532154556,0.99999999690907
3.88309804905961e-09,0.943900171353749,0.0163853494562154,0.0397144791900353,0.0397144791900353,0.904185692163714,0.999999996825366
3.99210912974805e-09,0.943628651771708,0.0164761329445777,0.0398952152837145,0.0398952152837145,0.903733436487993,0.999999996739508
4.10418050290471e-09,0.943347426710922,0.016570278076735,0.0400822952123428,0.0400822952123427,0.903265131498579,0.999999996651449
4.21939808080502e-09,0.943056089522095,0.0166679335315929,0.040275976946312,0.0402759769463119,0.902780112575783,0.99999999656114
4.33785018755898e-09,0.942754213182409,0.0167692559897759,0.0404765308278153,0.0404765308278152,0.902277682354593,0.999999996468534
4.45962762681909e-09,0.942441349110141,0.0168744106430389,0.0406842402468204,0.0406842402468204,0.90175710886332,0.999999996373583
4.58482375138911e-09,0.942117025904622,0.0169835717399872,0.0408994023553908,0.0408994023553907,0.901217623549231,0.999999996276237
4.71353453478692e-09,0.941780748007046,0.0170969231708109,0.0411223288221434,0.0411223288221434,0.900658419184902,0.999999996176449
4.8458586448165e-09,0.941431994277469,0.0172146590939218,0.0413533466286093,0.0413533466286093,0.90007864764886,0.999999996074169
4.98189751920517e-09,0.941070216483216,0.0173369846075756,0.0415927989092084,0.0415927989092084,0.899477417574008,0.999999995969348
5.12175544336424e-09,0.940694837693768,0.0174641164697619,0.04184104583647,0.04184104583647,0.898853791857298,0.999999995861938
5.26553963033276e-09,0.940305250577155,0.0175962838698483,0.0420984655529972,0.0420984655529972,0.898206785024157,0.999999995751892
5.41336030296538e-09,0.939900815592837,0.0177337292556687,0.0423654551514938,0.0423654551514938,0.897535360441344,0.999999995639161
5.56533077842764e-09,0.939480859076119,0.0178767092199507,0.0426424317039302,0.0426424317039303,0.896838427372189,0.999999995523698
5.72156755506324e-09,0.939044671209222,0.0180254954501766,0.0429298333406016,0.0429298333406015,0.89611483786862,0.999999995405456
5.88219040169997e-09,0.938591503874423,0.0181803757461572,0.0432281203794202,0.0432281203794201,0.895363383495002,0.999999995284392
6.04732244946265e-09,0.938120568384963,0.0183416551097711,0.0435377765052659,0.0435377765052659,0.894582791879697,0.999999995160459
6.21709028616383e-09,0.937631033089971,0.0185096569114632,0.0438593099985661,0.043859309998566,0.893771723091405,0.999999995033615
6.39162405334401e-09,0.937122020850318,0.0186847241382089,0.0441932550114735,0.0441932550114734,0.892928765838844,0.999999994903819
6.57105754603627e-09,0.936592606383263,0.0188672207277064,0.0445401728890302,0.0445401728890302,0.892052433494233,0.999999994771032
6.75552831533164e-09,0.936041813474933,0.0190575329935574,0.0449006535315093,0.0449006535315093,0.891141159943424,0.999999994635215
6.94517777382369e-09,0.935468612061197,0.019256071146112,0.0452753167926909,0.0452753167926908,0.890193295268506,0.999999994496335
7.14015130401339e-09,0.934871915179442,0.0194632709134569,0.045664813907101,0.045664813907101,0.889207101272341,0.999999994354359
7.3405983697572e-09,0.934250575796098,0.0196795952667068,0.046069828937195,0.046069828937195,0.888180746858903,0.999999994209259
7.5466726308439e-09,0.933603383517694,0.0199055362532697,0.0464910802290367,0.0464910802290367,0.887112303288657,0.999999994061008
7.75853206078784e-09,0.932929061196762,0.0201416169410674,0.0469293218621707,0.0469293218621707,0.885999739334591,0.999999993909587
7.97633906792928e-09,0.932226261448192,0.0203883934757598,0.0473853450760478,0.0473853450760477,0.884840916372145,0.999999993754978
8.20026061993413e-09,0.931493563096723,0.0206464572517925,0.0478599796514848,0.0478599796514848,0.883633583445238,0.999999993597169
8.43046837178897e-09,0.930729467582329,0.0209164371965029,0.0483540952211681,0.0483540952211681,0.882375372361161,0.999999993436153
8.66713879738922e-09,0.929932395357398,0.0211990021645228,0.0488686024780795,0.0488686024780796,0.881063792879318,0.999999993271931
8.9104533248215e-09,0.929100682317884,0.0214948634372194,0.0494044542448971,0.049404454244897,0.879696228072987,0.999999993104508
9.16059847544369e-09,0.928232576320286,0.0218047773188597,0.0499626463608545,0.0499626463608545,0.878269929959431,0.999999992933898
9.41776600686954e-09,0.927326233847326,0.0221295478174613,0.0505442183352129,0.0505442183352129,0.876782015512113,0.999999992760123
9.6821530599671e-09,0.926379716897745,0.022470029393838,0.051150253708417,0.051150253708417,0.875229463189328,0.999999992583213
9.95396230998424e-09,0.925390990189731,0.0228271297570561,0.0517818800532126,0.0517818800532127,0.873609110136519,0.999999992403207
1.02334021219164e-08,0.924357918783097,0.0232018126783158,0.0524402685385868,0.0524402685385869,0.871917650244511,0.999999992220154
1.05206867102362e-08,0.923278266242391,0.0235951007880898,0.0531266329695188,0.0531266329695188,0.870151633272873,0.999999992034116
1.08160363031071e-08,0.922149693481429,0.0240080783131341,0.0538422282054367,0.0538422282054367,0.868307465275992,0.999999991845165
1.1119677311207e-08,0.920969758448954,0.024441893700736,0.0545883478503098,0.0545883478503099,0.866381410598644,0.999999991653384
1.14318425012915e-08,0.919735916834761,0.0248977620672926,0.0553663210979462,0.0553663210979461,0.864369595736815,0.999999991458873
1.17527711746295e-08,0.918445523994922,0.0253769673971567,0.056177508607921,0.056177508607921,0.862268015387001,0.999999991261743
1.20827093504478e-08,0.917095838312768,0.0258808644058033,0.0570232972814292,0.0570232972814292,0.860072541031338,0.99999999106212
1.24219099545262e-08,0.915684026227718,0.0264108799690964,0.0579050938031858,0.0579050938031858,0.857778932424532,0.999999990860149
1.27706330130864e-08,0.91420716917536,0.0269685140081922,0.0588243168164474,0.0588243168164474,0.855382852358913,0.999999990655986
1.31291458521247e-08,0.91266227268739,0.0275553397080166,0.0597823876045939,0.0597823876045939,0.852879885082796,0.999999990449805
1.34977233023394e-08,0.911046277896991,0.0281730029370754,0.0607807191659337,0.0607807191659336,0.850265558731057,0.9999999902418
1.38766479098131e-08,0.909356075681451,0.0288232207285634,0.0618207035899859,0.0618207035899859,0.847535372091465,0.999999990032179
1.42662101526074e-08,0.907588523646636,0.0295077786784737,0.0629036976748902,0.0629036976748901,0.844684825971746,0.999999989821167
1.46667086634397e-08,0.905740466114937,0.0302285271169758,0.0640310067680873,0.0640310067680873,0.841709459346849,0.999999989609006
1.50784504586105e-08,0.903808757217015,0.0309873759161038,0.065203866866881,0.0652038668668811,0.838604890350134,0.999999989395957
1.55017511733577e-08,0.901790287106584,0.0317862878111845,0.0664234250822314,0.0664234250822313,0.835366862024353,0.999999989182292
1.59369353038178e-08,0.899682011215735,0.0326272701366934,0.0676907186475716,0.0676907186475715,0.831991292568164,0.999999988968302
1.63843364557798e-08,0.89748098234676,0.0335123649103325,0.0690066527429072,0.0690066527429072,0.828474329603853,0.999999988754288
1.68442976004231e-08,0.895184385257477,0.0344436372425754,0.070371977499948,0.0703719774999481,0.824812407757529,0.999999988540563
1.73171713372335e-08,0.892789573245415,0.0354231621025112,0.0717872646520734,0.0717872646520733,0.821002308593342,0.999999988327451
1.78033201643011e-08,0.89029410607891,0.0364530095334702,0.0732528843876195,0.0732528843876195,0.817041221691291,0.99999998811528
1.83031167562061e-08,0.887695788469392,0.0375352284814965,0.0747689830491119,0.0747689830491118,0.81292680542028,0.999999987904385
1.88169442497056e-08,0.884992708140347,0.0386718294730577,0.076335462386595,0.0763354623865949,0.808657245753752,0.999999987695101
1.93451965374404e-08,0.882183272436896,0.0398647664512014,0.0779519611119031,0.0779519611119031,0.804231311324992,0.999999987487759
1.98882785698881e-08,0.879266242348399,0.0411159181466311,0.0796178395049696,0.0796178395049696,0.79964840284343,0.999999987282687
2.04466066657912e-08,0.876240762796415,0.0424270694164022,0.0813321677871832,0.0813321677871831,0.794908595009232,0.999999987080205
2.10206088313016e-08,0.873106388080208,0.0437998930227148,0.0830937188970769,0.0830937188970768,0.790012669183132,0.999999986880617
2.16107250880838e-08,0.869863101476594,0.0452359323428949,0.0849009661805115,0.0849009661805115,0.784962135296082,0.999999986684216
2.22174078106288e-08,0.866511328159062,0.0467365854957165,0.0867520863452214,0.0867520863452215,0.779759241813841,0.999999986491272
2.28411220730383e-08,0.863051940826419,0.0483030913371836,0.0886449678363978,0.0886449678363977,0.774406972990021,0.999999986302038
2.34823460055428e-08,0.859486257700842,0.049936517721438,0.0905772245777199,0.0905772245777198,0.768909033123122,0.999999986116741
2.41415711610302e-08,0.855816032852191,0.0516377523425682,0.0925462148052406,0.0925462148052406,0.763269818046951,0.999999985935584
2.48193028918626e-08,0.852043439109044,0.0534074963758308,0.0945490645151253,0.0945490645151252,0.757494374593919,0.99999998575874
2.55160607372719e-08,0.848171044105968,0.0552462610288339,0.0965826948651979,0.0965826948651979,0.75158834924077,0.999999985586359
2.62323788216312e-08,0.844201780270873,0.0571543670021146,0.0986438527270119,0.0986438527270119,0.745557927543862,0.999999985418559
2.69688062639069e-08,0.840138909759502,0.0591319467518681,0.10072914348863,0.10072914348863,0.739409766270872,0.999999985255431
2.77259075986048e-08,0.83598598548481,0.0611789493522284,0.102835065162961,0.102835065162961,0.733150920321849,0.99999998509704
2.85042632085343e-08,0.831746809461905,0.0632951476758875,0.104958042862207,0.104958042862207,0.726788766599698,0.999999984943424
2.93044697697214e-08,0.827425389695113,0.0654801475535874,0.1070944627513,0.1070944627513,0.720330926943813,0.999999984794595
3.01271407088116e-08,0.823025896778861,0.0677333985367037,0.109240704684435,0.109240704684435,0.713785192094426,0.999999984650544
3.09729066733141e-08,0.818552621278742,0.0700542058724326,0.111393172848825,0.111393172848825,0.707159448429917,0.99999998451124
3.18424160150466e-08,0.81400993281622,0.0724417433060318,0.113548323877748,0.113548323877748,0.700461608938471,0.999999984376631
3.27363352871525e-08,0.809402241613961,0.0748950663460232,0.115702692040016,0.115702692040016,0.693699549573945,0.999999984246651
3.36553497550709e-08,0.804733963081906,0.0774131256624076,0.117852911255686,0.117852911255686,0.68688105182622,0.999999984121218
3.46001639218511e-08,0.800009485848941,0.0799947803307153,0.119995733820344,0.119995733820344,0.680013752028596,0.999999984000237
3.55715020682138e-08,0.795233143480664,0.0826388106822573,0.122128045837079,0.122128045837079,0.673105097643584,0.999999983883603
3.65701088077749e-08,0.790409189977266,0.0853439305698215,0.124246879452912,0.124246879452912,0.666162310524354,0.999999983771201
3.75967496578547e-08,0.785541779021077,0.0881087989054963,0.126349422073427,0.126349422073427,0.65919235694765,0.999999983662913
3.86522116263126e-08,0.780634946842809,0.0909320303712413,0.12843302278595,0.12843302278595,0.652201924056859,0.999999983558611
3.97373038148561e-08,0.775692598498974,0.093812205241855,0.130495196259171,0.130495196259171,0.645197402239804,0.999999983458168
4.08528580392857e-08,0.770718497298734,0.0967478782933743,0.132533624407892,0.132533624407892,0.638184872890842,0.999999983361451
4.19997294671531e-08,0.76571625708429,0.0997375867974213,0.134546156118289,0.134546156118289,0.631170100966001,0.999999983268329
4.31787972733202e-08,0.760689337051791,0.102779857623728,0.136530805324481,0.136530805324481,0.624158531727309,0.999999983178669
4.43909653139217e-08,0.755641038796378,0.105873213489457,0.138485747714165,0.138485747714165,0.617155291082214,0.99999998309234
4.56371628192476e-08,0.750574505272495,0.109016178405585,0.14040931632192,0.14040931632192,0.610165188950575,0.999999983009213
4.6918345106078e-08,0.745492721375906,0.112207282378177,0.142299996245917,0.142299996245917,0.603192725129989,0.999999982929161
4.82354943100147e-08,0.740398515874673,0.115445065426619,0.144156418698708,0.144156418698708,0.596242097175965,0.999999982852058
4.95896201383721e-08,0.735294564440417,0.118728080982375,0.145977354577208,0.145977354577208,0.58931720986321,0.999999982777784
5.09817606442043e-08,0.730183393556929,0.122054898731286,0.147761707711785,0.147761707711785,0.582421685845144,0.999999982706221
5.24129830220606e-08,0.725067385109234,0.125424106960336,0.14950850793043,0.149508507930429,0.575558877178805,0.999999982637255
5.38843844260822e-08,0.719948781481632,0.128834314466624,0.151216904051744,0.151216904051744,0.568731877429888,0.999999982570775
5.5397092811064e-08,0.714829691017305,0.132284152082382,0.152886156900314,0.152886156900313,0.561943534116991,0.999999982506676
5.69522677971282e-08,0.709712093714418,0.135772273865609,0.154515632419973,0.154515632419973,0.555196461294445,0.999999982444856
5.85511015586724e-08,0.704597847053916,0.139297358001419,0.156104794944665,0.156104794944664,0.548493052109252,0.999999982385216
6.01948197382727e-08,0.69948869187243,0.142858107454728,0.157653200672842,0.157653200672842,0.541835491199588,0.999999982327662
6.18846823862438e-08,0.694386258209731,0.146453250410603,0.159160491379667,0.159160491379667,0.535225766830064,0.999999982272104
6.3621984926575e-08,0.689292071074215,0.150081540534468,0.160626388391317,0.160626388391317,0.528665682682898,0.999999982218457
6.54080591499826e-08,0.684207556081977,0.153741757080539,0.162050686837484,0.162050686837483,0.522156869244494,0.999999982166637
6.72442742348425e-08,0.679134044935338,0.157432704873327,0.163433250191335,0.163433250191335,0.515700794744003,0.999999982116566
6.91320377967813e-08,0.674072780715469,0.16115321418383,0.164774005100701,0.164774005100701,0.509298775614768,0.999999982068169
7.10727969677341e-08,0.669024922971019,0.164902140519161,0.16607293650982,0.16607293650982,0.502951986461199,0.999999982021376
7.30680395052951e-08,0.663991552590725,0.16867836434176,0.167330083067515,0.167330083067515,0.496661469523209,0.999999981976116
7.51192949332097e-08,0.658973676452966,0.172480790732043,0.168545532814991,0.168545532814991,0.490428143637974,0.999999981932325
7.72281357138864e-08,0.653972231849234,0.176308349006331,0.169719419144435,0.169719419144435,0.484252812704799,0.999999981889941
7.93961784538228e-08,0.648988090681728,0.18015999230012,0.170851917018152,0.170851917018152,0.478136173663576,0.999999981848906
8.16250851428724e-08,0.644022063437822,0.184034697125209,0.171943239436968,0.171943239436968,0.472078824000854,0.999999981809163
8.39165644283016e-08,0.639074902946142,0.187931462907861,0.172993634145998,0.172993634145998,0.466081268800144,0.999999981770658
8.62723729246145e-08,0.634147307920449,0.191849311513999,0.174003380565552,0.174003380565552,0.460143927354897,0.99999998173334
8.8694316560147e-08,0.629239926298674,0.195787286766467,0.17497278693486,0.17497278693486,0.454267139363814,0.999999981697162
9.11842519614656e-08,0.624353358385164,0.199744453958475,0.175902187656361,0.175902187656361,0.448451170728803,0.999999981662076
9.374408787663e-08,0.619488159804754,0.203719899366674,0.176791940828572,0.176791940828572,0.442696218976182,0.999999981628039
9.63757866384109e-08,0.614644844277541,0.207712729766615,0.177642425955844,0.177642425955844,0.437002418321697,0.999999981595009
9.90813656685867e-08,0.609823886223362,0.211722071952875,0.178454041823764,0.178454041823764,0.431369844399598,0.999999981562945
1.01862899024469e-07,0.605025723204975,0.215747072265615,0.17922720452941,0.17922720452941,0.425798518675565,0.99999998153181
1.04722518988844e-07,0.600250758218803,0.219786896125023,0.179962345656174,0.179962345656174,0.420288412562629,0.999999981501568
1.07662417704549e-07,0.595499361841905,0.223840727574709,0.180659910583386,0.180659910583386,0.414839451258519,0.999999981472184
1.10684848854941e-07,0.590771874243583,0.227907768834895,0.181320356921523,0.181320356921523,0.40945151732206,0.999999981443625
1.13792129391531e-07,0.586068607069712,0.231987239866001,0.181944153064286,0.181944153064286,0.404124454005426,0.999999981415859
1.16986641310131e-07,0.581389845207573,0.236078377943036,0.18253177684939,0.18253177684939,0.398858068358183,0.999999981388857
1.20270833476851e-07,0.576735848438569,0.240180437241058,0.183083714320373,0.183083714320373,0.393652134118195,0.999999981362591
1.23647223505371e-07,0.57210685298589,0.244292688431836,0.183600458582274,0.183600458582274,0.388506394403616,0.999999981337032
1.27118399686903e-07,0.567503072963788,0.248414418291756,0.184082508744457,0.184082508744457,0.383420564219331,0.999999981312155
1.30687022974335e-07,0.562924701734771,0.252544929320887,0.184530368944342,0.184530368944342,0.378394332790429,0.999999981287935
1.34355829022083e-07,0.558371913180671,0.256683539373129,0.1849445474462,0.1849445474462,0.373427365734471,0.999999981264349
1.38127630283201e-07,0.553844862893174,0.260829581297224,0.185325555809603,0.185325555809603,0.368519307083571,0.999999981241373
1.42005318165368e-07,0.549343689289074,0.264982402588453,0.185673908122473,0.185673908122473,0.363669781166602,0.999999981218986
1.45991865247398e-07,0.544868514655198,0.269141365050743,0.185990120294059,0.185990120294059,0.358878394361139,0.999999981197167
1.50090327557974e-07,0.540419446127594,0.273305844468931,0.186274709403475,0.186274709403475,0.35414473672412,0.999999981175897
1.54303846918356e-07,0.535996576609348,0.277475230290883,0.186528193099769,0.186528193099769,0.349468383509579,0.999999981155157
1.58635653350859e-07,0.531599985631035,0.281648925319185,0.18675108904978,0.18675108904978,0.344848896581255,0.999999981134927
1.63089067554933e-07,0.52722974015762,0.285826345412083,0.186943914430297,0.186943914430297,0.340285825727323,0.999999981115192
1.6766750345277e-07,0.522885895345311,0.290006919193377,0.187107185461312,0.187107185461312,0.335778709883999,0.999999981095935
1.72374470806362e-07,0.518568495251677,0.294190087770953,0.18724141697737,0.18724141697737,0.331327078274307,0.999999981077139
1.77213577908036e-07,0.514277573502092,0.298375304463646,0.187347122034262,0.187347122034262,0.326930451467831,0.999999981058789
1.82188534346517e-07,0.51001315391538,0.302562034536141,0.187424811548479,0.187424811548479,0.322588342366901,0.999999981040871
1.87303153850643e-07,0.505775251091319,0.30674975494161,0.18747499396707,0.18747499396707,0.318300257124249,0.999999981023371
1.9256135721292e-07,0.501563870962517,0.310937954071795,0.187498174965687,0.187498174965687,0.31406569599683,0.999999981006275
1.97967175295133e-07,0.497379011312952,0.315126131514263,0.187494857172786,0.187494857172786,0.309884154140166,0.999999980989571
2.03524752118358e-07,0.493220662265358,0.319313797816558,0.187465539918083,0.187465539918083,0.305755122347275,0.999999980973245
2.09238348039698e-07,0.489088806739476,0.323500474256994,0.18741071900353,0.18741071900353,0.301678087735946,0.999999980957287
2.15112343018217e-07,0.484983420883019,0.32768569262182,0.187330886495161,0.187330886495161,0.297652534387858,0.999999980941685
2.21151239972549e-07,0.480904474477137,0.331868994988539,0.187226530534324,0.187226530534324,0.293677943942813,0.999999980926428
2.27359668232772e-07,0.476851931317988,0.336049933515122,0.18709813516689,0.18709813516689,0.289753796151098,0.999999980911505
2.33742387089181e-07,0.472825749575941,0.340228070234908,0.186946180189151,0.186946180189151,0.285879569386791,0.999999980896906
2.40304289440697e-07,0.468825882133828,0.34440297685698,0.186771141009192,0.186771141009192,0.282054741124636,0.999999980882622
2.47050405545683e-07,0.464852276905566,0.348574234571789,0.186573488522644,0.186573488522644,0.278278788382922,0.999999980868643
2.53985906878073e-07,0.460904877136383,0.352741433861856,0.186353689001761,0.186353689001761,0.274551188134622,0.99999998085496
2.61116110091746e-07,0.456983621685786,0.356904174317342,0.186112203996872,0.186112203996872,0.270871417688914,0.999999980841565
2.68446481096197e-07,0.45308844529435,0.361062064456329,0.18584949024932,0.18584949024932,0.26723895504503,0.999999980828449
2.75982639246618e-07,0.449219278835335,0.365214721549618,0.185565999615047,0.185565999615047,0.263653279220287,0.999999980815605
2.83730361651621e-07,0.445376049552039,0.369361771449891,0.18526217899807,0.18526217899807,0.260113870553969,0.999999980803024
2.91695587601879e-07,0.44155868128179,0.37350284842509,0.18493847029312,0.18493847029312,0.25662021098867,0.999999980790698
2.99884423123102e-07,0.437767094667362,0.377637594995846,0.184595310336792,0.184595310336792,0.25317178433057,0.999999980778622
3.08303145656828e-07,0.434001207356593,0.381765661776826,0.18423313086658,0.18423313086658,0.249768076490013,0.999999980766788
3.16958208872612e-07,0.430260934190903,0.38588670732187,0.183852358487227,0.183852358487227,0.246408575703676,0.99999998075519
3.25856247615323e-07,0.426546187383381,0.39000039797277,0.183453414643849,0.183453414643849,0.243092772739532,0.99999998074382
3.35004082991314e-07,0.422856876687064,0.394106407711583,0.183036715601353,0.183036715601353,0.239820161085712,0.999999980732672
3.44408727597382e-07,0.419192909553979,0.398204418016358,0.182602672429663,0.182602672429663,0.236590237124316,0.999999980721742
3.54077390896527e-07,0.415554191285496,0.40229411772016,0.182151690994344,0.182151690994344,0.233402500291152,0.999999980711023
3.64017484744614e-07,0.411940625174503,0.406375202873282,0.181684171952215,0.181684171952215,0.230256453222288,0.999999980700508
3.74236629072198e-07,0.408352112639867,0.410447376608562,0.181200510751571,0.181200510751571,0.227151601888296,0.999999980690194
3.84742657725851e-07,0.404788553353641,0.414510349009673,0.180701097636685,0.180701097636686,0.224087455716956,0.999999980680075
3.9554362447347e-07,0.401249845361424,0.418563836982328,0.180186317656248,0.180186317656247,0.221063527705177,0.999999980670146
4.06647809178186e-07,0.397735885196261,0.42260756412829,0.179656550675449,0.179656550675449,0.218079334520812,0.999999980660401
4.18063724145576e-07,0.394246567986463,0.426641260622106,0.179112171391431,0.179112171391431,0.215134396595032,0.999999980650837
4.2980012064908e-07,0.390781787557681,0.430664663090487,0.178553549351831,0.178553549351831,0.21222823820585,0.999999980641448
4.41865995638594e-07,0.387341436529556,0.434677514494255,0.177981048976189,0.177981048976189,0.209360387553367,0.999999980632231
4.54270598637404e-07,0.383925406407247,0.438679564012778,0.177395029579975,0.177395029579975,0.206530376827272,0.99999998062318
4.67023438832733e-07,0.380533587668131,0.442670566930832,0.176795845401037,0.176795845401037,0.203737742267093,0.999999980614293
4.80134292365345e-07,0.377165869843925,0.446650284527804,0.176183845628271,0.17618384562827,0.200982024215655,0.999999980605564
4.93613209823792e-07,0.373822141598497,0.450618483969197,0.175559374432307,0.175559374432307,0.19826276716619,0.999999980596991
5.07470523949047e-07,0.370502290801585,0.45457493820034,0.174922770998075,0.174922770998075,0.19557951980351,0.999999980588568
5.21716857555435e-07,0.367206204598663,0.458519425842283,0.174274369559055,0.174274369559055,0.192931835039608,0.999999980580293
5.36363131673925e-07,0.363933769477144,0.462451731089775,0.173614499433081,0.173614499433081,0.190319270044063,0.999999980572163
5.5142057392403e-07,0.360684871329131,0.466371643611313,0.172943485059556,0.172943485059556,0.187741386269576,0.999999980564174
5.66900727120743e-07,0.357459395510891,0.470278958451175,0.172261646037933,0.172261646037933,0.185197749472958,0.999999980556322
5.82815458123084e-07,0.354257226899227,0.474173475933403,0.17156929716737,0.171569297167369,0.182687929731857,0.999999980548604
5.99176966931061e-07,0.351078249944914,0.478055001567684,0.170866748487402,0.170866748487402,0.180211501457512,0.999999980541018
6.15997796038017e-07,0.347922348723351,0.481923345957075,0.170154305319574,0.170154305319574,0.177768043403778,0.99999998053356
6.33290840045511e-07,0.344789406982576,0.485778324707542,0.169432268309882,0.169432268309882,0.175357138672694,0.999999980526227
6.51069355548147e-07,0.341679308188772,0.489619758339246,0.168700933471982,0.168700933471982,0.17297837471679,0.999999980519017
6.69346971295867e-07,0.33859193556941,0.493447472199556,0.167960592231033,0.167960592231034,0.170631343338377,0.999999980511926
6.88137698641567e-07,0.335527172154131,0.497261296377738,0.167211531468132,0.167211531468132,0.168315640685999,0.999999980504952
7.07455942281988e-07,0.332484900813495,0.501061065621271,0.166454033565234,0.166454033565234,0.16603086724826,0.999999980498093
7.27316511300145e-07,0.329465004295704,0.504846619253779,0.165688376450517,0.165688376450517,0.163776627845186,0.999999980491347
7.47734630517758e-07,0.326467365261394,0.508617801094511,0.164914833644095,0.164914833644096,0.161552531617298,0.999999980484709
7.68725952166374e-07,0.323491866316599,0.512374459379356,0.164133674304045,0.164133674304045,0.159358192012554,0.999999980478179
7.90306567886135e-07,0.32053839004398,0.516116446683347,0.163345163272673,0.163345163272673,0.157193226771307,0.999999980471753
8.12493021061405e-07,0.317606819032393,0.519843619844632,0.162549561122975,0.162549561122975,0.155057257909418,0.999999980465431
8.35302319502679e-07,0.314697035904897,0.523555839889859,0.161747124205243,0.161747124205243,0.152949911699654,0.999999980459208
8.58751948484518e-07,0.311808923345265,0.527252971960975,0.160938104693759,0.160938104693759,0.150870818651506,0.999999980453085
8.82859884149515e-07,0.30894236412307,0.530934885243376,0.160122750633555,0.160122750633555,0.148819613489515,0.999999980447057
9.07644607288536e-07,0.306097241117425,0.534601452895402,0.159301305987173,0.159301305987173,0.146795935130252,0.999999980441124
9.33125117507824e-07,0.303273437339442,0.538252551979144,0.158474010681414,0.158474010681414,0.144799426658027,0.999999980435283
9.59320947793823e-07,0.300470835953453,0.541888063392525,0.157641100654022,0.157641100654022,0.142829735299431,0.999999980429533
9.86252179486878e-07,0.297689320297083,0.545507871802643,0.156802807900274,0.156802807900274,0.14088651239681,0.999999980423871
1.01393945767529e-06,0.294928773900205,0.549111865580335,0.155959360519461,0.155959360519461,0.138969413380744,0.999999980418296
1.04240400702156e-06,0.292189080502835,0.552699936735955,0.15511098276121,0.15511098276121,0.137078097741625,0.999999980412807
1.07166764803286e-06,0.289470124072034,0.556271980856326,0.154257895071641,0.15425789507164,0.135212229000393,0.9999999804074
1.10175281378839e-06,0.286771788817837,0.559827897042846,0.153400314139317,0.153400314139317,0.13337147467852,0.999999980402076
1.13268256713615e-06,0.28409395920828,0.563367587850731,0.152538452940989,0.152538452940989,0.131555506267292,0.999999980396831
1.16448061837269e-06,0.28143651998355,0.566890959229367,0.151672520787083,0.151672520787083,0.129763999196467,0.999999980391665
1.19717134341897e-06,0.278799356169303,0.57039792046375,0.150802723366947,0.150802723366947,0.127996632802356,0.999999980386577
1.23077980250667e-06,0.276182353089201,0.573888384116988,0.149929262793811,0.149929262793811,0.12625309029539,0.999999980381563
1.26533175938894e-06,0.273585396376684,0.577362265973859,0.149052337649457,0.149052337649457,0.124533058727227,0.999999980376624
1.30085370109057e-06,0.271008371986026,0.580819484985386,0.148172143028587,0.148172143028587,0.122836228957439,0.999999980371758
1.3373728582125e-06,0.268451166202705,0.584259963214425,0.14728887058287,0.14728887058287,0.121162295619836,0.999999980366963
1.37491722580642e-06,0.26591366565312,0.587683625782227,0.146402708564653,0.146402708564653,0.119510957088467,0.999999980362237
1.4135155848354e-06,0.263395757313675,0.591090400815987,0.145513841870338,0.145513841870338,0.117881915443337,0.999999980357581
1.4531975242369e-06,0.260897328519281,0.594480219397321,0.144622452083397,0.144622452083397,0.116274876435884,0.999999980352992
1.49399346360526e-06,0.258418266971275,0.597853015511693,0.143728717517033,0.143728717517033,0.114689549454242,0.999999980348469
1.5359346765109e-06,0.255958460744801,0.601208725998737,0.142832813256462,0.142832813256462,0.113125647488339,0.999999980344011
1.57905331447418e-06,0.253517798295677,0.604547290503495,0.141934911200828,0.141934911200828,0.111582887094849,0.999999980339617
1.62338243161228e-06,0.251096168466763,0.607868651428514,0.141035180104724,0.141035180104724,0.110060988362039,0.999999980335285
1.66895600997803e-06,0.248693460493853,0.611172753886821,0.140133785619326,0.140133785619326,0.108559674874526,0.999999980331015
1.71580898561001e-06,0.246309564011125,0.614459545655737,0.139230890333138,0.139230890333137,0.107078673677988,0.999999980326805
1.76397727531405e-06,0.243944369056156,0.617728977131523,0.138326653812321,0.138326653812321,0.105617715243835,0.999999980322654
1.8134978041965e-06,0.241597766074521,0.62098100128484,0.137421232640639,0.137421232640639,0.104176533433882,0.999999980318562
1.86440853397049e-06,0.239269645924011,0.624215573617011,0.136514780458978,0.136514780458978,0.102754865465032,0.999999980314526
1.91674849205681e-06,0.236959899878466,0.627432652117066,0.135607448004469,0.135607448004469,0.101352451873997,0.999999980310547
1.9705578015018e-06,0.234668419631257,0.630632197219556,0.134699383149187,0.134699383149187,0.0999690364820701,0.999999980306623
2.02587771173502e-06,0.232395097298426,0.633814171763126,0.133790730938448,0.133790730938448,0.0986043663599776,0.999999980302753
2.08275063019052e-06,0.230139825421496,0.636978540949822,0.132881633628681,0.132881633628681,0.0972581917928151,0.999999980298937
2.14122015481573e-06,0.227902496969977,0.640125272305139,0.131972230724884,0.131972230724884,0.0959302662450937,0.999999980295173
2.20133110749303e-06,0.22568300534357,0.643254335638764,0.131062659017666,0.131062659017666,0.0946203463259043,0.999999980291461
2.26312956839953e-06,0.223481244374089,0.64636570300604,0.130153052619871,0.130153052619871,0.0933281917542185,0.999999980287799
2.32666291133146e-06,0.221297108327119,0.649459348670098,0.129243543002783,0.129243543002783,0.0920535653243364,0.999999980284187
2.39197984002024e-06,0.219130491903408,0.652535249064678,0.128334259031914,0.128334259031914,0.0907962328714935,0.999999980280624
2.45913042546804e-06,0.216981290240018,0.655593382757604,0.127425327002378,0.127425327002378,0.0895559632376399,0.999999980277109
2.5281661443315e-06,0.214849398911246,0.658633730414907,0.126516870673847,0.126516870673847,0.0883325282373988,0.999999980273641
2.59913991838293e-06,0.212734713929314,0.661656274765589,0.125609011305096,0.125609011305096,0.0871257026242185,0.99999998027022
2.67210615507944e-06,0.210637131744854,0.664661000567013,0.124701867688133,0.124701867688133,0.0859352640567214,0.999999980266844
2.74712078927081e-06,0.208556549247186,0.667647894570892,0.123795556181922,0.123795556181922,0.0847609930652645,0.999999980263514
2.82424132607844e-06,0.206492863764407,0.670616945489899,0.122890190745694,0.122890190745694,0.0836026730187129,0.999999980260228
2.90352688497781e-06,0.204445973063295,0.673568143964849,0.121985882971856,0.121985882971856,0.0824600900914389,0.999999980256986
2.98503824511873e-06,0.202415775349042,0.676501482532465,0.121082742118493,0.121082742118493,0.0813330332305493,0.999999980253786
3.06883789191764e-06,0.200402169264817,0.679416955593715,0.120180875141468,0.120180875141468,0.0802212941233491,0.999999980250629
3.15499006495809e-06,0.198405053891177,0.682314559382693,0.119280386726131,0.119280386726131,0.0791246671650463,0.999999980247513
3.24356080723581e-06,0.196424328745324,0.685194291936055,0.118381379318621,0.118381379318621,0.0780429494267034,0.999999980244438
3.33461801578637e-06,0.194459893780228,0.688056153062982,0.117483953156789,0.117483953156789,0.0769759406234388,0.999999980241403
3.42823149373397e-06,0.192511649383607,0.69090014431567,0.116588206300722,0.116588206300722,0.0759234430828854,0.999999980238408
3.52447300380159e-06,0.190579496376789,0.693726268960328,0.115694234662883,0.115694234662883,0.0748852617139057,0.999999980235452
3.62341632332315e-06,0.188663336013447,0.696534531948679,0.114802132037875,0.114802132037875,0.0738612039755717,0.999999980232534
3.72513730080021e-06,0.186763069978226,0.699324939889957,0.113911990131817,0.113911990131817,0.0728510798464085,0.999999980229654
3.82971391404628e-06,0.184878600385263,0.702097501023381,0.113023898591356,0.113023898591356,0.071854701793907,0.999999980226811
3.93722632996347e-06,0.183009829776603,0.704852225191102,0.112137945032295,0.112137945032295,0.0708718847443077,0.999999980224005
4.04775696599732e-06,0.181156661120522,0.707589123811611,0.111254215067866,0.111254215067866,0.0699024460526558,0.999999980221235
4.16139055331671e-06,0.179318997809765,0.710308209853603,0.110372792336632,0.110372792336632,0.0689462054731329,0.9999999802185
4.27821420176762e-06,0.177496743659692,0.713009497810279,0.109493758530029,0.109493758530029,0.0680029851296629,0.999999980215801
4.39831746665023e-06,0.175689802906358,0.715693003674081,0.108617193419561,0.108617193419561,0.0670726094867974,0.999999980213136
4.5217924173707e-06,0.17389808020451,0.718358744911859,0.107743174883632,0.107743174883631,0.0661549053208783,0.999999980210504
4.64873370802026e-06,0.17212148062552,0.721006740440441,0.106871778934039,0.106871778934039,0.0652497016914802,0.999999980207907
4.7792386499356e-06,0.170359909655257,0.723637010602619,0.106003079742123,0.106003079742124,0.0643568299131338,0.999999980205342
4.91340728629636e-06,0.168613273191902,0.726249577143524,0.105137149664573,0.105137149664573,0.0634761235273288,0.99999998020281
