1e-09,0.950415934515714,0.011434862018845,0.0381492034654409,0.0381492034654409,0.912266731050273,0.999999999167769
1.02807322383086e-09,0.950358883115766,0.011450311613901,0.0381908052703332,0.0381908052703333,0.912168077845433,0.999999999144591
1.05693455355799e-09,0.950300119920869,0.0114662302746317,0.0382336498044989,0.0382336498044989,0.91206647011637,0.999999999120773
1.0866061138546e-09,0.950239590362576,0.0114826332798855,0.0382777763575386,0.0382777763575385,0.911961814005037,0.999999999096298
1.11711065050482e-09,0.950177237948677,0.0114995364663602,0.0383232255849631,0.0383232255849631,0.911854012363714,0.999999999071147
1.14847154784029e-09,0.950113004185037,0.01151695625239,0.0383700395625726,0.0383700395625726,0.911742964622465,0.999999999045304
1.18071284666619e-09,0.9500468284937,0.0115349096629346,0.0384182618433658,0.0384182618433658,0.911628566650334,0.999999999018749
1.21385926269063e-09,0.949978648127042,0.0115534143558403,0.0384679375171178,0.0384679375171177,0.911510710609924,0.999999998991463
1.24793620547131e-09,0.949908398077783,0.0115724886494498,0.0385191132727674,0.0385191132727675,0.911389284805015,0.999999998963426
1.28296979789415e-09,0.949836010984589,0.0115921515516399,0.0385718374637707,0.0385718374637707,0.911264173520819,0.999999998934619
1.31898689619867e-09,0.949761417033048,0.0116124227903731,0.0386261601765786,0.0386261601765786,0.91113525685647,0.99999999890502
1.35601511056563e-09,0.949684543851728,0.0116333228458563,0.0386821333024153,0.0386821333024153,0.911002410549313,0.999999998874609
1.39408282628258e-09,0.949605316403063,0.0116548729844017,0.0387398106125355,0.0387398106125355,0.910865505790527,0.999999998843363
1.43321922550358e-09,0.949523656868745,0.0116770952940978,0.0387992478371573,0.0387992478371573,0.910724409031587,0.999999998811261
1.47345430961984e-09,0.949439484529325,0.0117000127223997,0.0388605027482752,0.0388605027482751,0.91057898178105,0.999999998778279
1.51481892225835e-09,0.94935271563767,0.0117236491157596,0.0389236352465709,0.0389236352465709,0.910429080391099,0.999999998744395
1.55734477292614e-09,0.949263263285919,0.0117480292614254,0.0389887074526551,0.0389887074526551,0.910274555833264,0.999999998709584
1.60106446131832e-09,0.94917103726557,0.0117731789315444,0.0390557838028853,0.0390557838028853,0.910115253462685,0.999999998673823
1.64601150230855e-09,0.949075943920261,0.0117991249297182,0.0391249311500211,0.0391249311500211,0.909951012770239,0.999999998637085
1.69222035164104e-09,0.948977885990837,0.0118258951401666,0.039196218868996,0.039196218868996,0.909781667121841,0.999999998599345
1.7397264323438e-09,0.948876762452233,0.0118535185796682,0.0392697189680992,0.0392697189680992,0.909607043484133,0.999999998560576
1.78856616188346e-09,0.948772468341658,0.0118820254524592,0.0393455062058827,0.0393455062058826,0.909426962135775,0.999999998520753
1.83877698008233e-09,0.948664894577592,0.0119114472082823,0.0394236582141255,0.0394236582141255,0.909241236363467,0.999999998479847
1.89039737781922e-09,0.948553927768994,0.0119418166037953,0.0395042556272109,0.0395042556272109,0.909049672141783,0.99999999843783
1.94346692653602e-09,0.948439450014149,0.0119731677675594,0.0395873822182918,0.0395873822182918,0.908852067795857,0.999999998394673
1.99802630857255e-09,0.948321338688504,0.0120055362688505,0.039673125042646,0.039673125042646,0.908648213645858,0.999999998350346
2.05411734835306e-09,0.948199466220809,0.0120389591905454,0.0397615745886457,0.0397615745886456,0.908437891632163,0.99999999830482
2.11178304444824e-09,0.948073699856842,0.0120734752063637,0.0398528249367944,0.0398528249367944,0.908220874920048,0.999999998258064
2.17106760253726e-09,0.94794390140993,0.0121091246627583,0.0399469739273116,0.0399469739273116,0.907996927482619,0.999999998210045
2.23201646929523e-09,0.947809926997448,0.0121459496657755,0.0400441233367768,0.0400441233367768,0.907765803660671,0.999999998160732
2.29467636723194e-09,0.947671626762397,0.0121839941732279,0.0401443790643747,0.0401443790643747,0.907527247698023,0.999999998110091
2.35909533050864e-09,0.947528844579133,0.0122233040925468,0.0402478513283201,0.0402478513283202,0.907280993250813,0.99999999805809
2.42532274176036e-09,0.947381417742211,0.0122639273847148,0.0403546548730742,0.0403546548730742,0.907026762869137,0.999999998004693
2.49340936995188e-09,0.947229176637294,0.0123059141747026,0.0404649091880037,0.0404649091880037,0.90676426744929,0.999999997949865
2.56340740929651e-09,0.947071944392953,0.0123493168688734,0.0405787387381736,0.0405787387381736,0.906493205654779,0.999999997893571
2.63537051926739e-09,0.946909536512145,0.0123941902798487,0.0406962732080067,0.0406962732080067,0.906213263304138,0.999999997835775
2.70935386573205e-09,0.946741760482041,0.0124405917593713,0.0408176477585881,0.0408176477585881,0.905924112723453,0.999999997776437
2.78541416324176e-09,0.946568415360821,0.0124885813397407,0.0409430032994385,0.0409430032994385,0.905625412061382,0.999999997715522
2.86360971850811e-09,0.946389291339928,0.0125382218844417,0.0410724867756304,0.0410724867756304,0.905316804564298,0.99999999765299
2.94400047510004e-09,0.946204169280193,0.0125895792486352,0.041206251471172,0.041206251471172,0.904997917809021,0.999999997588801
3.0266480593957e-09,0.94601282022013,0.012642722450234,0.0413444573296358,0.0413444573296358,0.904668362890494,0.999999997522916
3.11161582782436e-09,0.945815004854593,0.01269772385234,0.0414872712930665,0.0414872712930666,0.904327733561527,0.999999997455294
3.19896891543454e-09,0.945610472981858,0.0127546593578836,0.0416348676602588,0.0416348676602589,0.903975605321599,0.999999997385893
3.28877428582551e-09,0.945398962917076,0.0128136086173703,0.0417874284655535,0.0417874284655535,0.903611534451523,0.99999999731467
3.38110078248068e-09,0.945180200869927,0.0128746552507097,0.0419451438793631,0.0419451438793632,0.903235056990564,0.999999997241585
3.47601918154197e-09,0.94495390028412,0.0129378870841826,0.042108212631697,0.0421082126316971,0.902845687652423,0.999999997166591
3.57360224606578e-09,0.944719761136303,0.0130033964036784,0.0422768424600184,0.0422768424600184,0.902442918676285,0.999999997089647
3.67392478180208e-09,0.944477469191743,0.013071280225431,0.0424512505828263,0.0424512505828263,0.902026218608916,0.999999997010706
3.77706369453937e-09,0.944226695214012,0.0131416405855709,0.0426316642004167,0.0426316642004168,0.901595031013596,0.999999996929725
3.88309804905961e-09,0.943967094125751,0.013214584849917,0.0428183210243322,0.0428183210243321,0.901148773101419,0.999999996846656
3.99210912974805e-09,0.943698304117394,0.0132902260455409,0.0430114698370653,0.0430114698370654,0.900686834280328,0.999999996761455
4.10418050290471e-09,0.943419945700616,0.0133686832157539,0.0432113710836297,0.0432113710836297,0.900208574616987,0.999999996674073
4.21939808080502e-09,0.943131620703055,0.0134500818002926,0.0434182974966528,0.0434182974966527,0.899713323206402,0.999999996584464
4.33785018755898e-09,0.942832911200711,0.013534554042612,0.0436325347566773,0.0436325347566773,0.899200376444034,0.999999996492582
4.45962762681909e-09,0.942523378384284,0.0136222394263393,0.0438543821893772,0.0438543821893772,0.898668996194906,0.999999996398378
4.58482375138911e-09,0.942202561355513,0.0137132851430888,0.0440841535013983,0.0440841535013984,0.898118407854114,0.999999996301805
4.71353453478692e-09,0.941869975849486,0.0138078465939996,0.0443221775565146,0.0443221775565147,0.897547798292971,0.999999996202814
4.8458586448165e-09,0.941525112878726,0.0139060879275218,0.044568799193752,0.0445687991937519,0.896956313684974,0.999999996101358
4.98189751920517e-09,0.941167437294791,0.0140081826161524,0.0448243800890567,0.0448243800890566,0.896343057205734,0.99999999599739
5.12175544336424e-09,0.940796386263023,0.0141143140750008,0.045089299661976,0.0450892996619759,0.895707086601047,0.999999995890861
5.26553963033276e-09,0.940411367646092,0.014224676325248,0.0453639560286596,0.0453639560286596,0.895047411617433,0.999999995781724
5.41336030296538e-09,0.940011758291966,0.0143394747057524,0.0456487670022813,0.0456487670022813,0.894362991289685,0.999999995669933
5.56533077842764e-09,0.93959690222206,0.0144589266362432,0.0459441711416968,0.0459441711416969,0.893652731080363,0.999999995555442
5.72156755506324e-09,0.939166108715475,0.0145832624357278,0.0462506288487967,0.0462506288487967,0.892915479866679,0.999999995438205
5.88219040169997e-09,0.938718650285525,0.0147127261999196,0.0465686235145557,0.0465686235145558,0.892150026770969,0.999999995318179
6.04732244946265e-09,0.938253760545129,0.0148475767416583,0.046898662713213,0.0468986627132131,0.891355097831916,0.999999995195318
6.21709028616383e-09,0.937770631958241,0.0149880885984452,0.0472412794433139,0.0472412794433139,0.890529352514927,0.999999995069583
6.39162405334401e-09,0.937268413475179,0.0151345531113363,0.0475970334134851,0.047597033413485,0.889671380061694,0.999999994940933
6.57105754603627e-09,0.936746208050709,0.0152872795795206,0.0479665123697702,0.0479665123697701,0.888779695680939,0.999999994809329
6.75552831533164e-09,0.936203070044954,0.0154465964949481,0.0483503334600985,0.0483503334600984,0.887852736584855,0.999999994674735
6.94517777382369e-09,0.935638002508711,0.0156128528613396,0.0487491446299491,0.0487491446299492,0.886888857878762,0.999999994537119
7.14015130401339e-09,0.935049954356713,0.0157864196018015,0.0491636260414859,0.0491636260414859,0.885886328315227,0.999999994396448
7.3405983697572e-09,0.934437817434635,0.0159676910590487,0.0495944915063163,0.0495944915063163,0.884843325928319,0.999999994252695
7.5466726308439e-09,0.93380042348857,0.0161570865918946,0.0500424899195359,0.0500424899195359,0.883757933569034,0.999999994105837
7.75853206078784e-09,0.933136541049038,0.0163550522711558,0.0505084066798059,0.0505084066798059,0.882628134369232,0.999999993955852
7.97633906792928e-09,0.932444872245759,0.0165620626774148,0.0509930650768264,0.0509930650768264,0.881451807168932,0.999999993802725
8.20026061993413e-09,0.931724049574208,0.0167786228021407,0.0514973276236516,0.0514973276236516,0.880226721950556,0.999999993646446
8.43046837178897e-09,0.930972632640751,0.0170052700524361,0.0520220973068128,0.0520220973068127,0.878950535333938,0.999999993487008
8.66713879738922e-09,0.93018910491979,0.0172425763581121,0.0525683187220979,0.0525683187220979,0.877620786197692,0.999999993324411
8.9104533248215e-09,0.929371870564109,0.0174911503778231,0.0531369790580674,0.0531369790580675,0.876234891506042,0.999999993158665
9.16059847544369e-09,0.928519251318522,0.0177516397985595,0.0537291088829189,0.0537291088829188,0.874790142435603,0.99999999298978
9.41776600686954e-09,0.927629483597021,0.0180247337198287,0.05434578268315,0.0543457826831499,0.873283700913871,0.999999992817782
9.6821530599671e-09,0.926700715795098,0.0183111651102756,0.0549881190946264,0.0549881190946264,0.871712596700472,0.999999992642698
9.95396230998424e-09,0.92573100592157,0.0186117133202321,0.0556572807581975,0.0556572807581974,0.870073725163373,0.999999992464569
1.02334021219164e-08,0.924718319648315,0.0189272066286685,0.0563544737230166,0.0563544737230165,0.868363845925298,0.999999992283444
1.05206867102362e-08,0.923660528891407,0.0192585247971882,0.057080946311405,0.057080946311405,0.866579582580002,0.999999992099383
1.08160363031071e-08,0.922555411053303,0.0196066015970129,0.057837987349684,0.057837987349684,0.864717423703619,0.999999991912458
1.1119677311207e-08,0.921400649072419,0.0199724272673287,0.0586269236602519,0.0586269236602519,0.862773725412168,0.999999991722751
1.14318425012915e-08,0.920193832443297,0.0203570508549225,0.05944911670178,0.05944911670178,0.860744715741517,0.99999999153036
1.17527711746295e-08,0.918932459386856,0.0207615823758059,0.0603059582373378,0.0603059582373379,0.858626501149519,0.999999991335393
1.20827093504478e-08,0.917613940365062,0.0211871947296262,0.0611988649053116,0.0611988649053116,0.85641507545975,0.999999991137975
1.24219099545262e-08,0.916235603146593,0.0216351252873461,0.0621292715660612,0.0621292715660612,0.854106331580532,0.999999990938246
1.27706330130864e-08,0.914794699638313,0.0221066770622416,0.063098623299446,0.0630986232994459,0.851696076338867,0.999999990736359
1.31291458521247e-08,0.913288414699924,0.0226032193642043,0.0641083659358716,0.0641083659358715,0.849180048764053,0.999999990532484
1.34977233023394e-08,0.911713877154129,0.0231261878282089,0.0651599350176625,0.0651599350176625,0.846553942136466,0.999999990326808
1.38766479098131e-08,0.910068173189894,0.0236770837003813,0.0662547431097245,0.0662547431097245,0.84381343008017,0.999999990119534
1.42662101526074e-08,0.908348362329848,0.024257472260257,0.0673941654098955,0.0673941654098954,0.840954196919952,0.99999998991088
1.46667086634397e-08,0.90655149609225,0.0248689802565665,0.0685795236511836,0.0685795236511837,0.837971972441066,0.999999989701081
1.50784504586105e-08,0.904674639421705,0.0255132922373308,0.0698120683409645,0.0698120683409644,0.83486257108074,0.999999989490388
1.55017511733577e-08,0.902714894889412,0.0261921456643106,0.0710929594462777,0.0710929594462777,0.831621935443134,0.999999989279066
1.59369353038178e-08,0.900669429573053,0.0269073247179846,0.0724232457089626,0.0724232457089626,0.82824618386409,0.999999989067394
1.63843364557798e-08,0.898535504419104,0.0276606527230932,0.0738038428578028,0.0738038428578028,0.824731661561301,0.999999988855664
1.68442976004231e-08,0.896310505768902,0.0284539831568796,0.0752355110742187,0.0752355110742188,0.821074994694683,0.999999988644178
1.73171713372335e-08,0.893991978598287,0.029289189242537,0.0767188321591754,0.0767188321591754,0.817273146439112,0.999999988433248
1.78033201643011e-08,0.89157766088525,0.0301681521783843,0.0782541869363652,0.0782541869363652,0.813323473948885,0.999999988223192
1.83031167562061e-08,0.8890655183886,0.0310927481075592,0.0798417335038411,0.0798417335038411,0.809223784884759,0.99999998801433
1.88169442497056e-08,0.886453779002868,0.0320648339913187,0.0814813870058132,0.0814813870058132,0.804972391997055,0.999999987806986
1.93451965374404e-08,0.883740965760784,0.033086232608314,0.0831728016309024,0.0831728016309025,0.800568164129881,0.999999987601482
1.98882785698881e-08,0.880925927495255,0.0341587169587593,0.0849153555459852,0.0849153555459853,0.79601057194927,0.999999987398134
2.04466066657912e-08,0.878007866157314,0.0352839944020639,0.0867081394406222,0.0867081394406222,0.791299726716692,0.99999998719725
2.10206088313016e-08,0.874986359821924,0.0364636908950303,0.0885499492830454,0.0885499492830454,0.786436410538879,0.999999986999127
2.16107250880838e-08,0.871861380503771,0.0376993357212372,0.0904392837749914,0.0904392837749914,0.78142209672878,0.999999986804048
2.22174078106288e-08,0.868633306049208,0.0389923471077172,0.0923743468430754,0.0923743468430753,0.776258959206132,0.999999986612279
2.28411220730383e-08,0.865302925563094,0.0403440191106747,0.0943530553262317,0.0943530553262316,0.770949870236862,0.999999986424066
2.34823460055428e-08,0.86187143805992,0.0417555101175811,0.0963730518224986,0.0963730518224986,0.765498386237422,0.999999986239632
2.41415711610302e-08,0.858340444283136,0.0432278332599978,0.0984317224568659,0.0984317224568658,0.75990872182627,0.999999986059178
2.48193028918626e-08,0.854711931898151,0.044761848963049,0.1005262191388,0.1005262191388,0.75418571275935,0.999999985882878
2.55160607372719e-08,0.850988254515146,0.0463582597780759,0.102653485706778,0.102653485706778,0.748334768808368,0.99999998571088
2.62323788216312e-08,0.847172105220811,0.0480176075600268,0.104810287219162,0.104810287219163,0.742361818001648,0.999999985543308
2.69688062639069e-08,0.843266485479217,0.0497402729662785,0.106993241554504,0.106993241554504,0.736273243924713,0.999999985380256
2.77259075986048e-08,0.839274670391282,0.0515264771742781,0.10919885243444,0.10919885243444,0.730075817956842,0.999999985221794
2.85042632085343e-08,0.835200171374401,0.0533762856462782,0.111423542979321,0.111423542979321,0.723776628395079,0.999999985067968
2.93044697697214e-08,0.831046697338831,0.0552896137139581,0.113663688947211,0.113663688947211,0.717383008391619,0.999999984918795
3.01271407088116e-08,0.826818115399609,0.0572662337159265,0.115915650884465,0.115915650884465,0.710902464515144,0.999999984774276
3.09729066733141e-08,0.822518412080337,0.0593057833975894,0.118175804522074,0.118175804522074,0.704342607558263,0.999999984634387
3.18424160150466e-08,0.818151655848417,0.0614077752749553,0.120440568876628,0.120440568876628,0.697711086971789,0.999999984499088
3.27363352871525e-08,0.813721961681808,0.0635716066699129,0.122706431648279,0.122706431648279,0.691015530033529,0.999999984368319
3.36553497550709e-08,0.809233458216402,0.0657965701419238,0.124969971641674,0.124969971641674,0.684263486574728,0.999999984242009
3.46001639218511e-08,0.804690257870959,0.0680818640670949,0.127227878061946,0.127227878061946,0.677462379809014,0.999999984120072
3.55715020682138e-08,0.800096430201613,0.0704266031473981,0.129476966650989,0.129476966650989,0.670619463550624,0.999999984002412
3.65701088077749e-08,0.795455978606639,0.0728298286676557,0.131714192725706,0.131714192725706,0.663741785880933,0.999999983888923
3.75967496578547e-08,0.790772820388626,0.0752905183535145,0.13393666125786,0.13393666125786,0.656836159130766,0.999999983779494
3.86522116263126e-08,0.78605077008759,0.0778075957180986,0.136141634194312,0.136141634194312,0.649909135893278,0.999999983674006
3.97373038148561e-08,0.781293525925375,0.0803799388169642,0.138326535257661,0.138326535257661,0.642966990667714,0.999999983572338
4.08528580392857e-08,0.776504659148076,0.0830063883594797,0.140488952492444,0.140488952492444,0.636015706655632,0.999999983474366
4.19997294671531e-08,0.771687606017378,0.0856857551493013,0.142626638833321,0.142626638833321,0.629060967184057,0.999999983379964
4.31787972733202e-08,0.766845662181336,0.0884168268470282,0.144737510971636,0.144737510971636,0.622108151209701,0.999999983289004
4.43909653139217e-08,0.761981979147567,0.0911983740645328,0.1468196467879,0.1468196467879,0.615162332359668,0.999999983201362
4.56371628192476e-08,0.757099562584515,0.0940291558131064,0.148871281602379,0.148871281602379,0.608228280982137,0.999999983116913
4.6918345106078e-08,0.752201272186857,0.0969079243368555,0.150890803476288,0.150890803476288,0.601310468710569,0.999999983035533
4.82354943100147e-08,0.747289822857071,0.0998334293691831,0.152876747773746,0.152876747773746,0.594413075083325,0.999999982957102
4.95896201383721e-08,0.742367786974739,0.102804421854133,0.154827791171129,0.154827791171129,0.58753999580361,0.999999982881502
5.09817606442043e-08,0.737437597546762,0.10581965717636,0.156742745276878,0.156742745276878,0.580694852269883,0.999999982808618
5.24129830220606e-08,0.732501552054091,0.108877897943898,0.158620550002011,0.158620550002011,0.57388100205208,0.999999982738339
5.38843844260822e-08,0.727561816832819,0.11197791636711,0.160460266800071,0.160460266800071,0.567101550032748,0.999999982670557
5.5397092811064e-08,0.722620431848933,0.115118496275556,0.162261071875511,0.162261071875511,0.560359359973422,0.999999982605168
5.69522677971282e-08,0.71767931574612,0.118298434812269,0.164022249441611,0.164022249441611,0.553657066304509,0.999999982542071
5.85511015586724e-08,0.712740271064563,0.121516543842269,0.165743185093168,0.165743185093168,0.546997085971395,0.99999998248117
6.01948197382727e-08,0.707804989545419,0.124771651109294,0.167423359345287,0.167423359345287,0.540381630200132,0.999999982422372
6.18846823862438e-08,0.702875057450608,0.128062601171807,0.169062341377584,0.169062341377584,0.533812716073024,0.999999982365587
6.3621984926575e-08,0.697951960840752,0.131388256146406,0.170659783012842,0.170659783012842,0.52729217782791,0.999999982310732
6.54080591499826e-08,0.693037090765556,0.134747496283928,0.172215412950516,0.172215412950516,0.52082167781504,0.999999982257722
6.72442742348425e-08,0.688131748330821,0.138139220400898,0.173729031268281,0.173729031268281,0.51440271706254,0.999999982206482
6.91320377967813e-08,0.683237149614724,0.141562346186409,0.175200504198866,0.175200504198866,0.508036645415858,0.999999982156936
7.10727969677341e-08,0.678354430413142,0.145015810402251,0.176629759184608,0.176629759184608,0.501724671228534,0.999999982109012
7.30680395052951e-08,0.673484650799749,0.148498568991932,0.17801678020832,0.17801678020832,0.495467870591429,0.999999982062643
7.51192949332097e-08,0.668628799491613,0.152009597112371,0.179361603396015,0.179361603396015,0.489267196095598,0.999999982017764
7.72281357138864e-08,0.663787798015029,0.15554788910026,0.180664312884711,0.180664312884711,0.483123485130318,0.999999981974312
7.93961784538228e-08,0.658962504669668,0.159112458383552,0.18192503694678,0.18192503694678,0.477037467722887,0.999999981932229
8.16250851428724e-08,0.654153718291743,0.162702337347199,0.183143944361058,0.183143944361058,0.471009773930684,0.999999981891458
8.39165644283016e-08,0.649362181818992,0.166316577160963,0.184321241020045,0.184321241020045,0.465040940798947,0.999999981851946
8.62723729246145e-08,0.644588585661867,0.169954247576127,0.185457166762006,0.185457166762006,0.459131418899861,0.999999981813641
8.8694316560147e-08,0.639833570886583,0.173614436696925,0.186551992416492,0.186551992416492,0.453281578470091,0.999999981776494
9.11842519614656e-08,0.635097732216548,0.177296250731721,0.187606017051732,0.187606017051732,0.447491715164816,0.99999998174046
9.374408787663e-08,0.630381620859329,0.180998813728226,0.188619565412445,0.188619565412445,0.441762055446884,0.999999981705493
9.63757866384109e-08,0.625685747166748,0.184721267296411,0.189592985536841,0.189592985536841,0.436092761629908,0.999999981671552
9.90813656685867e-08,0.62101058313589,0.188462770322232,0.190526646541878,0.190526646541878,0.430483936594013,0.999999981638596
1.01862899024469e-07,0.616356564758934,0.192222498674815,0.191420936566251,0.191420936566251,0.424935628192683,0.999999981606587
1.04722518988844e-07,0.611724094229683,0.195999644909317,0.192276260861,0.192276260861,0.419447833368683,0.999999981575488
1.07662417704549e-07,0.607113542014555,0.199793417967352,0.193093040018093,0.193093040018093,0.414020501996462,0.999999981545264
1.10684848854941e-07,0.602525248795628,0.203603042876548,0.193871708327824,0.193871708327824,0.408653540467804,0.999999981515883
1.13792129391531e-07,0.597959527293098,0.207427760450541,0.194612712256361,0.194612712256361,0.403346815036737,0.999999981487312
1.16986641310131e-07,0.593416663974258,0.211266826990489,0.195316509035253,0.195316509035253,0.398100154939005,0.99999998145952
1.20270833476851e-07,0.58889692065579,0.215119513989015,0.195983565355195,0.195983565355195,0.392913355300595,0.99999998143248
1.23647223505371e-07,0.584400536005896,0.218985107837272,0.196614356156832,0.196614356156832,0.387786179849065,0.999999981406163
1.27118399686903e-07,0.579927726952439,0.22286290953575,0.197209363511812,0.197209363511812,0.382718363440627,0.999999981380543
1.30687022974335e-07,0.575478690002969,0.226752234409273,0.197769075587758,0.197769075587757,0.377709614415212,0.999999981355594
1.34355829022083e-07,0.571053602482208,0.230652411826556,0.198293985691236,0.198293985691236,0.372759616790973,0.999999981331294
1.38127630283201e-07,0.56665262369221,0.234562784924598,0.198784591383191,0.198784591383191,0.367868032309019,0.999999981307617
1.42005318165368e-07,0.562275896000164,0.23848271033813,0.199241393661706,0.199241393661706,0.363034502338458,0.999999981284544
1.45991865247398e-07,0.557923545858474,0.242411557934246,0.19966489620728,0.19966489620728,0.358258649651194,0.999999981262052
1.50090327557974e-07,0.55359568476149,0.24634871055233,0.200055604686181,0.200055604686181,0.353540080075309,0.999999981240122
1.54303846918356e-07,0.549292410142981,0.250293563749317,0.200414026107702,0.200414026107702,0.348878384035279,0.999999981218734
1.58635653350859e-07,0.545013806218196,0.254245525550319,0.200740668231485,0.200740668231485,0.344273137986711,0.999999981197869
1.63089067554933e-07,0.540759944774098,0.258204016204583,0.201036039021319,0.201036039021319,0.339723905752779,0.99999998117751
1.6766750345277e-07,0.536530885911139,0.262168467946776,0.201300646142085,0.201300646142085,0.335230239769054,0.999999981157641
1.72374470806362e-07,0.532326678739721,0.266138324763504,0.201534996496775,0.201534996496775,0.330791682242946,0.999999981138245
1.77213577908036e-07,0.528147362034279,0.270113042165028,0.201739595800693,0.201739595800693,0.326407766233586,0.999999981119306
1.82188534346517e-07,0.523992964847725,0.274092086962066,0.201914948190209,0.201914948190209,0.322078016657516,0.999999981100809
1.87303153850643e-07,0.519863507088826,0.278074937047606,0.202061555863568,0.202061555863568,0.317801951225257,0.999999981082741
1.9256135721292e-07,0.515759000064889,0.282061081183623,0.202179918751488,0.202179918751488,0.313579081313401,0.999999981065087
1.97967175295133e-07,0.511679446992011,0.286050018792584,0.202270534215405,0.202270534215405,0.309408912776607,0.999999981047835
2.03524752118358e-07,0.507624843474949,0.290041259753645,0.202333896771406,0.202333896771406,0.305290946703543,0.999999981030972
2.09238348039698e-07,0.503595177958565,0.294034324203424,0.202370497838011,0.202370497838011,0.301224680120554,0.999999981014485
2.15112343018217e-07,0.499590432152665,0.298028742341222,0.202380825506113,0.202380825506113,0.297209606646553,0.999999980998363
2.21151239972549e-07,0.495610581431907,0.3020240542386,0.202365364329493,0.202365364329493,0.293245217102414,0.999999980982595
2.27359668232772e-07,0.491655595212363,0.306019809653178,0.202324595134459,0.202324595134459,0.289331000077905,0.99999998096717
2.33742387089181e-07,0.487725437306214,0.310015567846548,0.202258994847237,0.202258994847237,0.285466442458977,0.999999980952078
2.40304289440697e-07,0.483820066255931,0.314010897406202,0.202169036337867,0.202169036337867,0.281651029918064,0.999999980937309
2.47050405545683e-07,0.479939435649243,0.318005376071338,0.20205518827942,0.20205518827942,0.277884247369823,0.999999980922853
2.53985906878073e-07,0.476083494416072,0.321998590562466,0.201917915021461,0.201917915021461,0.274165579394611,0.999999980908701
2.61116110091746e-07,0.47225218710857,0.32599013641469,0.201757676476741,0.201757676476741,0.270494510631829,0.999999980894844
2.68446481096197e-07,0.468445454165268,0.32997961781456,0.201574928020173,0.201574928020173,0.266870526145095,0.999999980881274
2.75982639246618e-07,0.464663232160347,0.333966647440413,0.20137012039924,0.20137012039924,0.263293111761107,0.999999980867983
2.83730361651621e-07,0.460905454038914,0.33795084630609,0.201143699654996,0.201143699654996,0.259761754383918,0.999999980854962
2.91695587601879e-07,0.457172049339138,0.341931843607932,0.20089610705293,0.20089610705293,0.256275942286208,0.999999980842204
2.99884423123102e-07,0.453462944402045,0.345909276574981,0.200627779022974,0.200627779022974,0.252835165379071,0.999999980829702
3.08303145656828e-07,0.449778062569705,0.349882790322278,0.200339147108017,0.200339147108017,0.249438915461689,0.999999980817448
3.16958208872612e-07,0.446117324372512,0.353852037707187,0.2000306379203,0.2000306379203,0.246086686452212,0.999999980805436
3.25856247615323e-07,0.442480647706196,0.357816679188654,0.19970267310515,0.199702673105149,0.242777974601047,0.99999998079366
3.35004082991314e-07,0.438867947999185,0.36177638268932,0.199355669311495,0.199355669311495,0.23951227868769,0.999999980782112
3.44408727597382e-07,0.43527913837087,0.365730823460421,0.198990038168709,0.198990038168709,0.236289100202161,0.999999980770786
3.54077390896527e-07,0.431714129781322,0.369679683949386,0.198606186269292,0.198606186269292,0.23310794351203,0.999999980759678
3.64017484744614e-07,0.428172831172939,0.373622653670076,0.198204515156985,0.198204515156985,0.229968316015954,0.99999998074878
3.74236629072198e-07,0.424655149604504,0.377559429075579,0.197785421319916,0.197785421319916,0.226869728284588,0.999999980738088
3.84742657725851e-07,0.421160990378083,0.381489713433511,0.197349296188406,0.197349296188406,0.223811694189678,0.999999980727596
3.9554362447347e-07,0.417690257159174,0.38541321670374,0.196896526137086,0.196896526137086,0.220793731022088,0.999999980717299
4.06647809178186e-07,0.414242852090486,0.389329655418493,0.196427492491021,0.196427492491021,0.217815359599464,0.999999980707192
4.18063724145576e-07,0.410818675899722,0.393238752564757,0.195942571535521,0.195942571535521,0.214876104364201,0.99999998069727
4.2980012064908e-07,0.40741762800168,0.397140237468953,0.195442134529367,0.195442134529367,0.211975493472313,0.999999980687529
4.41865995638594e-07,0.404039606595014,0.401033845683783,0.194926547721203,0.194926547721203,0.209113058873812,0.999999980677964
4.54270598637404e-07,0.400684508753932,0.404919318877242,0.194396172368826,0.194396172368826,0.206288336385106,0.99999998066857
4.67023438832733e-07,0.397352230515118,0.408796404723708,0.193851364761174,0.193851364761174,0.203500865753944,0.999999980659344
4.80134292365345e-07,0.39404266696015,0.412664856797072,0.193292476242778,0.193292476242778,0.200750190717372,0.999999980650281
4.93613209823792e-07,0.390755712293637,0.416524434465869,0.192719853240493,0.192719853240493,0.198035859053144,0.999999980641378
5.07470523949047e-07,0.387491259917336,0.420374902790345,0.192133837292319,0.192133837292319,0.195357422625016,0.99999998063263
5.21716857555435e-07,0.384249202500433,0.424216032421429,0.191534765078137,0.191534765078137,0.192714437422296,0.999999980624033
5.36363131673925e-07,0.381029432046234,0.428047599501562,0.190922968452204,0.190922968452204,0.190106463594029,0.999999980615586
5.5142057392403e-07,0.377831839955411,0.431869385567338,0.190298774477251,0.190298774477251,0.187533065478161,0.999999980607282
5.66900727120743e-07,0.374656317086036,0.435681177453918,0.189662505460046,0.189662505460046,0.18499381162599,0.99999998059912
5.82815458123084e-07,0.371502753810524,0.439482767201183,0.189014478988294,0.189014478988294,0.18248827482223,0.999999980591097
5.99176966931061e-07,0.368371040069686,0.443273951961572,0.188355007968741,0.188355007968741,0.180016032100945,0.999999980583208
6.15997796038017e-07,0.365261065424022,0.447054533909598,0.18768440066638,0.18768440066638,0.177576664757643,0.999999980575451
6.33290840045511e-07,0.362172719102402,0.450824320152962,0.187002960744637,0.187002960744637,0.175169758357765,0.999999980567823
6.51069355548147e-07,0.359105890048267,0.454583122645279,0.186310987306454,0.186310987306454,0.172794902741812,0.99999998056032
6.69346971295867e-07,0.356060466963491,0.458330758100346,0.185608774936163,0.185608774936163,0.170451692027328,0.999999980552941
6.88137698641567e-07,0.353036338350004,0.462067047907934,0.184896613742062,0.184896613742062,0.168139724607942,0.999999980545682
7.07455942281988e-07,0.350033392549301,0.465791818051076,0.184174789399623,0.184174789399623,0.165858603149677,0.999999980538541
7.27316511300145e-07,0.347051517779943,0.46950489902481,0.183443583195247,0.183443583195247,0.163607934584696,0.999999980531514
7.47734630517758e-07,0.344090602173153,0.473206125756355,0.182703272070492,0.182703272070492,0.161387330102661,0.999999980524601
7.68725952166374e-07,0.34115053380659,0.476895337526693,0.181954128666717,0.181954128666717,0.159196405139874,0.999999980517797
7.90306567886135e-07,0.338231200736412,0.480572377893516,0.181196421370073,0.181196421370073,0.157034779366339,0.999999980511102
8.12493021061405e-07,0.335332491027688,0.48423709461553,0.180430414356782,0.180430414356782,0.154902076670906,0.999999980504512
8.35302319502679e-07,0.33245429278327,0.487889339578076,0.179656367638654,0.179656367638654,0.152797925144615,0.999999980498025
8.58751948484518e-07,0.329596494171167,0.49152896872004,0.178874537108793,0.178874537108793,0.150721957062373,0.999999980491639
8.82859884149515e-07,0.326758983450523,0.495155841962046,0.178085174587431,0.178085174587431,0.148673808863092,0.999999980485352
9.07644607288536e-07,0.32394164899625,0.498769823135881,0.177288527867869,0.177288527867869,0.146653121128381,0.999999980479162
9.33125117507824e-07,0.321144379322385,0.502370779915155,0.17648484076246,0.17648484076246,0.144659538559925,0.999999980473067
9.59320947793823e-07,0.318367063104233,0.50595858374715,0.175674353148617,0.175674353148617,0.142692709955616,0.999999980467065
9.86252179486878e-07,0.315609589199356,0.509533109785855,0.174857301014789,0.174857301014789,0.140752288184567,0.999999980461154
1.01393945767529e-06,0.312871846667458,0.513094236826149,0.174033916506393,0.174033916506393,0.138837930161065,0.999999980455333
1.04240400702156e-06,0.310153724789221,0.516641847239123,0.173204427971657,0.173204427971657,0.136949296817564,0.999999980449598
1.07166764803286e-06,0.307455113084141,0.520175826908514,0.172369060007345,0.172369060007345,0.135086053076796,0.99999998044395
1.10175281378839e-06,0.304775901327416,0.523696065168233,0.171528033504352,0.171528033504352,0.133247867823064,0.999999980438385
1.13268256713615e-06,0.302115979565913,0.527202454740965,0.170681565693121,0.170681565693121,0.131434413872792,0.999999980432903
1.16448061837269e-06,0.299475238133286,0.530694891677828,0.169829870188886,0.169829870188886,0.129645367944399,0.999999980427501
1.19717134341897e-06,0.296853567664248,0.534173275299062,0.16897315703669,0.16897315703669,0.127880410627557,0.999999980422179
1.23077980250667e-06,0.294250859108073,0.53763750813574,0.168111632756188,0.168111632756188,0.126139226351885,0.999999980416934
1.26533175938894e-06,0.291667003741334,0.541087495872476,0.16724550038619,0.16724550038619,0.124421503355143,0.999999980411765
1.30085370109057e-06,0.289101893179926,0.544523147291121,0.166374959528953,0.166374959528953,0.122726933650973,0.999999980406671
1.3373728582125e-06,0.286555419390404,0.547944374215419,0.165500206394177,0.165500206394177,0.121055212996227,0.999999980401651
1.37491722580642e-06,0.284027474700669,0.55135109145661,0.164621433842721,0.164621433842721,0.119406040857948,0.999999980396701
1.4135155848354e-06,0.281517951810023,0.554743216759974,0.163738831430003,0.163738831430003,0.11777912038002,0.999999980391823
1.4531975242369e-06,0.279026743798634,0.558120670752286,0.162852585449081,0.162852585449081,0.116174158349553,0.999999980387014
1.49399346360526e-06,0.276553744136424,0.561483376890169,0.161962878973407,0.161962878973407,0.114590865163017,0.999999980382273
1.5359346765109e-06,0.27409884669142,0.564831261409342,0.161069891899237,0.161069891899237,0.113028954792183,0.999999980377598
1.57905331447418e-06,0.271661945737576,0.568164253274735,0.160173800987689,0.160173800987689,0.111488144749887,0.999999980372989
1.62338243161228e-06,0.269242935962103,0.571482284131452,0.159274779906445,0.159274779906445,0.109968156055658,0.999999980368444
1.66895600997803e-06,0.266841712472319,0.574785288256594,0.158372999271087,0.158372999271087,0.108468713201232,0.999999980363962
1.71580898561001e-06,0.26445817080205,0.578073202511892,0.157468626686058,0.157468626686058,0.106989544115992,0.999999980359542
1.76397727531405e-06,0.262092206917587,0.58134596629717,0.156561826785243,0.156561826785243,0.105530380132343,0.999999980355183
1.8134978041965e-06,0.259743717223235,0.584603521504598,0.155652761272168,0.155652761272168,0.104090955951067,0.999999980350883
1.86440853397049e-06,0.257412598566461,0.587845812473736,0.154741588959804,0.154741588959804,0.102671009606657,0.999999980346643
1.91674849205681e-06,0.255098748242657,0.59107278594736,0.153828465809983,0.153828465809983,0.101270282432674,0.99999998034246
1.9705578015018e-06,0.252802063999547,0.594284391028041,0.152913544972412,0.152913544972412,0.0998885190271354,0.999999980338333
2.02587771173502e-06,0.250522444041236,0.597480579135479,0.151996976823285,0.151996976823285,0.0985254672179512,0.999999980334263
2.08275063019052e-06,0.248259787031931,0.600661303964576,0.151078909003494,0.151078909003494,0.0971808780284369,0.999999980330247
2.14122015481573e-06,0.24601399209934,0.603826521444228,0.150159486456431,0.150159486456431,0.0958545056429092,0.999999980326285
2.20133110749303e-06,0.243784958837769,0.606976189696847,0.149238851465384,0.149238851465384,0.0945461073723848,0.999999980322375
2.26312956839953e-06,0.241572587310917,0.610110268998563,0.14831714369052,0.14831714369052,0.0932554436203968,0.999999980318518
2.32666291133146e-06,0.239376778054399,0.613228721740142,0.147394500205458,0.147394500205458,0.0919822778489411,0.999999980314711
2.39197984002024e-06,0.237197432078001,0.616331512388565,0.146471055533435,0.146471055533435,0.0907263765445661,0.999999980310955
2.45913042546804e-06,0.235034450867666,0.619418607449286,0.145546941683048,0.145546941683048,0.0894875091846174,0.999999980307248
2.5281661443315e-06,0.232887736387249,0.622489975429151,0.144622288183601,0.144622288183601,0.0882654482036483,0.99999998030359
2.59913991838293e-06,0.230757191080026,0.625545586799955,0.143697222120019,0.143697222120019,0.0870599689600075,0.99999998029998
2.67210615507944e-06,0.22864271786998,0.628585413962651,0.142771868167369,0.142771868167369,0.0858708497026107,0.999999980296416
2.74712078927081e-06,0.226544220162867,0.631609431212174,0.141846348624958,0.141846348624958,0.0846978715379094,0.999999980292899
2.82424132607844e-06,0.224461601847083,0.634617614702893,0.140920783450023,0.140920783450023,0.0835408183970604,0.999999980289427
2.90352688497781e-06,0.222394767294322,0.637609942414663,0.139995290291015,0.139995290291015,0.0823994770033067,0.999999980285999
2.98503824511873e-06,0.220343621360048,0.640586394119481,0.139069984520471,0.139069984520471,0.0812736368395765,0.999999980282616
3.06883789191764e-06,0.218308069383788,0.643546951348728,0.138144979267483,0.138144979267483,0.0801630901163049,0.999999980279276
3.15499006495809e-06,0.216288017189246,0.646491597360995,0.137220385449759,0.137220385449759,0.0790676317394867,0.999999980275979
3.24356080723581e-06,0.214283371084247,0.64942031711047,0.136296311805283,0.136296311805283,0.077987059278964,0.999999980272723
3.33461801578637e-06,0.212294037860528,0.652333097215897,0.135372864923574,0.135372864923574,0.0769211729369542,0.999999980269509
3.42823149373397e-06,0.210319924793371,0.655229925930082,0.134450149276547,0.134450149276547,0.0758697755168236,0.999999980266336
3.52447300380159e-06,0.208360939641086,0.658110793109938,0.133528267248976,0.133528267248976,0.0748326723921093,0.999999980263202
3.62341632332315e-06,0.206416990644358,0.660975690187078,0.132607319168563,0.132607319168563,0.0738096714757953,0.999999980260108
3.72513730080021e-06,0.204487986525461,0.663824610138921,0.131687403335618,0.131687403335618,0.0728005831898433,0.999999980257052
3.82971391404628e-06,0.202573836487332,0.666657547460322,0.130768616052347,0.130768616052347,0.0718052204349849,0.999999980254035
3.93722632996347e-06,0.200674450212533,0.669474498135709,0.129851051651759,0.129851051651759,0.0708233985607742,0.999999980251055
4.04775696599732e-06,0.198789737862089,0.672275459611728,0.128934802526183,0.128934802526183,0.0698549353359059,0.999999980248112
4.16139055331671e-06,0.196919610074214,0.675060430770372,0.128019959155414,0.128019959155414,0.0688996509188004,0.999999980245205
4.27821420176762e-06,0.195063977962927,0.677829411902603,0.12710661013447,0.12710661013447,0.0679573678284563,0.999999980242335
4.39831746665023e-06,0.193222753116564,0.680582404682447,0.126194842200989,0.126194842200989,0.0670279109155743,0.9999999802395
4.5217924173707e-06,0.191395847596196,0.68331941214156,0.125284740262244,0.125284740262244,0.0661111073339518,0.999999980236699
4.64873370802026e-06,0.189583173933947,0.686040438644257,0.124376387421796,0.124376387421796,0.0652067865121505,0.999999980233933
4.7792386499356e-06,0.187784645131219,0.688745489862999,0.123469865005782,0.123469865005782,0.0643147801254372,0.999999980231201
4.91340728629636e-06,0.186000174656841,0.691434572754318,0.122565252588842,0.122565252588842,0.063434922067999,0.999999980228501
