1e-09,0.951835178970741,0.00231984998478057,0.0916899420889573,0.905990207926262,0.999999999048165
1.01392540755881e-09,0.951827495038962,0.00232059023422119,0.0917038294536327,0.905975580312146,0.999999999034918
1.02804473209331e-09,0.951819701729967,0.00232134114138934,0.0917179142572871,0.905960744601323,0.999999999021487
1.0423606739764e-09,0.951811797452956,0.00232210286471494,0.0917321993646581,0.905945697770627,0.999999999007869
1.05687597118481e-09,0.951803780593034,0.00232287556512437,0.0917466876836825,0.905930436751193,0.999999998994061
1.07159339982267e-09,0.951795649510819,0.00232365940608376,0.0917613821661936,0.905914958427723,0.999999998980062
1.08651577465254e-09,0.951787402542041,0.00232445455364317,0.0917762858086312,0.905899259637726,0.999999998965868
1.10164594963365e-09,0.951779037997136,0.00232526117648164,0.0917914016527644,0.905883337170754,0.999999998951476
1.11698681846782e-09,0.951770554160833,0.00232607944595313,0.0918067327864275,0.905867187767619,0.999999998936885
1.13254131515281e-09,0.951761949291732,0.00232690953613341,0.0918222823442686,0.905850808119598,0.99999999892209
1.14831241454351e-09,0.951753221621875,0.00232775162386786,0.0918380535085133,0.905834194867619,0.99999999890709
1.16430313292088e-09,0.95174436935631,0.00232860588882027,0.0918540495097402,0.90581734460144,0.999999998891881
1.1805165285688e-09,0.951735390672641,0.00232947251352258,0.0918702736276726,0.905800253858805,0.999999998876461
1.19695570235905e-09,0.951726283720583,0.0023303516834257,0.0918867291919837,0.905782919124591,0.999999998860826
1.21362379834424e-09,0.951717046621491,0.00233124358695131,0.0919034195831162,0.905765336829932,0.999999998844973
1.23052400435926e-09,0.951707677467896,0.00233214841554474,0.0919203482331181,0.905747503351337,0.999999998828901
1.24765955263087e-09,0.951698174323025,0.00233306636372893,0.0919375186264931,0.905729415009778,0.999999998812605
1.2650337203959e-09,0.951688535220307,0.00233399762915953,0.0919549343010672,0.905711068069773,0.999999998796082
1.28264983052806e-09,0.951678758162883,0.0023349424126811,0.0919725988488709,0.905692458738448,0.99999999877933
1.30051125217341e-09,0.951668841123096,0.00233590091838452,0.0919905159170386,0.905673583164577,0.999999998762344
1.31862140139475e-09,0.951658782041972,0.00233687335366553,0.0920086892087241,0.90565443743761,0.999999998745122
1.33698374182495e-09,0.951648578828698,0.00233785992928458,0.0920271224840338,0.905635017586682,0.999999998727661
1.35560178532937e-09,0.951638229360084,0.00233886085942787,0.0920458195609769,0.905615319579595,0.999999998709957
1.37447909267754e-09,0.951627731480013,0.0023398763617697,0.0920647843164341,0.905595339321796,0.999999998692008
1.39361927422414e-09,0.951617082998892,0.00234090665753614,0.0920840206871443,0.905575072655319,0.999999998673808
1.41302599059953e-09,0.951606281693075,0.00234195197157002,0.0921035326707102,0.90555451535772,0.999999998655355
1.43270295340983e-09,0.951595325304291,0.00234301253239739,0.0921233243266227,0.90553366314098,0.999999998636646
1.45265392594678e-09,0.951584211539052,0.00234408857229525,0.0921433997773052,0.905512511650399,0.999999998617677
1.4728827239075e-09,0.95157293806805,0.00234518032736091,0.0921637632091779,0.905491056463461,0.999999998598445
1.49339321612425e-09,0.951561502525546,0.00234628803758268,0.0921844188737425,0.905469293088675,0.999999998578945
1.51418932530435e-09,0.951549902508744,0.00234741194691221,0.0922053710886876,0.9054472169644,0.999999998559173
1.53527502878042e-09,0.951538135577154,0.00234855230333831,0.0922266242390155,0.905424823457646,0.999999998539127
1.55665435927106e-09,0.951526199251942,0.00234970935896245,0.0922481827781915,0.905402107862846,0.999999998518803
1.57833140565212e-09,0.951514091015267,0.00235088337007583,0.0922700512293147,0.905379065400609,0.999999998498195
1.6003103137387e-09,0.951501808309606,0.00235207459723823,0.0922922341863121,0.90535569121645,0.999999998477302
1.62259528707809e-09,0.951489348537063,0.0023532833053585,0.092314736315156,0.905331980379485,0.999999998456118
1.64519058775366e-09,0.95147670905867,0.00235450976377691,0.0923375623551052,0.905307927881118,0.999999998434639
1.66810053720006e-09,0.951463887193665,0.00235575424634927,0.0923607171199713,0.905283528633679,0.999999998412863
1.69132951702965e-09,0.951450880218763,0.00235701703153294,0.0923842054994091,0.905258777469058,0.999999998390783
1.71488196987054e-09,0.951437685367409,0.00235829840247479,0.092408032460233,0.905233669137292,0.999999998368397
1.73876240021625e-09,0.951424299829019,0.00235959864710106,0.0924322030477601,0.905208198305139,0.999999998345699
1.7629753752872e-09,0.951410720748201,0.00236091805820931,0.0924567223871796,0.905182359554611,0.999999998322686
1.78752552590423e-09,0.951396945223963,0.00236225693356246,0.0924815956849493,0.905156147381488,0.999999998299354
1.81241754737424e-09,0.951382970308904,0.00236361557598487,0.0925068282302214,0.905129556193794,0.999999998275697
1.83765620038817e-09,0.951368793008391,0.00236499429346068,0.0925324253962959,0.905102580310243,0.999999998251711
1.86324631193156e-09,0.951354410279714,0.00236639339923443,0.0925583926421038,0.905075213958662,0.999999998227392
1.88919277620766e-09,0.951339819031226,0.00236781321191386,0.0925847355137209,0.905047451274365,0.999999998202736
1.91550055557352e-09,0.951325016121469,0.00236925405557526,0.0926114596459117,0.905019286298513,0.999999998177736
1.94217468148903e-09,0.951309998358276,0.00237071625987107,0.0926385707637056,0.904990712976423,0.99999999815239
1.96922025547917e-09,0.951294762497857,0.00237220016014012,0.0926660746840051,0.904961725155855,0.999999998126691
1.99664245010979e-09,0.951279305243866,0.00237370609752037,0.092693977317227,0.904932316585253,0.999999998100635
2.0244465099768e-09,0.951263623246447,0.00237523441906429,0.0927222846689781,0.904902480911958,0.999999998074218
2.05263775270925e-09,0.95124771310126,0.00237678547785701,0.092751002841765,0.904872211680378,0.999999998047433
2.08122156998634e-09,0.951231571348493,0.00237835963313716,0.0927801380367402,0.904841502330123,0.999999998020276
2.1102034285686e-09,0.951215194471837,0.00237995725042066,0.0928096965554842,0.904810346194095,0.999999997992743
2.13958887134342e-09,0.95119857889746,0.00238157870162742,0.0928396848018248,0.904778736496548,0.999999997964826
2.16938351838518e-09,0.951181720992941,0.00238322436521106,0.0928701092836959,0.904746666351093,0.999999997936522
2.19959306803007e-09,0.951164617066191,0.00238489462629174,0.092900976615034,0.904714128758674,0.999999997907825
2.23022329796594e-09,0.95114726336435,0.0023865898767922,0.092932293517716,0.904681116605492,0.999999997878729
2.26128006633728e-09,0.951129656072654,0.00238831051557709,0.092964066823538,0.904647622660885,0.99999999784923
2.29276931286565e-09,0.951111791313286,0.00239005694859568,0.0929963034762362,0.904613639575168,0.99999999781932
2.32469705998565e-09,0.951093665144196,0.00239182958902799,0.0930290105335513,0.904579159877421,0.999999997788995
2.35706941399672e-09,0.951075273557897,0.00239362885743465,0.0930621951693374,0.904544175973228,0.99999999775825
2.38989256623105e-09,0.951056612480232,0.00239545518191023,0.0930958646757165,0.904508680142373,0.999999997727077
2.4231727942376e-09,0.95103767776912,0.00239730899824055,0.0931300264652794,0.90447266453648,0.999999997695472
2.45691646298279e-09,0.951018465213269,0.00239919075006376,0.0931646880733349,0.904436121176601,0.999999997663427
2.49113002606779e-09,0.950998970530861,0.00240110088903548,0.093199857160208,0.904399041950756,0.999999997630938
2.52582002696278e-09,0.950979189368208,0.00240303987499806,0.0932355415135889,0.904361418611413,0.999999997597998
2.56099310025846e-09,0.95095911729838,0.0024050081761541,0.0932717490509328,0.904323242772913,0.9999999975646
2.59665597293487e-09,0.950938749819799,0.00240700626924429,0.0933084878219138,0.904284505908842,0.999999997530739
2.63281546564802e-09,0.950918082354804,0.00240903463972983,0.0933457660109328,0.904245199349337,0.999999997496408
2.66947849403432e-09,0.95089711024818,0.00241109378197939,0.0933835919396812,0.90420531427834,0.999999997461601
2.70665207003324e-09,0.950875828765658,0.00241318419946096,0.0934219740697622,0.904164841730777,0.99999999742631
2.74434330322837e-09,0.950854233092376,0.00241530640493849,0.0934609210053707,0.904123772589691,0.99999999739053
2.78255940220713e-09,0.950832318331309,0.0024174609206737,0.093500441496034,0.904082097583292,0.999999997354252
2.82130767593947e-09,0.95081007950166,0.00241964827863302,0.0935405444394141,0.904039807281953,0.999999997317472
2.86059553517574e-09,0.950787511537213,0.00242186902069994,0.0935812388841741,0.903996892095126,0.999999997280181
2.90043049386399e-09,0.950764609284652,0.00242412369889296,0.0936225340329097,0.903953342268197,0.999999997242373
2.94082017058707e-09,0.950741367501837,0.00242641287558909,0.093664439245148,0.903909147879263,0.999999997204041
2.98177229001967e-09,0.950717780856039,0.00242873712375339,0.0937069640404151,0.903864298835832,0.999999997165176
3.02329468440578e-09,0.950693843922138,0.00243109702717449,0.0937501181013751,0.90381878487145,0.999999997125772
3.06539529505652e-09,0.950669551180773,0.00243349318070637,0.0937939112770411,0.903772595542252,0.999999997085822
3.10808217386906e-09,0.950644897016453,0.00243592619051656,0.0938383535860614,0.903725720223422,0.999999997045318
3.15136348486648e-09,0.950619875715618,0.00243839667434105,0.0938834552200826,0.903678148105576,0.999999997004251
3.19524750575921e-09,0.950594481464658,0.00244090526174599,0.0939292265471913,0.903629868191063,0.999999996962615
3.2397426295282e-09,0.950568708347885,0.00244345259439648,0.0939756781154375,0.903580869290166,0.999999996920402
3.28485736603004e-09,0.950542550345447,0.00244603932633263,0.0940228206564404,0.903531140017227,0.999999996877604
3.33060034362458e-09,0.950516001331206,0.00244866612425319,0.0940706650890813,0.903480668786665,0.999999996834211
3.37698031082509e-09,0.950489055070552,0.00245133366780687,0.0941192225232831,0.90342944380891,0.999999996790217
3.42400613797143e-09,0.950461705218168,0.00245404264989173,0.0941685042638815,0.903377453086227,0.999999996745613
3.47168681892656e-09,0.950433945315743,0.00245679377696278,0.094218521814589,0.903324684408448,0.999999996700391
3.52003147279668e-09,0.950405768789625,0.00245958776934817,0.0942692868820544,0.903271125348597,0.999999996654542
3.56904934567522e-09,0.950377168948415,0.00246242536157414,0.0943208113800215,0.903216763258404,0.999999996608057
3.61874981241128e-09,0.950348138980507,0.00246530730269906,0.0943731074335881,0.903161585263713,0.999999996560928
3.66914237840249e-09,0.950318671951558,0.00246823435665692,0.0944261873835704,0.903105578259773,0.999999996513146
3.72023668141307e-09,0.950288760801902,0.00247120730261047,0.0944800637909741,0.903048728906415,0.999999996464701
3.77204249341699e-09,0.950258398343898,0.00247422693531435,0.0945347494415756,0.90299102362311,0.999999996415585
3.82456972246699e-09,0.950227577259203,0.00247729406548863,0.0945902573506173,0.902932448583894,0.999999996365788
3.87782841458946e-09,0.950196290095987,0.00248040952020305,0.0946466007676193,0.902872989712178,0.999999996315302
3.93182875570577e-09,0.950164529266072,0.00248357414327222,0.094703793181312,0.902812632675416,0.999999996264116
3.98658107358044e-09,0.950132287041992,0.00248678879566232,0.0947618483246921,0.902751362879646,0.999999996212221
4.0420958397963e-09,0.950099555553987,0.00249005435590961,0.0948207801802063,0.902689165463884,0.999999996159606
4.09838367175725e-09,0.950066326786916,0.00249337172055108,0.0948806029850661,0.902626025294383,0.999999996106264
4.15545533471888e-09,0.950032592577083,0.00249674180456777,0.0949413312366983,0.902561926958734,0.999999996052182
4.21332174384729e-09,0.949998344608992,0.00250016554184113,0.095002979698334,0.902496854759825,0.999999995997351
4.27199396630678e-09,0.949963574412006,0.00250364388562286,0.0950655634047422,0.902430792709635,0.999999995941761
4.33148322337639e-09,0.949928273356926,0.0025071778090187,0.0951290976681101,0.902363724522871,0.999999995885402
4.39180089259608e-09,0.949892432652475,0.00251076830548674,0.0951935980840762,0.902295633610437,0.999999995828262
4.45295850994266e-09,0.949856043341689,0.00251441638935054,0.0952590805379204,0.902226503072729,0.99999999577033
4.5149677720361e-09,0.949819096298215,0.00251812309632787,0.0953255612109152,0.902156315692757,0.999999995711598
4.57784053837662e-09,0.949781582222502,0.0025218894840753,0.0953930565868448,0.90208505392908,0.999999995652051
4.64158883361277e-09,0.949743491637903,0.00252571663274952,0.0954615834586948,0.902012699908556,0.999999995591681
4.70622484984129e-09,0.949704814886655,0.00252960564558568,0.0955311589355195,0.901939235418895,0.999999995530476
4.77176094893875e-09,0.94966554212576,0.00253355764949361,0.0956018004494921,0.901864641901014,0.999999995468423
4.83820966492596e-09,0.949625663322756,0.00253757379567232,0.0956735257631432,0.901788900441185,0.999999995405512
4.90558370636505e-09,0.94958516825136,0.0025416552602437,0.0957463529767929,0.901711991762963,0.99999999534173
4.97389595879006e-09,0.949544046487002,0.00254580324490584,0.0958203005361848,0.901633896218909,0.999999995277067
5.04315948717137e-09,0.949502287402231,0.00255001897760691,0.0958953872403248,0.901554593782068,0.999999995211509
5.11338753841433e-09,0.949459880161992,0.00255430371324019,0.0959716322495352,0.901474064037225,0.999999995145044
5.18459354389291e-09,0.949416813718775,0.00255865873436108,0.0960490550937273,0.901392286171912,0.99999999507766
5.25679112201842e-09,0.949373076807622,0.00256308535192696,0.0961276756809024,0.901309238967171,0.999999995009344
5.32999408084408e-09,0.949328657940996,0.00256758490606058,0.0962075143058866,0.901224900788053,0.999999994940084
5.40421642070593e-09,0.949283545403508,0.00257215876683805,0.0962885916593082,0.901139249573854,0.999999994869866
5.47947233690029e-09,0.949237727246486,0.00257680833510219,0.0963709288368243,0.901052262828073,0.999999994798678
5.55577622239888e-09,0.949191191282394,0.00258153504330224,0.0964545473486069,0.900963917608091,0.999999994726506
5.63314267060135e-09,0.949143925079092,0.002586340356361,0.0965394691290939,0.900874190514545,0.999999994653337
5.71158647812642e-09,0.949095915953921,0.00259122577257026,0.0966257165470171,0.900783057680413,0.999999994579157
5.79112264764177e-09,0.949047150967627,0.00259619282451575,0.0967133124157137,0.900690494759771,0.999999994503951
5.87176639073326e-09,0.948997616918101,0.00260124308003274,0.0968022800037317,0.900596476916236,0.999999994427708
5.95353313081437e-09,0.948947300333937,0.00260637814319326,0.0968926430457401,0.900500978811067,0.999999994350411
6.03643850607586e-09,0.948896187467798,0.00261159965532647,0.0969844257537515,0.900403974590922,0.999999994272046
6.12049837247669e-09,0.948844264289591,0.00261690929607317,0.0970776528286707,0.900305437875256,0.9999999941926
6.20572880677651e-09,0.948791516479435,0.00262230878447597,0.0971723494721779,0.900205341743346,0.999999994112057
6.29214610961035e-09,0.948737929420414,0.00262779988010644,0.0972685413989588,0.900103658720935,0.999999994030402
6.37976680860628e-09,0.948683488191122,0.00263338438423068,0.097366254849294,0.900000360766475,0.999999993947621
6.46860766154632e-09,0.948628177557976,0.00263906414101488,0.0974655166020189,0.899895419256966,0.999999993863696
6.55868565957142e-09,0.948571981967294,0.00264484103877236,0.0975663539878678,0.89978880497336,0.999999993778615
6.65001803043113e-09,0.948514885537139,0.00265071701125392,0.0976687949032145,0.899680488085532,0.999999993692359
6.74262224177835e-09,0.948456872048905,0.00265669403898299,0.0977728678242247,0.899570438136792,0.999999993604914
6.83651600451024e-09,0.948397924938646,0.00266277415063762,0.0978786018214329,0.899458624027929,0.999999993516262
6.9317172761554e-09,0.948338027288139,0.00266895942448106,0.0979860265747597,0.899345014000759,0.999999993426389
7.02824426430834e-09,0.948277161815665,0.00267525198984294,0.0980951723889848,0.899229575621172,0.999999993335276
7.12611543011176e-09,0.948215310866501,0.00268165402865314,0.098206070209692,0.899112275761655,0.999999993242908
7.22534949178722e-09,0.948152456403118,0.00268816777703054,0.0983187516397022,0.898993080583267,0.999999993149267
7.32596542821523e-09,0.948088579995064,0.00269479552692881,0.0984332489560132,0.898871955517058,0.999999993054336
7.42798248256491e-09,0.948023662808527,0.00270153962784174,0.0985495951272634,0.898748865244895,0.999999992958097
7.53142016597436e-09,0.94795768559556,0.00270840248857054,0.0986678238317381,0.898623773679691,0.999999992860532
7.63629826128226e-09,0.947890628682975,0.00271538657905563,0.0987879694759395,0.898496643945005,0.999999992761624
7.74263682681128e-09,0.947822471960854,0.00272249443227583,0.0989100672137397,0.898367438353985,0.999999992661355
7.85045620020451e-09,0.947753194870714,0.00272972864621762,0.0990341529661375,0.898236118387645,0.999999992559705
7.95977700231498e-09,0.947682776393261,0.00273709188591757,0.0991602634416436,0.898102644672439,0.999999992456657
8.07062014114949e-09,0.947611195035762,0.00274458688558099,0.0992884361573144,0.897966976957105,0.99999999235219
8.18300681586741e-09,0.94753842881899,0.00275221645078023,0.0994187094604604,0.897829074088759,0.999999992246286
8.29695852083492e-09,0.947464455263737,0.00275998346073589,0.0995511225510542,0.89768889398821,0.999999992138927
8.41249704973612e-09,0.947389251376884,0.00276789087068473,0.099685715504863,0.897546393624452,0.999999992030091
8.52964449974102e-09,0.947312793636995,0.00277594171433792,0.099822529297335,0.897401528988327,0.999999991919758
8.64842327573171e-09,0.947235057979433,0.00278413910643376,0.0999616058282657,0.897254255065301,0.99999999180791
8.76885609458744e-09,0.947156019780973,0.00279248624538892,0.100102987947276,0.897104525807335,0.999999991694525
8.89096598952917e-09,0.947075653843881,0.00280098641605267,0.100246719480132,0.896952294103815,0.999999991579583
9.01477631452492e-09,0.946993934379463,0.0028096429925687,0.100392845255937,0.896797511751494,0.999999991463061
9.14031074875622e-09,0.946910834991033,0.00281845944134932,0.100541411135235,0.896640129423415,0.999999991344941
9.26759330114686e-09,0.946826328656306,0.00282743932416722,0.100692464039054,0.896480096636779,0.999999991225199
9.39664831495471e-09,0.946740387709166,0.00283658630137001,0.100846051978929,0.896317361719701,0.999999991103814
9.5275004724273e-09,0.946652983820805,0.00284590413522335,0.101002224087944,0.896151871776832,0.999999990980763
9.66017479952265e-09,0.946564087980195,0.00285539669338835,0.101161030652833,0.895983572653778,0.999999990856026
9.79469667069539e-09,0.946473670473871,0.00286506795253971,0.101322523147178,0.895812408900282,0.999999990729578
9.93109181374978e-09,0.946381700864995,0.00287492200213093,0.101486754265749,0.89563832373212,0.999999990601397
1.00693863147603e-08,0.946288147971666,0.00288496304831366,0.101653777960041,0.895461258991646,0.999999990471459
1.02096066230605e-08,0.946192979844464,0.00289519541801826,0.101823649475036,0.895281155106946,0.999999990339742
1.03517795563018e-08,0.946096163743167,0.00290562356320346,0.101996425387259,0.895097951049537,0.999999990206221
1.04959323055823e-08,0.945997666112631,0.0029162520652829,0.102172163644173,0.894911584290545,0.999999990070873
1.06420924406472e-08,0.945897452557784,0.0029270856397372,0.102350923604957,0.894721990755306,0.999999989933672
1.07902879151618e-08,0.945795487817706,0.00293812914092052,0.102532766082748,0.894529104776331,0.999999989794594
1.09405470720574e-08,0.94569173573874,0.00294938756707087,0.102717753388379,0.894332859044551,0.999999989653615
1.10928986489522e-08,0.945586159246619,0.00296086606553435,0.102905949375694,0.894133184558772,0.999999989510709
1.12473717836475e-08,0.945478720317535,0.00297256993821354,0.103097419488502,0.893930010573284,0.999999989365849
1.14039960197003e-08,0.945369379948133,0.00298450464725144,0.103292230809231,0.893723264543518,0.999999989219011
1.15628013120738e-08,0.94525809812436,0.00299667582096223,0.103490452109356,0.893512872069682,0.999999989070169
1.1723818032866e-08,0.945144833789135,0.00300908926002166,0.103692153901687,0.893298756838291,0.999999988919294
1.1887076977119e-08,0.945029544808782,0.00302175094392969,0.103897408494576,0.893080840561494,0.999999988766361
1.20526093687084e-08,0.944912187938171,0.00303466703775943,0.10410629004814,0.892859042914101,0.999999988611343
1.22204468663149e-08,0.944792718784505,0.00304784389920678,0.104318874632577,0.892633281468216,0.999999988454211
1.23906215694792e-08,0.944671091769706,0.0030612880859563,0.104535240288675,0.892403471625368,0.999999988294938
1.25631660247412e-08,0.944547260091323,0.00307500636337942,0.104755467090596,0.892169526546025,0.999999988133496
1.27381132318648e-08,0.944421175681899,0.00308900571258239,0.104979637211038,0.891931357076379,0.999999987969856
1.29154966501488e-08,0.944292789166733,0.00310329333882204,0.10520783498889,0.891688871672288,0.999999987803989
1.30953502048267e-08,0.944162049819958,0.00311787668030882,0.105440146999466,0.891441976320225,0.999999987635867
1.32777082935543e-08,0.944028905518854,0.00313276341741734,0.105676662127457,0.891190574455126,0.999999987465459
1.34626057929891e-08,0.943893302696324,0.00314796148232631,0.105917471642699,0.890934566874975,0.999999987292737
1.36500780654601e-08,0.94375518629144,0.00316347906911058,0.106162669278898,0.890673851651991,0.999999987117668
1.38401609657313e-08,0.943614499697973,0.00317932464430985,0.106412351315434,0.890408324040256,0.999999986940224
1.40328908478587e-08,0.943471184710808,0.00319550695799959,0.106666616662385,0.890137876379616,0.999999986760372
1.42283045721435e-08,0.943325181470147,0.00321203505539175,0.106925566948922,0.889862397995686,0.999999986578082
1.44264395121816e-08,0.943176428403397,0.00322891828899421,0.107189306615217,0.889581775095789,0.999999986393322
1.46273335620113e-08,0.943024862164627,0.00324616633135979,0.107457943008027,0.889295890660613,0.999999986206061
1.4831025143361e-08,0.942870417571475,0.00326378918845759,0.107731586480134,0.889004624331408,0.999999986016265
1.50375532129974e-08,0.942713027539401,0.00328179721370145,0.108010350493795,0.888707852292503,0.999999985823903
1.52469572701757e-08,0.942552623013122,0.00330020112267246,0.108294351728411,0.888405447148917,0.99999998562894
1.54592773641948e-08,0.942389132895131,0.00331901200857492,0.108583710192589,0.888097277798836,0.999999985431345
1.56745541020559e-08,0.942222483971121,0.0033382413584674,0.108878549340824,0.887783209300709,0.999999985231083
1.58928286562298e-08,0.94205260083219,0.00335790107031352,0.109178996194993,0.887463102734693,0.999999985028119
1.61141427725302e-08,0.941879405793646,0.00337800347089971,0.109485181470909,0.887136815058191,0.999999984822421
1.63385387780986e-08,0.941702818810251,0.00339856133467039,0.109797239710157,0.886804198955173,0.999999984613952
1.65660595894992e-08,0.94152275738773,0.00341958790353424,0.110115309417471,0.886465102678995,0.999999984402678
1.67967487209265e-08,0.941339136490342,0.00344109690769874,0.110439533203919,0.886119369888382,0.999999984188563
1.70306502925284e-08,0.941151868444324,0.0034631025875941,0.110770057936163,0.885766839476243,0.999999983971572
1.72678090388436e-08,0.940960862837001,0.00348561971695141,0.111107034892095,0.885407345390953,0.999999983751668
1.75082703173572e-08,0.940766026411319,0.00350866362710459,0.111450619923153,0.885040716449742,0.999999983528814
1.77520801171764e-08,0.940567262955589,0.00353225023259008,0.111800973623641,0.884666776143769,0.999999983302975
1.79992850678248e-08,0.940364473188179,0.00355639605812339,0.112158261507395,0.884285342434482,0.999999983074112
1.82499324481615e-08,0.940157554636889,0.00358111826703695,0.112522654192149,0.883896227540814,0.999999982842188
1.8504070195423e-08,0.939946401512736,0.00360643469126948,0.112894327591988,0.883499237716742,0.999999982607166
1.87617469143912e-08,0.939730904577857,0.00363236386300341,0.11327346311828,0.883094173018717,0.999999982369007
1.90230118866895e-08,0.939510951007199,0.0036589250480535,0.113660247889495,0.882680827062451,0.999999982127672
1.92879150802078e-08,0.939286424243692,0.00368613828111697,0.114054874950382,0.882258986768501,0.999999981883123
1.95565071586595e-08,0.939057203846529,0.00371402440300352,0.114457543500935,0.881828432096061,0.999999981635321
1.98288394912707e-08,0.938823165332199,0.00374260509997142,0.114868459135659,0.88138893576437,0.999999981384226
2.0104964162605e-08,0.938584180007872,0.00377190294530545,0.115287834093645,0.88094026296105,0.999999981129798
2.03849339825246e-08,0.938340114796718,0.00380194144328193,0.11571588752,0.880482171036718,0.999999980871999
2.06688024962908e-08,0.938090832054724,0.00383274507567636,0.116152845739199,0.880014409185125,0.999999980610786
2.09566239948043e-08,0.937836189378539,0.00386433935098093,0.116598942540961,0.879536718108058,0.999999980346119
2.12484535249888e-08,0.93757603940384,0.00389675085651099,0.117054419479299,0.87904882966419,0.999999980077959
2.15443469003188e-08,0.937310229593713,0.00393000731359294,0.117519526185388,0.87855046650102,0.999999979806263
2.18443607114943e-08,0.937038602016472,0.00396413763604022,0.117994520694976,0.878041341668984,0.999999979530991
2.21485523372636e-08,0.936760993112326,0.00399917199213933,0.11847966979107,0.877521158216791,0.9999999792521
2.24569799553977e-08,0.936477233448277,0.00403514187038465,0.118975249362676,0.876989608766939,0.99999997896955
2.27697025538168e-08,0.936187147460573,0.00407208014921863,0.119481544780416,0.876446375070365,0.999999978683297
2.30867799418717e-08,0.935890553184,0.00411002117105356,0.119998851289893,0.875891127539053,0.999999978393301
2.34082727617829e-08,0.935587261967279,0.00414900082087192,0.120527474423698,0.87532352475543,0.999999978099518
2.37342425002387e-08,0.93527707817376,0.00418905660972553,0.121067730433028,0.874743212957246,0.999999977801907
2.40647515001542e-08,0.934959798866563,0.00423022776347794,0.121619946739918,0.874149825496604,0.999999977500425
2.43998629725955e-08,0.934635213477272,0.00427255531716175,0.122184462411132,0.873542982271707,0.999999977195029
2.47396410088681e-08,0.934303103457232,0.00431608221535114,0.122761628654833,0.872922289129816,0.999999976885677
2.50841505927754e-08,0.93396324191042,0.00436085341898167,0.123351809341196,0.872287337239822,0.999999976572325
2.54334576130465e-08,0.933615393206833,0.00440691601908336,0.123955381548167,0.87163770243275,0.999999976254932
2.5787628875938e-08,0.933259312575235,0.00445431935793014,0.124572736133669,0.870972944508401,0.999999975933455
2.61467321180109e-08,0.932894745674061,0.00450311515814897,0.12520427833558,0.870292606506271,0.999999975607851
2.65108360190854e-08,0.932521428139183,0.00455335766037543,0.125850428400883,0.869596213938742,0.999999975278077
2.68800102153761e-08,0.932139085107182,0.00460510377009023,0.126511622245455,0.868883273984455,0.999999974944092
2.72543253128103e-08,0.931747430712668,0.00465841321432212,0.127188312146021,0.868153274639657,0.999999974605852
2.76338529005317e-08,0.93134616755811,0.00471334870895911,0.127880967465862,0.867405683825179,0.999999974263317
2.8018665564592e-08,0.930934986154565,0.00476997613747009,0.128590075415929,0.866639948446601,0.999999973916444
2.84088369018331e-08,0.930513564331552,0.00482836474190539,0.129316141853086,0.865855493405009,0.999999973565192
2.8804441533963e-08,0.930081566614258,0.00488858732711646,0.130059692117251,0.865051720555632,0.99999997320952
2.92055551218275e-08,0.92963864356614,0.00495072047921268,0.130821271909295,0.864228007611493,0.999999972849388
2.96122543798803e-08,0.929184431094861,0.00501484479935841,0.13160144821156,0.863383706989082,0.999999972484754
3.00246170908555e-08,0.928718549719403,0.00508104515410523,0.132400810252984,0.862518144592911,0.999999972115581
3.04427221206431e-08,0.928240603796054,0.00514941094355489,0.133219970520782,0.861630618535663,0.999999971741829
3.08666494333727e-08,0.927750180700867,0.00522003638875731,0.13405956582075,0.860720397790492,0.99999997136346
3.12964801067075e-08,0.927246849966024,0.00529302083986622,0.13492025838822,0.859786720771914,0.999999970980437
3.17322963473497e-08,0.926730162367425,0.00536846910670394,0.135802737051743,0.858828793841553,0.999999970592724
3.21741815067637e-08,0.926199648960683,0.00544649181352647,0.136707718451582,0.857845789734892,0.999999970200284
3.26222200971167e-08,0.925654820062549,0.00552720577993193,0.137635948315038,0.85683684590503,0.999999969803085
3.30764978074424e-08,0.925095164174667,0.00561073443002014,0.138588202790626,0.855801062779354,0.999999969401092
3.35371015200293e-08,0.924520146846394,0.00569720823208993,0.139565289843032,0.854737501924878,0.999999968994274
3.4004119327037e-08,0.923929209473317,0.00578676517135453,0.140568050710658,0.853645184117988,0.999999968582601
3.44776405473446e-08,0.923321768027911,0.00587955125836546,0.141597361427447,0.852523087314188,0.999999968166044
3.49577557436328e-08,0.922697211718707,0.00597572107606245,0.142654134410462,0.851370144513476,0.999999967744576
3.54445567397044e-08,0.922054901574167,0.00607543836861283,0.143739320114441,0.850185241516946,0.999999967318173
3.59381366380463e-08,0.921394168947408,0.00617887667546868,0.144853908754247,0.848967214570284,0.99999996688681
3.64385898376354e-08,0.920714313937784,0.0062862200143562,0.145998932095719,0.847714847889925,0.999999966450469
3.6946012051993e-08,0.92001460372531,0.00639766361721923,0.147175465314942,0.846426871067839,0.999999966009129
3.746050032749e-08,0.919294270813843,0.00651341472346932,0.148384628925375,0.845101956351155,0.999999965562777
3.79821530619074e-08,0.918552511178991,0.00663369343524845,0.149627590771522,0.84373871579323,0.999999965111398
3.85110700232557e-08,0.917788482316719,0.00675873363978839,0.150905568086985,0.842335698273227,0.999999964654984
3.90473523688556e-08,0.917001301188796,0.00688878400435291,0.152219829613702,0.840891386381945,0.999999964193527
3.95911026646846e-08,0.916190042061366,0.00702410904967555,0.153571697777916,0.839404193172408,0.999999963727026
4.01424249049933e-08,0.915353734233246,0.00716499030825588,0.154962550916995,0.837872458774749,0.999999963255481
4.07014245321944e-08,0.914491359650917,0.0073117275743489,0.156393825549469,0.836294446876182,0.999999962778899
4.12682084570295e-08,0.91360185040769,0.00746464025297515,0.157867018678669,0.834668341068356,0.999999962297289
4.18428850790158e-08,0.912684086125225,0.00762406881578709,0.159383690117975,0.832992241066237,0.999999961810664
4.24255643071778e-08,0.911736891216383,0.00779037637214852,0.160945464822936,0.831264158804916,0.999999961319048
4.3016357581068e-08,0.910759032029511,0.00796395036430976,0.162554035212358,0.829482014423333,0.999999960822464
4.36153778920801e-08,0.909749213875539,0.00814520439608329,0.164211163456756,0.82764363214716,0.999999960320944
4.4222739805059e-08,0.908706077940897,0.00833458020493363,0.165918683708339,0.825746736086727,0.999999959814528
4.48385594802119e-08,0.907628198091228,0.00853254978787346,0.167678504241798,0.823788945970329,0.999999959303259
4.5462954695324e-08,0.906514077573197,0.00873961769199031,0.169492609469626,0.821767772838383,0.999999958787192
4.60960448682844e-08,0.905362145624543,0.00895632348079024,0.171363061789334,0.819680614729876,0.999999958266386
4.67379510799246e-08,0.904170754005849,0.00918324438780751,0.173292003212687,0.817524752399506,0.999999957740912
4.73887960971765e-08,0.902938173471435,0.00942099816906129,0.175281656719008,0.815297345111931,0.999999957210847
4.80487043965513e-08,0.901662590201416,0.00967024616589464,0.177334327265379,0.812995426568727,0.999999956676281
4.87178021879463e-08,0.900342102222345,0.00993169658946154,0.179452402376387,0.810615901034151,0.999999956137311
4.93962174387833e-08,0.898974715850083,0.0102061080375715,0.181638352224691,0.808155539737737,0.999999955594049
5.00840798984821e-08,0.897558342195741,0.0104942932536848,0.183894729101148,0.805610977645168,0.999999955046616
5.07815211232767e-08,0.896090793783723,0.0107971231364969,0.186224166159561,0.802978710703942,0.999999954495147
5.1488674501375e-08,0.894569781340218,0.0111155310066494,0.188629375306265,0.800255093687086,0.999999953939788
5.22056752784698e-08,0.892992910821014,0.0114505171345595,0.191113144088853,0.797436338776587,0.999999953380702
5.29326605836057e-08,0.891357680759168,0.0118031535300268,0.19367833142161,0.794518515048364,0.999999952818066
5.36697694554048e-08,0.889661480026111,0.0121745889900284,0.196327861967722,0.79149754904225,0.999999952252074
5.44171428686589e-08,0.887901586113875,0.0125660543957849,0.19906471898068,0.788369226623535,0.999999951682932
5.51749237612913e-08,0.886075164061521,0.0129788682436093,0.201891935389739,0.785129196366651,0.99999995111087
5.59432570616938e-08,0.88417926616507,0.0134144423860616,0.204812582897736,0.781772974716202,0.999999950536132
5.67222897164455e-08,0.8822108326273,0.013874287950354,0.207829758844693,0.778295953204953,0.999999949958981
5.75121707184161e-08,0.880166693321059,0.0143600213896092,0.210946570578664,0.774693408031726,0.999999949379703
5.83130511352622e-08,0.878043570856889,0.0148733706093386,0.214166117067544,0.770960512323117,0.9999999487986
5.91250841383188e-08,0.875838085161949,0.0154161810962515,0.2174914674836,0.767092351420149,0.999999948215999
5.99484250318941e-08,0.873546759791584,0.0159904219592072,0.220925636498417,0.763083941542376,0.999999947632248
6.07832312829724e-08,0.871166030206325,0.0165981917727975,0.224471556041754,0.758930252185448,0.999999947047714
6.16296625513294e-08,0.868692254254107,0.0172417240928681,0.22813204330605,0.754626232601082,0.999999946462789
6.24878807200689e-08,0.866121725098636,0.0179233924905653,0.231909764821598,0.750166842687837,0.999999945877889
6.33580499265825e-08,0.863450686828113,0.018645714927714,0.235807196488345,0.745547088583941,0.999999945293448
6.42403365939419e-08,0.860675352962041,0.019411357272252,0.239826579531415,0.740762063196333,0.999999944709926
6.51349094627281e-08,0.857791928045418,0.0202231357290395,0.243969872451084,0.735806991819876,0.9999999441278
6.60419396233031e-08,0.854796632477329,0.021084017939924,0.248238699165495,0.730677282894581,0.999999943547572
6.69616005485322e-08,0.851685730662649,0.0219971224890723,0.252634293696557,0.72536858381437,0.99999994296976
6.78940681269611e-08,0.848455562500193,0.0229657165371327,0.257157441925347,0.71987684153752,0.9999999423949
6.8839520696455e-08,0.845102578126991,0.0239932113029049,0.261808421140208,0.714198367556887,0.999999941823544
6.97981390783067e-08,0.841623375726969,0.0250831551161209,0.266586938313821,0.708329906570058,0.999999941256255
7.07701066118189e-08,0.838014742084456,0.0262392237819652,0.271492068267157,0.702268707950878,0.999999940693607
7.17556091893692e-08,0.834273695421629,0.027465208029203,0.276522193098336,0.696012598872461,0.999999940136183
7.27548352919623e-08,0.830397529909118,0.0287649978609285,0.281674944459907,0.689560057679164,0.999999939584564
7.37679760252773e-08,0.826383861087082,0.0301425636910297,0.286947150443777,0.682910285865193,0.999999939039335
7.47952251562183e-08,0.822230671288457,0.0316019342305526,0.292334788961981,0.676063276807467,0.999999938501072
7.58367791499719e-08,0.817936354026773,0.0331471711850645,0.297832949576325,0.669019879238611,0.999999937970341
7.68928372075831e-08,0.813499756208443,0.0347823409343102,0.303435805714494,0.661781853351196,0.999999937447696
7.79636013040524e-08,0.808920216964774,0.0365114834847891,0.309136599100874,0.654351917414337,0.999999936933667
7.90492762269642e-08,0.804197601881824,0.0383385791088287,0.314927638018695,0.646733782872476,0.999999936428762
8.01500696156541e-08,0.799332331444566,0.0402675132034735,0.320800310703921,0.638932176092605,0.999999935933458
8.12661920009195e-08,0.794325402610216,0.0423020400114499,0.326745114756669,0.630952845231881,0.999999935448199
8.23978568452851e-08,0.789178402584451,0.0444457459368438,0.33275170295741,0.622802551105746,0.999999934973391
8.35452805838287e-08,0.783893514089507,0.0467020132525822,0.338808945315822,0.614489041431596,0.999999934509396
8.4708682665574e-08,0.778473511675504,0.0490739850293829,0.344905006590226,0.606021008380392,0.999999934056534
8.58882855954626e-08,0.772921748922442,0.0515645321124424,0.351027437930231,0.597408029957327,0.999999933615076
8.70843149769072e-08,0.767242136693094,0.0541762229311961,0.357163280751419,0.588660496317385,0.999999933185244
8.82969995549408e-08,0.761439112907595,0.0569112968503153,0.36329918048418,0.579789522665505,0.999999932767211
8.9526571259964e-08,0.755517604599807,0.0597716416606161,0.369421507479153,0.570806850860231,0.9999999323611
9.07732652521022e-08,0.74948298326605,0.062758775673278,0.375516482121343,0.561724742205379,0.999999931966982
9.20373199661823e-08,0.743341014714221,0.0658738347279256,0.381570301115707,0.552555864156368,0.999999931584885
9.33189771573324e-08,0.737097804756182,0.0691175642640187,0.387569261959599,0.543313173776382,0.999999931214787
9.46184819472199e-08,0.730759742153732,0.072490316445125,0.393499882802287,0.534009800752589,0.999999930856623
9.59360828709315e-08,0.724333440229513,0.0759920521756955,0.399349015189583,0.524658932634721,0.999999930510287
9.72720319245054e-08,0.717825678494003,0.0796223477173699,0.405103947577255,0.515273704705375,0.999999930175638
9.86265846131283e-08,0.71124334552771,0.0833804055020293,0.410752497940521,0.50586709655745,0.999999929852498
1e-07,0.70459338420552,0.0872650686551474,0.416283094278665,0.496451837066188,0.999999929540662
1.01392540755881e-07,0.69788274017073,0.0912748386867465,0.421684842285047,0.487040319028207,0.999999929239896
1.02804473209331e-07,0.691118314272822,0.0954078957776629,0.426947579899029,0.477644524323308,0.999999928949946
1.0423606739764e-07,0.684306919487096,0.099662121083727,0.432061918858354,0.468275960057919,0.999999928670538
1.05687597118481e-07,0.677455242646191,0.104035120496427,0.437019273714763,0.45894560578881,0.999999928401383
1.07159339982267e-07,0.670569811141098,0.108524249331612,0.44181187905458,0.449663871613808,0.999999928142182
1.08651577465254e-07,0.663656964597798,0.113126637463567,0.44643279587727,0.440440566659163,0.999999927892624
1.10164594963366e-07,0.656722831408633,0.117839214476105,0.450875908230522,0.431284877293372,0.999999927652395
1.11698681846782e-07,0.649773309895797,0.122658734461345,0.455135911285715,0.42220535425294,0.999999927421178
1.13254131515281e-07,0.642814053807622,0.127581800157344,0.459208292070068,0.413209907772588,0.999999927198653
1.14831241454351e-07,0.635850461794922,0.132604886174972,0.463089304060213,0.404305809764815,0.999999926984502
1.16430313292088e-07,0.628887670481857,0.137724361120383,0.466775936795521,0.395499702084097,0.999999926778411
1.18051652856881e-07,0.621930550730794,0.142936508470721,0.470265881596971,0.386797609932309,0.999999926580071
1.19695570235904e-07,0.614983706700125,0.148237546106375,0.473557494386999,0.378204959506626,0.999999926389175
1.21362379834424e-07,0.608051477304923,0.153623644442853,0.476649756504448,0.369726599052699,0.999999926205426
1.23052400435926e-07,0.60113793970981,0.159090943138935,0.47954223430251,0.361366822558556,0.999999926028534
1.24765955263087e-07,0.5942469145088,0.164635566385629,0.482235038211142,0.353129395403228,0.999999925858216
1.2650337203959e-07,0.587381972276098,0.170253636802762,0.484728781842278,0.345017581354959,0.9999999256942
1.28264983052806e-07,0.580546441203017,0.175941287987454,0.487024541619058,0.337034170393488,0.999999925536221
1.30051125217341e-07,0.573743415567785,0.181694675771818,0.489123817320794,0.329181506907388,0.999999925384023
1.31862140139475e-07,0.566975764816252,0.18750998825647,0.491028493854556,0.321461517888974,0.999999925237362
1.33698374182495e-07,0.560246143061153,0.193383454692592,0.49274080449251,0.313875740814897,0.999999925096001
