1e-07,0.383532872117335,0.427318796346422,0.189148331536243,0.189148331536243,0.194384540581092,0.999999996221465
1.03282605511167e-07,0.381419220744355,0.42982989514494,0.188750884110705,0.188750884110705,0.19266833663365,0.999999996166037
1.06672966011754e-07,0.379290874292465,0.43236567501271,0.188343450694824,0.188343450694824,0.190947423597641,0.999999996110606
1.10174618672982e-07,0.377148331415457,0.434925689404879,0.187925979179665,0.187925979179665,0.189222352235792,0.999999996055187
1.13791216777448e-07,0.374992095597458,0.437509480132882,0.18749842426966,0.18749842426966,0.187493671327799,0.999999995999798
1.17526533530609e-07,0.372822674467062,0.440116577994781,0.187060747538157,0.187060747538157,0.185761926928905,0.999999995944454
1.21384465997369e-07,0.370640579120542,0.442746503411486,0.186612917467972,0.186612917467972,0.18402766165257,0.999999995889172
1.25369039167899e-07,0.36844632345599,0.445398767066877,0.186154909477133,0.186154909477133,0.182291413978857,0.999999995833967
1.29484410156922e-07,0.366240423520053,0.448072870549874,0.185686705930072,0.185686705930072,0.180553717589981,0.999999995778854
1.33734872540836e-07,0.36402339686885,0.450768306996584,0.185208296134566,0.185208296134566,0.178815100734284,0.999999995723849
1.38124860837214e-07,0.361795761944482,0.453484561730739,0.18471967632478,0.184719676324779,0.177076085619702,0.999999995668965
1.42658955131348e-07,0.359558037468459,0.456221112900719,0.184220849630821,0.184220849630821,0.175337187837638,0.999999995614217
1.47341885854664e-07,0.357310741853202,0.458977432111541,0.183711826035257,0.183711826035257,0.173598915817945,0.999999995559619
1.52178538719987e-07,0.35505439263265,0.461752985050282,0.183192622317068,0.183192622317068,0.171861770315582,0.999999995505183
1.57173959818823e-07,0.352789505912892,0.464547232103535,0.182663261983573,0.182663261983573,0.170126243929318,0.999999995450924
1.62333360885955e-07,0.350516595843584,0.467359628965542,0.182123775190874,0.182123775190874,0.168392820652709,0.999999995396852
1.67662124736861e-07,0.348236174110813,0.470189627235804,0.181574198653384,0.181574198653384,0.166661975457429,0.999999995342981
1.73165810883613e-07,0.345948749451927,0.473036675005023,0.181014575543049,0.18101457554305,0.164934173908878,0.999999995289322
1.78850161335136e-07,0.343654827192746,0.475900217428378,0.180444955378876,0.180444955378876,0.163209871813871,0.999999995235886
1.84721106587855e-07,0.341354908807447,0.478779697285184,0.17986539390737,0.17986539390737,0.161489514900077,0.999999995182683
1.90784771812997e-07,0.339049491501315,0.481674555524137,0.179275952974548,0.179275952974548,0.159773538526767,0.999999995129726
1.97047483246998e-07,0.336739067816455,0.484584231793412,0.178676700390133,0.178676700390133,0.158062367426321,0.999999995077022
2.03515774791681e-07,0.334424125260442,0.48750816495497,0.178067709784589,0.178067709784589,0.156356415475853,0.999999995024583
2.10196394831087e-07,0.332105145957829,0.49044579358256,0.177449060459611,0.177449060459611,0.154656085498218,0.999999994972417
2.17096313272088e-07,0.329782606324328,0.493396556442947,0.176820837232725,0.176820837232725,0.152961769091603,0.999999994920532
2.24222728816098e-07,0.327456976763405,0.496359892960003,0.176183130276591,0.176183130276591,0.151273846486814,0.999999994868937
2.31583076469505e-07,0.325128721384975,0.499335243661389,0.175536034953636,0.175536034953636,0.149592686431338,0.99999999481764
2.39185035300624e-07,0.322798297745796,0.502322050607601,0.174879651646603,0.174879651646603,0.147918646099193,0.999999994766649
2.47036536451289e-07,0.320466156611135,0.505319757803264,0.1742140855856,0.174214085585601,0.146252071025535,0.99999999471597
2.55145771411436e-07,0.318132741737194,0.508327811590592,0.173539446672214,0.173539446672214,0.144593295064979,0.999999994665611
2.63521200565298e-07,0.315798489673766,0.511345661025015,0.172855849301219,0.172855849301219,0.142942640372546,0.999999994615577
2.72171562018149e-07,0.313463829586544,0.514372758233036,0.17216341218042,0.17216341218042,0.141300417406125,0.999999994565875
2.81105880712787e-07,0.311129183098472,0.517408558752414,0.171462258149114,0.171462258149114,0.139666924949359,0.99999999451651
2.9033347784528e-07,0.308794964149491,0.520452521854841,0.170752513995668,0.170752513995668,0.138042450153822,0.999999994467487
2.99863980589793e-07,0.30646157887403,0.523504110851323,0.170034310274647,0.170034310274647,0.136427268599382,0.999999994418812
3.09707332142639e-07,0.304129425495563,0.526562793380501,0.169307781123936,0.169307781123936,0.134821644371627,0.999999994370488
3.19873802096042e-07,0.301798894237533,0.529628041680203,0.168573064082264,0.168573064082264,0.133225830155269,0.999999994322521
3.30373997152427e-07,0.29947036724994,0.53269933284255,0.167830299907511,0.16783029990751,0.131640067342429,0.999999994274914
3.41218872190416e-07,0.297144218550902,0.535776149052951,0.167079632396146,0.167079632396146,0.130064586154756,0.99999999422767
3.52419741694082e-07,0.294820813982466,0.538857977813374,0.166321208204161,0.16632120820416,0.128499605778305,0.999999994180793
3.63988291557374e-07,0.292500511179962,0.541944312150272,0.165555176669766,0.165555176669766,0.126945334510196,0.999999994134286
3.7593659127604e-07,0.290183659554216,0.545034650807597,0.164781689638186,0.164781689638186,0.12540196991603,0.999999994088151
3.88277106539761e-07,0.287870600285904,0.548128498425319,0.164000901288777,0.164000901288777,0.123869698997127,0.999999994042392
4.01022712237636e-07,0.285561666331371,0.551225365703895,0.163212967964733,0.163212967964733,0.122348698366638,0.999999993997009
4.14186705890581e-07,0.283257182439256,0.55432476955515,0.162418048005595,0.162418048005595,0.120839134433661,0.999999993952006
4.27782821524667e-07,0.280957465177231,0.557426233240014,0.161616301582756,0.161616301582756,0.119341163594475,0.999999993907383
4.41825243999864e-07,0.278662822968243,0.560529286493603,0.160807890538154,0.160807890538154,0.11785493243009,0.999999993863142
4.56328623809131e-07,0.27637355613561,0.563633465638094,0.159992978226296,0.159992978226296,0.116380577909313,0.999999993819285
4.71308092363324e-07,0.274089956956359,0.566738313683872,0.159171729359769,0.159171729359769,0.114918227596589,0.999999993775812
4.86779277777819e-07,0.271812309722235,0.569843380419421,0.158344309858344,0.158344309858344,0.113467999863892,0.999999993732723
5.02758321177375e-07,0.269540890807785,0.572948222490423,0.157510886701793,0.157510886701793,0.112030004105992,0.99999999369002
5.19261893536195e-07,0.267275968744973,0.576052403468524,0.156671627786503,0.156671627786503,0.11060434095847,0.999999993647703
5.36307213070806e-07,0.265017804303809,0.579155493910236,0.155826701785955,0.155826701785955,0.109191102517854,0.999999993605772
5.53912063203856e-07,0.262766650578452,0.582257071406414,0.154976278015133,0.154976278015133,0.107790372563319,0.999999993564226
5.72094811117606e-07,0.260522753078333,0.58535672062276,0.154120526298907,0.154120526298907,0.106402226779426,0.999999993523066
5.90874426916454e-07,0.258286349823792,0.588454033331786,0.153259616844422,0.153259616844422,0.10502673297937,0.999999993482292
6.10270503418493e-07,0.25605767144582,0.591548608436666,0.152393720117514,0.152393720117514,0.103663951328306,0.999999993441902
6.30303276596736e-07,0.253836941289448,0.594640051987389,0.151523006723163,0.151523006723163,0.102313934566285,0.999999993401896
6.50993646691368e-07,0.251624375520398,0.597727977189625,0.150647647289977,0.150647647289977,0.10097672823042,0.999999993362274
6.72363200015008e-07,0.249420183234605,0.600812004406686,0.149767812358709,0.149767812358709,0.0996523708758968,0.999999993323033
6.94434231473761e-07,0.247224566570244,0.603891761154988,0.148883672274767,0.148883672274767,0.098340894295477,0.999999993284174
7.17229767827552e-07,0.245037720821915,0.606966882093367,0.147995397084718,0.147995397084718,0.0970423237371977,0.999999993245695
7.40773591713991e-07,0.242859834556672,0.610037009006613,0.147103156436715,0.147103156436715,0.0957566781199563,0.999999993207594
7.65090266460866e-07,0.240691089731572,0.613101790783581,0.146207119484847,0.146207119484847,0.0944839702467257,0.99999999316987
7.90205161713115e-07,0.238531661812477,0.616160883390202,0.14530745479732,0.14530745479732,0.0932242070151569,0.999999993132522
8.16144479901037e-07,0.236381719893812,0.619213949837729,0.14440433026846,0.14440433026846,0.0919773896253521,0.999999993095548
8.42935283577358e-07,0.234241426819047,0.622260660146517,0.143497913034436,0.143497913034436,0.0907435137846111,0.999999993058946
8.70605523651641e-07,0.23211093930166,0.625300691305659,0.142588369392681,0.142588369392681,0.0895225699089789,0.999999993022714
8.99184068551557e-07,0.22999040804635,0.628333727228737,0.141675864724914,0.141675864724914,0.0883145433214359,0.999999992986851
9.28700734341368e-07,0.227879977870303,0.631359458705992,0.140760563423705,0.140760563423705,0.0871194144465984,0.999999992951354
9.59186315829108e-07,0.225779787824324,0.634377583353159,0.139842628822516,0.139842628822516,0.0859371590018077,0.999999992916222
9.90672618694879e-07,0.223689971313636,0.637387805557234,0.13892222312913,0.13892222312913,0.0847677481845063,0.999999992881451
1.02319249267378e-06,0.22161065621821,0.640389836419396,0.137999507362395,0.137999507362395,0.083611148855815,0.999999992847041
1.05677986582814e-06,0.219541965012448,0.643383393695341,0.137074641292211,0.137074641292211,0.0824673237202369,0.999999992812989
1.09146977994472e-06,0.217484014884102,0.646368201733227,0.136147783382671,0.136147783382671,0.0813362315014316,0.999999992779292
1.12729842709391e-06,0.21543691785228,0.649343991409451,0.135219090738269,0.135219090738269,0.0802178271140116,0.999999992745948
1.164303187389e-06,0.213400780884438,0.652310500062451,0.134288719053111,0.134288719053111,0.0791120618313269,0.999999992712954
1.20252266798493e-06,0.211375706012241,0.655267471424732,0.133356822563027,0.133356822563027,0.0780188834492143,0.999999992680309
1.24199674335724e-06,0.209361790446206,0.658214655553287,0.132423554000507,0.132423554000507,0.0769382364456986,0.99999999264801
1.2827665969032e-06,0.207359126689023,0.661151808758592,0.131489064552384,0.131489064552384,0.0758700621366391,0.999999992616054
1.32487476390855e-06,0.205367802647498,0.664078693532333,0.130553503820169,0.130553503820169,0.074814298827329,0.999999992584438
1.36836517592468e-06,0.203387901743021,0.666995078474015,0.129617019782964,0.129617019782964,0.0737708819600571,0.999999992553161
1.41328320660248e-06,0.201419503020522,0.66990073821661,0.128679758762868,0.128679758762868,0.0727397442576535,0.999999992522219
1.45967571903081e-06,0.199462681255835,0.672795453351372,0.127741865392793,0.127741865392793,0.0717208158630426,0.99999999249161
1.50759111462889e-06,0.197517507061446,0.675679010351948,0.126803482586607,0.126803482586607,0.0707140244748394,0.999999992461331
1.55707938364357e-06,0.195584046990556,0.67855120149791,0.125864751511534,0.125864751511534,0.0697192954790224,0.999999992431379
1.6081921573043e-06,0.19366236363945,0.681411824797829,0.124925811562721,0.124925811562721,0.068736552076729,0.999999992401753
1.66098276169013e-06,0.191752515748115,0.684260683911988,0.123986800339897,0.123986800339897,0.0677657154082177,0.999999992372448
1.71550627336491e-06,0.189854558299105,0.687097588074839,0.123047853626056,0.123047853626056,0.0668067046730493,0.999999992343463
1.77181957683881e-06,0.187968542614616,0.68992235201731,0.122109105368074,0.122109105368074,0.0658594372465421,0.999999992314794
1.82998142391606e-06,0.186094516451762,0.692734795889033,0.121170687659206,0.121170687659206,0.0649238287925561,0.999999992286439
1.89005249499087e-06,0.184232524096037,0.695534745180594,0.120232730723369,0.120232730723369,0.0639997933726688,0.999999992258395
1.95209546235539e-06,0.182382606452967,0.698322030645871,0.119295362901162,0.119295362901162,0.0630872435518046,0.999999992230659
2.01617505558591e-06,0.18054480113792,0.70109648822454,0.118358710637539,0.118358710637539,0.0621860905003812,0.99999999220323
2.08235812907536e-06,0.178719142564112,0.703857958964817,0.117422898471071,0.117422898471071,0.0612962440930414,0.999999992176102
2.15071373178262e-06,0.176905662028774,0.706606288946488,0.116488049024738,0.116488049024738,0.0604176130040359,0.999999992149275
2.22131317927155e-06,0.17510438779751,0.709341329204307,0.115554282998182,0.115554282998182,0.059550104799328,0.999999992122746
2.2942301281146e-06,0.173315345186846,0.712062935651796,0.114621719161357,0.114621719161357,0.0586936260254893,0.999999992096511
2.36954065273895e-06,0.171538556644974,0.714770969005508,0.113690474349518,0.113690474349518,0.0578480822954565,0.999999992070568
2.44732332479511e-06,0.169774041830714,0.717465294709793,0.112760663459493,0.112760663459493,0.0570133783712216,0.999999992044914
2.52765929513092e-06,0.168021817690702,0.720145782862123,0.111832399447175,0.111832399447176,0.0561894182435264,0.999999992019546
2.61063237845642e-06,0.166281898534819,0.722812308138995,0.110905793326186,0.110905793326186,0.0553761052086323,0.999999991994462
2.69632914078795e-06,0.164554296109885,0.725464749722468,0.109980954167647,0.109980954167647,0.0545733419422384,0.999999991969659
2.78483898976267e-06,0.162839019671635,0.728102991227348,0.109057989101017,0.109057989101017,0.0537810305706172,0.999999991945134
2.87625426791775e-06,0.161136076054987,0.730726920629069,0.108137003315945,0.108137003315945,0.052999072739042,0.999999991920884
2.9706703490316e-06,0.159445469742645,0.733336430192282,0.107218100065073,0.107218100065073,0.0522273696775725,0.999999991896908
3.06818573762752e-06,0.157767202932043,0.735931416400187,0.10630138066777,0.10630138066777,0.0514658222642733,0.999999991873202
3.16890217174373e-06,0.156101275600654,0.738511779884622,0.105386944514724,0.105386944514724,0.0507143310859305,0.999999991849763
3.27292472907689e-06,0.154447685569705,0.741077425356928,0.104474889073367,0.104474889073367,0.0499727964963387,0.999999991826589
3.38036193660993e-06,0.152806428566302,0.743628261539619,0.103565309894079,0.103565309894079,0.0492411186722232,0.999999991803678
3.49132588383849e-06,0.151177498284006,0.746164201098856,0.102658300617139,0.102658300617139,0.0485191976668672,0.999999991781026
3.60593233971418e-06,0.149560886441882,0.748685160577743,0.101753952980375,0.101753952980375,0.0478069334615076,0.999999991758631
3.7243008734266e-06,0.147956582842048,0.751191060330469,0.100852356827482,0.100852356827482,0.0471042260145661,0.999999991736491
3.84655497915016e-06,0.146364575425749,0.753681824457282,0.0999536001169694,0.0999536001169695,0.0464109753087792,0.999999991714603
3.97282220488582e-06,0.144784850327986,0.756157380740317,0.0990577689316965,0.0990577689316965,0.0457270813962899,0.999999991692964
4.10323428553227e-06,0.143217391930737,0.758617660580288,0.098164947488975,0.0981649474889751,0.0450524444417623,0.999999991671572
4.23792728032526e-06,0.141662182914775,0.761062598934032,0.0972752181511937,0.0972752181511936,0.0443869647635812,0.999999991650425
4.37704171478848e-06,0.140119204310135,0.763492134252925,0.0963886614369407,0.0963886614369407,0.0437305428731942,0.999999991629519
4.52072272734421e-06,0.138588435545249,0.765906208422159,0.0955053560325921,0.0955053560325921,0.0430830795126568,0.999999991608853
4.66912022073661e-06,0.137069854494773,0.76830476670089,0.0946253788043375,0.0946253788043374,0.0424444756904353,0.999999991588423
4.82238901842554e-06,0.13556343752614,0.770687757663244,0.0937488048106155,0.0937488048106155,0.0418146327155248,0.999999991568229
4.9806890261143e-06,0.134069159544869,0.773055133140197,0.0928757073149334,0.0928757073149334,0.0411934522299357,0.999999991548266
5.14418539857963e-06,0.132586994038648,0.775406848162308,0.0920061577990442,0.0920061577990442,0.0405808362396037,0.999999991528534
5.31304871197807e-06,0.131116913120232,0.777742860903309,0.091140225976459,0.0911402259764589,0.0399766871437727,0.999999991509028
5.48745514180847e-06,0.129658887569176,0.780063132624554,0.0902779798062704,0.0902779798062704,0.0393809077629051,0.999999991489748
5.6675866467163e-06,0.128212886872429,0.782367627620306,0.0894194855072651,0.0894194855072652,0.0387934013651642,0.99999999147069
5.85363115833159e-06,0.126778879263827,0.784656313163869,0.0885648075723044,0.0885648075723044,0.0382140716915224,0.999999991451853
6.04578277733839e-06,0.125356831762492,0.786929159454554,0.0877140087829541,0.0877140087829541,0.0376428229795378,0.999999991433234
6.2442419759805e-06,0.123946710210191,0.789186139565467,0.0868671502243426,0.0868671502243426,0.0370795599858479,0.999999991414831
6.44921580721465e-06,0.122548479307655,0.791427229392115,0.0860242913002309,0.0860242913002309,0.0365241880074236,0.999999991396641
6.66091812072936e-06,0.121162102649904,0.793652407601821,0.0851854897482757,0.0851854897482756,0.0359766129016279,0.999999991378663
6.87956978605476e-06,0.119787542760592,0.795861655583938,0.0843508016554707,0.0843508016554707,0.035436741105121,0.999999991360894
7.10539892299639e-06,0.118424761125402,0.79805495740085,0.0835202814737486,0.0835202814737486,0.034904479651653,0.999999991343331
7.33864113963309e-06,0.117073718224516,0.800232299739752,0.0826939820357314,0.0826939820357314,0.0343797361887851,0.999999991325974
7.57953977812749e-06,0.115734373564188,0.8023936718652,0.081871954570612,0.081871954570612,0.0338624189935762,0.999999991308819
7.82834616860541e-06,0.114406685707433,0.80453906557241,0.0810542487201573,0.0810542487201572,0.0333524369872755,0.999999991291865
8.0853198913693e-06,0.113090612303871,0.806668475141313,0.0802409125548163,0.0802409125548163,0.0328496997490548,0.999999991275109
8.35072904771889e-06,0.111786110118743,0.808781897291332,0.0794319925899249,0.0794319925899249,0.0323541175288185,0.999999991258549
8.62485053966196e-06,0.110493135061117,0.810879331136889,0.0786275338019933,0.0786275338019933,0.0318656012591241,0.999999991242184
8.90797035880684e-06,0.109211642211316,0.812960778143616,0.0778275796450675,0.0778275796450675,0.0313840625662489,0.999999991226011
9.20038388473819e-06,0.107941585847585,0.815026242085262,0.0770321720671531,0.0770321720671531,0.0309094137804321,0.999999991210028
9.50239619318715e-06,0.106682919472021,0.817075729001285,0.0762413515266935,0.0762413515266935,0.0304415679453279,0.999999991194233
9.81432237431766e-06,0.105435595835789,0.819109247155118,0.0754551570090926,0.0754551570090926,0.0299804388266969,0.999999991178625
1.01364878614607e-05,0.10419956696364,0.821126806993087,0.0746736260432733,0.0746736260432732,0.0295259409203664,0.9999999911632
1.04692287706399e-05,0.102974784177756,0.823128421103978,0.073896794718266,0.073896794718266,0.0290779894594903,0.999999991147959
1.08128922512416e-05,0.10176119812095,0.825114104179233,0.0731246976998173,0.0731246976998174,0.0286365004211326,0.999999991132897
1.11678368481974e-05,0.100558758779218,0.827083872973768,0.0723573682470133,0.0723573682470133,0.0282013905322052,0.999999991118014
1.15344328760545e-05,0.0993674155036942,0.829037746267395,0.0715948382289106,0.0715948382289106,0.0277725772747836,0.999999991103307
1.19130628053258e-05,0.0981871170319973,0.830975744826833,0.0708371381411702,0.0708371381411702,0.027349978890827,0.999999991088775
1.23041216615222e-05,0.0970178115090136,0.8328978913683,0.0700842971226866,0.0700842971226867,0.026933514386327,0.999999991074415
1.27080174372841e-05,0.0958594465071163,0.834804210520675,0.0693363429722086,0.0693363429722087,0.0265231035349077,0.999999991060227
1.31251715180404e-05,0.0947119690458482,0.836694728789205,0.0685933021649463,0.0685933021649463,0.0261186668809018,0.999999991046208
1.35560191216418e-05,0.0935753256110832,0.838569474519757,0.0678551998691599,0.0678551998691598,0.0257201257419234,0.999999991032356
1.40010097524237e-05,0.0924494621736844,0.84042847786359,0.0671220599627257,0.0671220599627257,0.0253274022109587,0.99999999101867
1.44606076701759e-05,0.0913343242076745,0.842271770742648,0.0663939050496772,0.0663939050496773,0.0249404191579972,0.999999991005148
1.49352923745053e-05,0.0902298567079358,0.84409938681535,0.0656707564767146,0.0656707564767146,0.0245591002312212,0.999999990991787
1.54255591050998e-05,0.0891360042074559,0.845911361442862,0.0649526343496823,0.0649526343496823,0.0241833698577736,0.999999990978587
1.59319193584122e-05,0.0880527107941344,0.847707731655855,0.0642395575500107,0.0642395575500107,0.0238131532441238,0.999999990965546
1.64549014213061e-05,0.0869799201271661,0.849488536121716,0.063531543751118,0.063531543751118,0.0234483763760481,0.999999990952662
1.6995050922219e-05,0.0859175754530152,0.851253815112213,0.0628286094347721,0.0628286094347721,0.0230889660182431,0.999999990939932
1.75529314004175e-05,0.0848656196209953,0.853003610471597,0.0621307699074073,0.0621307699074073,0.022734849713588,0.999999990927357
1.8129124893939e-05,0.0838239950984698,0.854737965585133,0.0614380393163969,0.0614380393163968,0.022385955782073,0.999999990914933
1.87242325468339e-05,0.0827926439856857,0.856456925348038,0.0607504306662766,0.0607504306662766,0.0220422133194091,0.99999999090266
1.933887523634e-05,0.0817715080302536,0.858160536134827,0.0600679558349196,0.0600679558349196,0.021703552195334,0.999999990890535
1.99736942206459e-05,0.0807605286412894,0.85984884576905,0.0593906255896603,0.0593906255896604,0.021369903051629,0.999999990878558
2.06293518079165e-05,0.0797596469032266,0.861521903493408,0.0587184496033655,0.0587184496033655,0.0210411972998611,0.999999990866726
2.13065320472813e-05,0.078768803589316,0.863179759940232,0.0580514364704524,0.0580514364704524,0.0207173671188636,0.999999990855038
2.20059414425039e-05,0.0777879391748197,0.864822467102329,0.0573895937228508,0.0573895937228508,0.0203983454519689,0.999999990843493
2.27283096890798e-05,0.0768169938499154,0.866450078304174,0.0567329278459108,0.0567329278459108,0.0200840660040046,0.999999990832088
2.34743904355287e-05,0.0758559075323197,0.868062648173428,0.0560814442942525,0.0560814442942525,0.0197744632380672,0.999999990820823
2.42449620696783e-05,0.0749046198796414,0.8696602326128,0.0554351475075584,0.0554351475075585,0.0194694723720829,0.999999990809696
2.50408285307579e-05,0.073963070301477,0.871242888772215,0.054794040926308,0.054794040926308,0.0191690293751689,0.999999990798705
2.58628201481505e-05,0.0730311979712562,0.872810675021292,0.0541581270074521,0.0541581270074521,0.018873070963804,0.99999999078785
2.67117945076771e-05,0.0721089418378492,0.874363650922122,0.0535274072400284,0.0535274072400284,0.0185815345978207,0.999999990777127
2.75886373463177e-05,0.0711962406369444,0.875901877202339,0.0529018821607165,0.0529018821607165,0.0182943584762279,0.999999990766537
2.8494263476304e-05,0.0702930329022056,0.877425415728463,0.0522815513693316,0.0522815513693316,0.018011481532874,0.999999990756077
2.94296177395436e-05,0.069399256976218,0.878934329479524,0.0516664135442578,0.0516664135442578,0.0177328434319602,0.999999990745747
3.03956759933773e-05,0.0685148510212312,0.88042868252095,0.0510564664578188,0.0510564664578187,0.0174583845634124,0.999999990735544
3.13934461286925e-05,0.0676397530297078,0.881908539978705,0.0504517069915869,0.050451706991587,0.0171880460381209,0.999999990725468
3.24239691214583e-05,0.066773900834685,0.883373968013685,0.0498521311516296,0.0498521311516296,0.0169217696830554,0.999999990715517
3.34883201187784e-05,0.0659172321199567,0.884825033796351,0.0492577340836924,0.0492577340836923,0.0166594980362644,0.999999990705689
3.45876095605948e-05,0.0650696844300848,0.886261805481596,0.0486685100883189,0.0486685100883189,0.0164011743417659,0.999999990695984
3.57229843382119e-05,0.0642311951802441,0.887684352183848,0.0480844526359074,0.0480844526359075,0.0161467425443366,0.9999999906864
3.68956289908515e-05,0.0634017016659103,0.889092743952387,0.0475055543817023,0.0475055543817023,0.015896147284208,0.999999990676936
3.8106766941485e-05,0.0625811410723955,0.890487051746883,0.0469318071807216,0.0469318071807216,0.015649333891674,0.99999999066759
3.93576617732339e-05,0.061769450484238,0.891867347413143,0.0463632021026192,0.0463632021026192,0.0154062483816188,0.999999990658361
4.06496185476687e-05,0.0609665668944526,0.893233703659065,0.0457997294464821,0.0457997294464821,0.0151668374479705,0.999999990649248
4.19839851663829e-05,0.060172427213646,0.894586194030794,0.0452413787555605,0.0452413787555604,0.0149310484580856,0.999999990640249
4.33621537772622e-05,0.0593869682790038,0.895924892889064,0.0446881388319323,0.0446881388319323,0.0146988294470715,0.999999990631364
4.47855622269155e-05,0.0586101268631526,0.897249875385747,0.0441399977511007,0.0441399977511007,0.0144701291120519,0.999999990622591
4.62556955607834e-05,0.0578418396829037,0.898561217440573,0.0435969428765231,0.0435969428765231,0.0142448968063806,0.999999990613929
4.77740875724904e-05,0.0570820434078813,0.899858995718046,0.0430589608740728,0.0430589608740728,0.0140230825338085,0.999999990605376
4.93423224040549e-05,0.0563306746690402,0.901143287604529,0.042526037726431,0.042526037726431,0.0138046369426092,0.999999990596932
5.09620361986283e-05,0.055587670067077,0.902414171185513,0.0419981587474094,0.0419981587474095,0.0135895113196676,0.999999990588595
5.26349188074876e-05,0.0548529661807382,0.903671725223059,0.0414753085962026,0.0414753085962026,0.0133776575845356,0.999999990580364
5.43627155530606e-05,0.054126499575029,0.904916029133403,0.0409574712915685,0.0409574712915685,0.0131690282834605,0.999999990572238
5.61472290498255e-05,0.053408206809326,0.906147162964737,0.0404446302259374,0.0404446302259374,0.0129635765833885,0.999999990564216
5.79903210849829e-05,0.0526980244453963,0.907365207375156,0.0399367681794477,0.0399367681794477,0.0127612562659486,0.999999990556296
5.98939145608622e-05,0.0519958890553271,0.908570243610765,0.0394338673339075,0.0394338673339075,0.0125620217214196,0.999999990548477
6.18599955010908e-05,0.0513017372293667,0.909762353483952,0.0389359092866813,0.0389359092866813,0.0123658279426854,0.999999990540759
6.38906151226174e-05,0.0506155055836806,0.910941619351819,0.0384428750645008,0.0384428750645008,0.0121726305191798,0.99999999053314
6.59878919757511e-05,0.0499371307680245,0.912108124094777,0.0379547451371983,0.0379547451371983,0.0119823856308262,0.999999990525619
6.81540141544502e-05,0.0492665494733357,0.913261951095302,0.0374714994313619,0.0374714994313619,0.0117950500419738,0.999999990518195
7.03912415791659e-05,0.0486036984392456,0.914403184216844,0.0369931173439109,0.0369931173439109,0.0116105810953347,0.999999990510867
7.27019083546226e-05,0.0479485144615137,0.915531907782896,0.0365195777555907,0.0365195777555907,0.0114289367059229,0.999999990503634
7.50884252049954e-05,0.047300934399386,0.916648206556229,0.0360508590443854,0.0360508590443854,0.0112500753550006,0.999999990496494
7.75532819890234e-05,0.0466608951828779,0.917752165718275,0.0355869390988468,0.0355869390988468,0.011073956084031,0.999999990489447
8.00990502976862e-05,0.0460283338199823,0.918843870848679,0.0351277953313388,0.0351277953313388,0.0109005384886435,0.999999990482492
8.27283861371507e-05,0.0454031874038061,0.919923407904999,0.0346734046911951,0.0346734046911951,0.010729782712611,0.999999990475627
8.54440326997885e-05,0.0447853931196326,0.920990863202578,0.0342237436777892,0.0342237436777893,0.0105616494418433,0.999999990468852
8.82488232261553e-05,0.0441748882519131,0.922046323394571,0.0337787883535155,0.0337787883535155,0.0103960998983976,0.999999990462165
9.11456839609173e-05,0.0435716101911871,0.923089875452134,0.0333385143566785,0.0333385143566785,0.0102330958345087,0.999999990455566
9.41376372058094e-05,0.0429754964409311,0.924121606644779,0.0329028969142903,0.0329028969142902,0.0100725995266408,0.999999990449053
9.722780447281e-05,0.0423864846243364,0.92514160452089,0.0324719108547738,0.0324719108547738,0.00991457376956268,0.999999990442626
0.000100419409740822,0.0418045124910172,0.926149956888413,0.0320455306205698,0.0320455306205698,0.00975898187044742,0.999999990436284
0.000103715782819255,0.0412295179236464,0.927146751795707,0.0316237302806469,0.0316237302806469,0.00960578764299945,0.999999990430025
0.00010712036282203,0.0406614389445216,0.928132077512566,0.0312064835429122,0.0312064835429121,0.0094549554016094,0.999999990423849
0.000110636701755609,0.0401002137220592,0.92910602251142,0.0307937637665204,0.0307937637665203,0.00930644995553882,0.999999990417754
0.000114268468224812,0.0395457805772173,0.930068675448701,0.0303855439740814,0.0303855439740814,0.00916023660313595,0.99999999041174
0.000118019451260286,0.0389980779898464,0.931020125146391,0.0299817968637625,0.0299817968637625,0.00901628112608384,0.999999990405806
0.000121893564271606,0.0384570446049671,0.931960460573748,0.029582494821285,0.029582494821285,0.00887454978368211,0.999999990399951
0.000125894849130144,0.0379226192389753,0.932889770829213,0.0291876099318118,0.0291876099318118,0.00873500930716348,0.999999990394174
0.000130027480385966,0.0373947408857729,0.9338081451225,0.0287971139917267,0.0287971139917268,0.00859762689404613,0.999999990388474
0.000134295769623147,0.0368733487228241,0.934715672756875,0.0284109785203012,0.0284109785203012,0.00846237020252295,0.99999999038285
0.000138704169958061,0.0363583821171362,0.935612443111616,0.0280291747712476,0.0280291747712476,0.00832920734588862,0.999999990377302
0.000143257280685323,0.0358497806311634,0.936498545624679,0.027651673744158,0.027651673744158,0.00819810688700542,0.999999990371828
0.000147959852076248,0.0353474840286343,0.93737406977554,0.0272784461958258,0.0272784461958258,0.00806903783280854,0.999999990366427
0.000152816790334818,0.0348514322803003,0.938239105068251,0.0269094626514485,0.0269094626514485,0.00794196962885184,0.999999990361099
0.000157833162716338,0.0343615655696049,0.939093741014685,0.0265446934157103,0.0265446934157103,0.00781687215389455,0.999999990355843
0.000163014202814114,0.0338778242982724,0.939938067117985,0.0261841085837426,0.0261841085837426,0.00769371571452973,0.999999990350658
0.000168365316019676,0.0334001490918157,0.940772172856224,0.0258276780519606,0.0258276780519606,0.00757247103985511,0.999999990345543
0.000173892085162232,0.0329284808049612,0.941596147666264,0.0254753715287744,0.0254753715287744,0.00745310927618679,0.999999990340497
0.000179600276333251,0.0324627605269896,0.942410080927837,0.0251271585451732,0.0251271585451732,0.00733560198181641,0.999999990335519
0.000185495844902237,0.0320029295869926,0.943214061947827,0.0247830084651804,0.0247830084651803,0.00721992112181224,0.99999999033061
0.000191584941729985,0.0315489295590433,0.944008179944778,0.0244428904961787,0.0244428904961788,0.00710603906286458,0.999999990325767
0.00019787391958578,0.0311007022672796,0.944792524033617,0.0241067736991036,0.0241067736991036,0.006993928568176,0.99999999032099
0.000204369339775265,0.0306581897908992,0.945567183210598,0.0237746269985027,0.0237746269985027,0.00688356279239652,0.999999990316278
0.000211077978985864,0.0302213344690655,0.946332246338473,0.0234464191924611,0.023446419192461,0.00677491527660444,0.999999990311631
0.000218006836356915,0.0297900789057227,0.947087802131887,0.0231221189623901,0.0231221189623901,0.00666795994333266,0.999999990307048
0.000225163140781888,0.0293643659743199,0.947833939143001,0.0228016948826788,0.0228016948826789,0.00656267109164109,0.999999990302527
0.000232554358450312,0.0289441388224417,0.948570745747352,0.0224851154302065,0.0224851154302065,0.00645902339223518,0.999999990298069
0.000240188200637262,0.0285293408763458,0.949298310129939,0.022172348993715,0.022172348993715,0.00635699188263082,0.999999990293672
0.000248072631748554,0.0281199158454052,0.950016720271555,0.0218633638830395,0.0218633638830395,0.00625655196236569,0.999999990289335
0.00025621587763003,0.0277158077264555,0.950726063935346,0.0215581283381982,0.0215581283381981,0.00615767938825738,0.999999990285059
0.000264626434149599,0.0273169608080444,0.951426428653619,0.0212566105383364,0.0212566105383364,0.00606035026970806,0.999999990280841
0.000273313076060999,0.0269233196745841,0.952117901714888,0.0209587786105281,0.0209587786105281,0.00596454106405606,0.999999990276682
0.000282284866158518,0.0265348292104052,0.952800570151164,0.0206646006384308,0.0206646006384308,0.00587022857197431,0.999999990272581
0.000291551164732229,0.0261514346037105,0.953474520725495,0.0203740446707949,0.0203740446707949,0.00577738993291556,0.999999990268537
0.000301121639333601,0.0257730813504297,0.954139839919745,0.0200870787298251,0.0200870787298252,0.00568600262060453,0.999999990264549
0.000311006274861684,0.0253997152579716,0.954796613922634,0.0198036708193947,0.0198036708193947,0.00559604443857691,0.999999990260617
0.000321215383980369,0.0250312824488759,0.955444928618013,0.0195237889331108,0.0195237889331108,0.0055074935157651,0.999999990256739
0.000331759617877626,0.0246677293643615,0.956084869573408,0.0192474010622308,0.0192474010622308,0.00542032830213072,0.999999990252916
0.000342649977377904,0.0243090027677728,0.956716522028798,0.018974475203429,0.0189744752034289,0.00533452756434381,0.999999990249146
0.000353897824419325,0.0239550497479212,0.957339970885666,0.0187049793664128,0.0187049793664127,0.00525007038150847,0.99999999024543
0.000365514893907615,0.0236058177223241,0.957955300696287,0.018438881581389,0.0184388815813889,0.00516693614093511,0.999999990241765
0.000377513305959163,0.0232612544403375,0.958562595653284,0.0181761499063787,0.0181761499063788,0.0050851045339588,0.999999990238152
0.000389905578545969,0.0229213079861855,0.959161939579433,0.0179167524343816,0.0179167524343815,0.00500455555180392,0.99999999023459
0.000402704640555667,0.0225859267818831,0.959753415917728,0.0176606573003884,0.0176606573003884,0.00492526948149474,0.999999990231078
0.000415923845280274,0.0222550595900547,0.960337107721702,0.0174078326882429,0.017407832688243,0.0048472269018118,0.999999990227616
0.000429576984347703,0.0219286555166457,0.960913097646002,0.0171582468373518,0.0171582468373518,0.00477040867929396,0.999999990224203
0.000443678302110607,0.0216066640135296,0.961481467937227,0.0169118680492438,0.0169118680492438,0.00469479596428578,0.999999990220838
0.000458242510507543,0.0212890348810076,0.962042300425015,0.0166686646939774,0.0166686646939774,0.0046203701870302,0.999999990217521
0.000473284804411975,0.0209757182702042,0.962595676513398,0.016428605216398,0.016428605216398,0.00454711305380612,0.999999990214251
0.00048882087748512,0.0206666646853547,0.963141677172401,0.0161916581422439,0.0161916581422439,0.00447500654311075,0.999999990211028
0.000504866938549183,0.0203618249859889,0.963680382929909,0.0159577920841024,0.0159577920841024,0.00440403290188647,0.99999999020785
0.00052143972849806,0.0200611503890082,0.964211873863775,0.0157269757472163,0.0157269757472163,0.00433417464179185,0.999999990204718
0.000538556537763153,0.0197645924706571,0.964736229594203,0.0154991779351403,0.0154991779351403,0.00426541453551677,0.999999990201631
0.000556235224352518,0.0194721031683904,0.96525352927636,0.0152743675552494,0.0152743675552494,0.00419773561314107,0.999999990198588
0.000574494232482167,0.0191836347826353,0.965763851593266,0.0150525136240985,0.0150525136240985,0.0041311211585368,0.999999990195588
0.000593352611818965,0.0188991399784489,0.966267274748916,0.0148335852726355,0.0148335852726355,0.00406555470581345,0.999999990192632
0.000612830037355189,0.0186185717870725,0.966763876461661,0.0146175517512664,0.0146175517512664,0.00400102003580612,0.999999990189718
0.0006329468299355,0.0183418836073821,0.967253733957842,0.014404382434776,0.014404382434776,0.00393750117260612,0.999999990186846
0.000653723977457721,0.0180690292072367,0.967736923965661,0.0141940468271027,0.0141940468271027,0.00387498238013393,0.999999990184015
0.00067518315676957,0.0177999627247238,0.968213522709306,0.0139865145659699,0.0139865145659699,0.00381344815875395,0.999999990181225
0.000697346756284161,0.0175346386693048,0.968683605903321,0.0137817554273739,0.0137817554273738,0.00375288324193091,0.999999990178476
0.000720237899337892,0.0172730119228583,0.969147248747211,0.0135797393299307,0.0135797393299308,0.00369327259292758,0.999999990175766
0.000743880468315072,0.0170150377406251,0.969604525920293,0.0133804363390818,0.0133804363390818,0.00363460140154333,0.999999990173095
0.00076829912956448,0.0167606717520535,0.970055511576786,0.01318381667116,0.01318381667116,0.00357685508089343,0.999999990170464
0.000793519359133813,0.0165098699615466,0.970500279341135,0.012989850697318,0.012989850697318,0.00352001926422855,0.99999999016787
0.00081956746934892,0.0162625887491132,0.970938902303568,0.012798508947319,0.0127985089473189,0.00346407980179424,0.999999990165314
0.000846470636265502,0.0160187848709225,0.971371453015885,0.0126097621131925,0.0126097621131925,0.00340902275772998,0.999999990162796
0.000874256928021966,0.0157784154597631,0.971798003487481,0.0124235810527555,0.0124235810527554,0.00335483440700758,0.999999990160314
0.000902955334122976,0.0155414380254097,0.972218625181589,0.0122399367930013,0.0122399367930013,0.00330150123240838,0.999999990157868
0.000932595795684277,0.0153078104548957,0.972633389011748,0.0120588005333566,0.0120588005333566,0.00324900992153908,0.999999990155458
0.000963209236670323,0.0150774910126954,0.973042365338495,0.0118801436488096,0.0118801436488095,0.00319734736388583,0.999999990153083
0.000994827596157334,0.0148504383408152,0.973445623966276,0.0117039376929091,0.0117039376929091,0.00314650064790609,0.999999990150743
0.00102748386165541,0.0146266114587964,0.973843234140565,0.0115301544006383,0.0115301544006383,0.00309645705815806,0.999999990148437
0.00106121210352446,0.0144059697636297,0.974235264545208,0.0113587656911624,0.0113587656911624,0.0030472040724673,0.999999990146165
0.00109604751051993,0.0141884730295844,0.974621783299961,0.0111897436704543,0.0111897436704543,0.00299872935913007,0.999999990143927
0.00113202642650527,0.0139740814079511,0.975002857958251,0.0110230606337979,0.011023060633798,0.00295102077415318,0.999999990141721
0.0011691863883696,0.0137627554267025,0.975378555505125,0.0108586890681726,0.0108586890681726,0.00290406635852995,0.999999990139548
0.00120756616519004,0.0135544559900708,0.97574894235541,0.010696601654519,0.0106966016545189,0.00285785433555179,0.999999990137407
0.00124720579867956,0.0133491443780448,0.976114084352066,0.0105367712698894,0.0105367712698894,0.00281237310815533,0.999999990135298
0.00128814664496261,0.0131467822457881,0.976474046764728,0.0103791709894837,0.0103791709894837,0.00276761125630438,0.999999990133219
0.00133043141772207,0.0129473316229793,0.976828894288448,0.0102237740885725,0.0102237740885725,0.00272355753440673,0.999999990131172
0.00137410423276252,0.0127507549130755,0.977178691042614,0.0100705540443104,0.0100705540443105,0.00268020086876509,0.999999990129154
0.00141921065403636,0.0125570148925024,0.977523500570057,0.00991948453744024,0.00991948453744019,0.00263753035506213,0.999999990127167
0.00146579774118084,0.0123660747097697,0.97786338583634,0.0097705394538907,0.00977053945389074,0.00259553525587898,0.999999990125209
0.0015139140986154,0.0121778978845164,0.978198409229214,0.00962369288626934,0.00962369288626931,0.00255420499824705,0.99999999012328
0.00156360992625089,0.0119924483064851,0.978528632558262,0.00947891913525245,0.00947891913525246,0.0025135291712327,0.99999999012138
0.00161493707186316,0.0118096902344288,0.978854117054697,0.00933619271087434,0.0093361927108743,0.00247349752355442,0.999999990119508
0.00166794908518602,0.0116295882949497,0.979174923371333,0.00919548833371742,0.00919548833371738,0.00243409996123226,0.999999990117664
0.0017227012737798,0.0114521074812745,0.97949111158272,0.00905678093600559,0.00905678093600563,0.00239532654526894,0.999999990115848
0.00177925076073385,0.011277213151965,0.979802741185433,0.00892004566260238,0.00892004566260236,0.00235716748936261,0.999999990114058
0.00183765654426318,0.0111048710295669,0.980109871098517,0.00878525787191631,0.00878525787191636,0.00231961315765057,0.999999990112296
