1e-07,0.398078745420462,0.387867812529086,0.214053442050452,0.214053442050452,0.18402530337001,0.999999996613469
1.03282605511167e-07,0.396175509937985,0.390120861761341,0.213703628300674,0.213703628300674,0.182471881637312,0.999999996561104
1.06672966011754e-07,0.39425720585769,0.392398298107036,0.213344496035274,0.213344496035274,0.180912709822415,0.999999996508657
1.10174618672982e-07,0.392324252344881,0.394699776698388,0.212975970956731,0.212975970956731,0.17934828138815,0.999999996456145
1.13791216777448e-07,0.390377074653226,0.39702494076891,0.212597984577864,0.212597984577864,0.177779090075361,0.999999996403583
1.17526533530609e-07,0.388416103525982,0.399373422156757,0.212210474317261,0.212210474317261,0.176205629208721,0.999999996350986
1.21384465997369e-07,0.386441774599777,0.401744841818633,0.21181338358159,0.21181338358159,0.174628391018187,0.999999996298372
1.25369039167899e-07,0.384454527812694,0.404138810352534,0.211406661834771,0.211406661834771,0.173047865977923,0.999999996245754
1.29484410156922e-07,0.382454806818344,0.406554928527615,0.210990264654041,0.210990264654041,0.171464542164304,0.999999996193147
1.33734872540836e-07,0.38044305840751,0.408992787819502,0.210564153772989,0.210564153772989,0.169878904634521,0.999999996140566
1.38124860837214e-07,0.378419731938856,0.41145197094942,0.210128297111724,0.210128297111724,0.168291434827132,0.999999996088027
1.42658955131348e-07,0.376385278780103,0.41393205242555,0.209682668794347,0.209682668794347,0.166702609985755,0.999999996035542
1.47341885854664e-07,0.37434015176094,0.416432599085077,0.209227249153983,0.209227249153983,0.165112902606958,0.999999995983126
1.52178538719987e-07,0.37228480463888,0.418953170635476,0.208762024725644,0.208762024725644,0.163522779913236,0.999999995930792
1.57173959818823e-07,0.37021969157911,0.421493320193618,0.208286988227272,0.208286988227272,0.161932703351838,0.999999995878553
1.62333360885955e-07,0.368145266649337,0.424052594821364,0.207802138529299,0.207802138529299,0.160343128120039,0.999999995826423
1.67662124736861e-07,0.366061983330464,0.426630536056397,0.207307480613139,0.207307480613139,0.158754502717324,0.999999995774413
1.73165810883613e-07,0.363970294043868,0.429226680437091,0.206803025519041,0.206803025519041,0.157167268524827,0.999999995722536
1.78850161335136e-07,0.361870649695942,0.431840560020319,0.206288790283739,0.206288790283739,0.155581859412202,0.999999995670804
1.84721106587855e-07,0.359763499240428,0.43447170289117,0.205764797868402,0.205764797868402,0.153998701372026,0.999999995619228
1.90784771812997e-07,0.357649289259026,0.43711963366362,0.205231077077354,0.205231077077354,0.152418212181672,0.99999999556782
1.97047483246998e-07,0.355528463560605,0.439783873971302,0.204687662468093,0.204687662468093,0.150840801092512,0.999999995516589
2.03515774791681e-07,0.353401462799312,0.442463942947567,0.204134594253121,0.204134594253121,0.149266868546191,0.999999995465547
2.10196394831087e-07,0.351268724111739,0.445159357694136,0.203571918194125,0.203571918194125,0.147696805917614,0.999999995414703
2.17096313272088e-07,0.349130680773257,0.44786963373771,0.202999685489033,0.202999685489033,0.146130995284224,0.999999995364067
2.24222728816098e-07,0.346987761873526,0.450594285473976,0.202417952652499,0.202417952652499,0.144569809221027,0.999999995313649
2.31583076469505e-07,0.344840392011138,0.453332826598519,0.201826781390343,0.201826781390343,0.143013610620795,0.999999995263456
2.39185035300624e-07,0.342688991007269,0.456084770524243,0.201226238468487,0.201226238468487,0.141462752538782,0.999999995213498
2.47036536451289e-07,0.340533973638146,0.458849630784934,0.200616395576919,0.200616395576919,0.139917578061227,0.999999995163783
2.55145771411436e-07,0.338375749386103,0.461626921424702,0.199997329189196,0.199997329189196,0.138378420196907,0.999999995114319
2.63521200565298e-07,0.336214722208917,0.464416157373072,0.199369120418012,0.199369120418012,0.136845601790905,0.999999995065113
2.72171562018149e-07,0.334051290327097,0.467216854805581,0.198731854867322,0.198731854867322,0.135319435459775,0.999999995016172
2.81105880712787e-07,0.331885846028726,0.470028531489762,0.198085622481512,0.198085622481512,0.133800223547213,0.999999994967502
2.9033347784528e-07,0.32971877549144,0.472850707116474,0.197430517392086,0.197430517392086,0.132288258099355,0.999999994919111
2.99863980589793e-07,0.3275504586211,0.475682903616576,0.196766637762323,0.196766637762323,0.130783820858777,0.999999994871004
3.09707332142639e-07,0.325381268906649,0.478524645462993,0.196094085630358,0.196094085630358,0.129287183276292,0.999999994823187
3.19873802096042e-07,0.323211573290668,0.481375459958253,0.19541296675108,0.195412966751079,0.127798606539588,0.999999994775666
3.30373997152427e-07,0.321041732055089,0.484234877507628,0.194723390437282,0.194723390437282,0.126318341617807,0.999999994728446
3.41218872190416e-07,0.31887209872153,0.487102431878046,0.194025469400424,0.194025469400424,0.124846629321106,0.99999999468153
3.52419741694082e-07,0.316703019965679,0.489977660442946,0.193319319591375,0.193319319591375,0.123383700374304,0.999999994634925
3.63988291557374e-07,0.314534835545178,0.49286010441333,0.192605060041492,0.192605060041492,0.121929775503686,0.999999994588633
3.7593659127604e-07,0.312367878240424,0.495749309055233,0.191882812704343,0.191882812704343,0.120485065536081,0.99999999454266
3.88277106539761e-07,0.310202473807704,0.49864482389391,0.191152702298386,0.191152702298386,0.119049771509318,0.999999994497008
4.01022712237636e-07,0.308038940944105,0.501546202905001,0.190414856150894,0.190414856150894,0.117624084793211,0.99999999445168
4.14186705890581e-07,0.305877591263604,0.504453004693024,0.189669404043372,0.189669404043372,0.116208187220232,0.999999994406681
4.27782821524667e-07,0.303718729283782,0.50736479265748,0.188916478058738,0.188916478058738,0.114802251225044,0.999999994362012
4.41825243999864e-07,0.301562652422587,0.51028113514695,0.188156212430464,0.188156212430464,0.113406439992123,0.999999994317676
4.56328623809131e-07,0.299409651004596,0.513201605601494,0.18738874339391,0.18738874339391,0.112020907610685,0.999999994273676
4.71308092363324e-07,0.297260008276224,0.516125782683746,0.18661420904003,0.18661420904003,0.110645799236195,0.999999994230014
4.86779277777819e-07,0.295114000429349,0.51905325039904,0.185832749171611,0.185832749171611,0.109281251257738,0.999999994186691
5.02758321177375e-07,0.292971896632818,0.521983598204956,0.185044505162227,0.185044505162227,0.107927391470591,0.999999994143709
5.19261893536195e-07,0.290833959071339,0.524916421110643,0.184249619818019,0.184249619818019,0.10658433925332,0.99999999410107
5.36307213070806e-07,0.288700442991252,0.527851319766309,0.183448237242439,0.183448237242439,0.105252205748813,0.999999994058774
5.53912063203856e-07,0.286571596752698,0.530787900543238,0.182640502704064,0.182640502704064,0.103931094048634,0.999999994016823
5.72094811117606e-07,0.284447661887725,0.533725775604705,0.18182656250757,0.18182656250757,0.102621099380154,0.999999993975218
5.90874426916454e-07,0.282328873163874,0.536664562968176,0.18100656386795,0.18100656386795,0.101322309295924,0.999999993933959
6.10270503418493e-07,0.280215458652825,0.539603886559137,0.180180654788038,0.180180654788038,0.100034803864787,0.999999993893046
6.30303276596736e-07,0.278107639803665,0.542543376256932,0.179348983939404,0.179348983939404,0.0987586558642611,0.999999993852481
6.50993646691368e-07,0.2760056315204,0.545482667932956,0.178511700546644,0.178511700546644,0.0974939309737562,0.999999993812262
6.72363200015008e-07,0.273909642243317,0.548421403481557,0.177668954275126,0.177668954275126,0.0962406879681915,0.99999999377239
6.94434231473761e-07,0.271819874033827,0.551359230843991,0.176820895122182,0.176820895122182,0.0949989789116449,0.999999993732866
7.17229767827552e-07,0.269736522662447,0.554295804025766,0.175967673311787,0.175967673311787,0.0937688493506593,0.999999993693688
7.40773591713991e-07,0.267659777699585,0.557230783107706,0.175109439192709,0.175109439192709,0.0925503385068759,0.999999993654856
7.65090266460866e-07,0.265589822608813,0.560163834251051,0.174246343140136,0.174246343140136,0.0913434794686769,0.999999993616369
7.90205161713115e-07,0.263526834842322,0.563094629696911,0.173378535460767,0.173378535460767,0.0901482993815549,0.999999993578227
8.16144479901037e-07,0.261470985938282,0.566022847760375,0.172506166301343,0.172506166301343,0.0889648196369385,0.999999993540429
8.42935283577358e-07,0.259422441619832,0.568948172819569,0.171629385560599,0.171629385560599,0.0877930560592328,0.999999993502975
8.70605523651641e-07,0.257381361895452,0.571870295299949,0.170748342804599,0.170748342804599,0.0866330190908525,0.999999993465862
8.99184068551557e-07,0.255347901160468,0.574788911654105,0.169863187185427,0.169863187185427,0.0854847139750412,0.99999999342909
9.28700734341368e-07,0.253322208299476,0.577703724337346,0.168974067363178,0.168974067363178,0.0843481409362983,0.999999993392658
9.59186315829108e-07,0.25130442678946,0.580614441779322,0.168081131431217,0.168081131431217,0.083223295358243,0.999999993356564
9.90672618694879e-07,0.249294694803421,0.583520778351927,0.167184526844652,0.167184526844652,0.0821101679587692,0.999999993320806
1.02319249267378e-06,0.247293145314315,0.58642245433373,0.166284400351955,0.166284400351955,0.0810087449623601,0.999999993285384
1.05677986582814e-06,0.245299906199143,0.589319195871157,0.165380897929701,0.165380897929701,0.0799190082694421,0.999999993250296
1.09146977994472e-06,0.243315100343012,0.592210734936655,0.164474164720332,0.164474164720333,0.0788409356226799,0.999999993215541
1.12729842709391e-06,0.241338845743041,0.595096809284038,0.16356434497292,0.16356434497292,0.0777745007701211,0.999999993181115
1.164303187389e-06,0.239371255611946,0.597977162401224,0.16265158198683,0.16265158198683,0.0767196736251165,0.999999993147018
1.20252266798493e-06,0.237412438481196,0.60085154346056,0.161736018058244,0.161736018058244,0.0756764204229514,0.999999993113248
1.24199674335724e-06,0.235462498303608,0.60371970726692,0.160817794429472,0.160817794429472,0.0746447038741355,0.999999993079803
1.2827665969032e-06,0.233521534555279,0.606581414203752,0.159897051240969,0.159897051240969,0.0736244833143107,0.999999993046681
1.32487476390855e-06,0.23158964233675,0.609436430177243,0.158973927486006,0.158973927486007,0.0726157148507436,0.99999999301388
1.36836517592468e-06,0.229666912473304,0.612284526558774,0.158048560967923,0.158048560967923,0.0716183515053807,0.999999992981397
1.41328320660248e-06,0.227753431614327,0.615125480125798,0.157121088259875,0.157121088259875,0.0706323433544518,0.999999992949232
1.45967571903081e-06,0.225849282331646,0.617959073001322,0.156191644667031,0.156191644667031,0.069657637664615,0.999999992917381
1.50759111462889e-06,0.223954543216774,0.620785092592097,0.155260364191129,0.155260364191129,0.0686941790256445,0.999999992885843
1.55707938364357e-06,0.222069288976998,0.623603331525672,0.15432737949733,0.15432737949733,0.0677419094796683,0.999999992854615
1.6081921573043e-06,0.220193590530269,0.626413587586433,0.153392821883298,0.153392821883298,0.0668007686469705,0.999999992823696
1.66098276169013e-06,0.218327515098816,0.629215663650744,0.15245682125044,0.15245682125044,0.0658706938483764,0.999999992793082
1.71550627336491e-06,0.216471126301469,0.632009367621307,0.151519506077224,0.151519506077224,0.0649516202242452,0.999999992762771
1.77181957683881e-06,0.214624484244628,0.634794512360846,0.150581003394526,0.150581003394526,0.0640434808501011,0.999999992732763
1.82998142391606e-06,0.212787645611856,0.637570915625221,0.149641438762923,0.149641438762923,0.0631462068489331,0.999999992703052
1.89005249499087e-06,0.210960663752072,0.640338399996061,0.148700936251867,0.148700936251867,0.0622597275002045,0.999999992673639
1.95209546235539e-06,0.209143588766296,0.643096792813018,0.147759618420686,0.147759618420686,0.0613839703456103,0.99999999264452
2.01617505558591e-06,0.207336467592957,0.645845926105714,0.146817606301329,0.146817606301329,0.0605188612916273,0.999999992615693
2.08235812907536e-06,0.205539344091713,0.648585636525478,0.145875019382809,0.145875019382809,0.0596643247089041,0.999999992587156
2.15071373178262e-06,0.203752259125804,0.651315765276931,0.144931975597265,0.144931975597265,0.0588202835285388,0.999999992558905
2.22131317927155e-06,0.201975250642893,0.654036158049511,0.143988591307596,0.143988591307596,0.0579866593352973,0.99999999253094
2.2942301281146e-06,0.20020835375442,0.656746664948983,0.143044981296596,0.143044981296596,0.0571633724578237,0.999999992503256
2.36954065273895e-06,0.198451600813438,0.659447140429023,0.142101258757539,0.142101258757539,0.0563503420558987,0.999999992475853
2.44732332479511e-06,0.196705021490949,0.662137443222903,0.141157535286148,0.141157535286148,0.0555474862048011,0.999999992448727
2.52765929513092e-06,0.19496864285073,0.66481743627537,0.140213920873899,0.140213920873899,0.0547547219768314,0.999999992421876
2.61063237845642e-06,0.193242489422656,0.66748698667474,0.139270523902604,0.139270523902604,0.0539719655200522,0.999999992395298
2.69632914078795e-06,0.191526583274521,0.670145965585267,0.138327451140213,0.138327451140213,0.0531991321343081,0.99999999236899
2.78483898976267e-06,0.189820944082372,0.672794248179838,0.13738480773779,0.13738480773779,0.052436136344582,0.99999999234295
2.87625426791775e-06,0.18812558919936,0.675431713573029,0.136442697227611,0.136442697227611,0.0516828919717485,0.999999992317176
2.9706703490316e-06,0.186440533723112,0.678058244754561,0.135501221522328,0.135501221522328,0.0509393122007838,0.999999992291664
3.06818573762752e-06,0.184765790561651,0.680673728523191,0.134560480915158,0.134560480915158,0.050205309646493,0.999999992266414
3.16890217174373e-06,0.183101370497864,0.683278055421086,0.13362057408105,0.13362057408105,0.0494807964168137,0.999999992241421
3.27292472907689e-06,0.181447282252535,0.685871119668687,0.132681598078778,0.132681598078778,0.0487656841737571,0.999999992216684
3.38036193660993e-06,0.179803532545967,0.688452819100111,0.131743648353922,0.131743648353922,0.0480598841920454,0.999999992192201
3.49132588383849e-06,0.178170126158194,0.691023055099115,0.13080681874269,0.13080681874269,0.0473633074155042,0.999999992167968
3.60593233971418e-06,0.176547065987817,0.693581732535635,0.129871201476547,0.129871201476547,0.04667586451127,0.999999992143985
3.7243008734266e-06,0.174934353109469,0.696128759702933,0.128936887187598,0.128936887187598,0.0459974659218703,0.999999992120248
3.84655497915016e-06,0.173331986829931,0.698664048255371,0.128003964914698,0.128003964914698,0.0453280219152335,0.999999992096754
3.97282220488582e-06,0.17173996474293,0.701187513146827,0.127072522110243,0.127072522110243,0.0446674426326868,0.999999992073503
4.10323428553227e-06,0.170158282782613,0.70369907256977,0.126142644647617,0.126142644647617,0.0440156381349969,0.999999992050491
4.23792728032526e-06,0.168586935275748,0.706198647895015,0.125214416829238,0.125214416829238,0.0433725184465102,0.999999992027716
4.37704171478848e-06,0.167025914992643,0.70868616361216,0.124287921395197,0.124287921395197,0.0427379935974464,0.999999992005175
4.52072272734421e-06,0.165475213196833,0.711161547270733,0.123363239532434,0.123363239532434,0.0421119736643995,0.999999991982867
4.66912022073661e-06,0.163934819693528,0.713624729422042,0.12244045088443,0.122440450884429,0.0414943688090988,0.99999999196079
4.82238901842554e-06,0.162404722876864,0.716075643561754,0.121519633561381,0.121519633561381,0.0408850893154827,0.99999999193894
4.9806890261143e-06,0.160884909775968,0.718514226073198,0.120600864150833,0.120600864150833,0.0402840456251351,0.999999991917316
5.14418539857963e-06,0.159375366099864,0.720940416171407,0.119684217728729,0.119684217728729,0.0396911483711352,0.999999991895916
5.31304871197807e-06,0.157876076281235,0.7233541558479,0.118769767870865,0.118769767870865,0.0391063084103697,0.999999991874737
5.48745514180847e-06,0.156387023519069,0.725755389816217,0.117857586664714,0.117857586664714,0.0385294368543551,0.999999991853777
5.6675866467163e-06,0.154908189820209,0.728144065458199,0.116947744721592,0.116947744721592,0.0379604450986173,0.999999991833034
5.85363115833159e-06,0.153439556039823,0.730520132771027,0.116040311189149,0.116040311189149,0.0373992448506743,0.999999991812505
6.04578277733839e-06,0.151981101920827,0.732883544315013,0.11513535376416,0.11513535376416,0.0368457481566675,0.99999999179219
6.2442419759805e-06,0.150532806132267,0.735234255162151,0.114232938705582,0.114232938705582,0.0362998674266848,0.999999991772085
6.44921580721465e-06,0.149094646306694,0.737572222845431,0.113333130847875,0.113333130847875,0.0357615154588192,0.999999991752188
6.66091812072936e-06,0.14766659907655,0.739897407308904,0.112435993614546,0.112435993614546,0.0352306054620038,0.999999991732498
6.87956978605476e-06,0.146248640109577,0.74220977085851,0.111541589031912,0.111541589031912,0.034707051077665,0.999999991713012
7.10539892299639e-06,0.144840744143286,0.744509278113661,0.110649977743053,0.110649977743053,0.0341907664002336,0.999999991693728
7.33864113963309e-06,0.143442885018487,0.746795895959577,0.109761219021935,0.109761219021935,0.0336816659965518,0.999999991674645
7.57953977812749e-06,0.142055035711917,0.749069593500381,0.108875370787702,0.108875370787702,0.0331796649242149,0.999999991655759
7.82834616860541e-06,0.140677168367976,0.751330342012933,0.107992489619091,0.107992489619091,0.0326846787488849,0.99999999163707
8.0853198913693e-06,0.139309254329595,0.753578114901419,0.107112630768986,0.107112630768986,0.0321966235606098,0.999999991618575
8.35072904771889e-06,0.137951264168254,0.755812887652679,0.106235848179068,0.106235848179068,0.0317154159891863,0.999999991600272
8.62485053966196e-06,0.136603167713163,0.758034637792271,0.105362194494566,0.105362194494566,0.0312409732185977,0.99999999158216
8.90797035880684e-06,0.135264934079643,0.760243344841275,0.104491721079082,0.104491721079082,0.0307732130005613,0.999999991564235
9.20038388473819e-06,0.1339365316967,0.762438990273817,0.103624478029483,0.103624478029483,0.030312053667217,0.999999991546498
9.50239619318715e-06,0.132617928333832,0.764621557475325,0.102760514190844,0.102760514190844,0.0298574141429878,0.999999991528945
9.81432237431766e-06,0.131309091127075,0.766791031701495,0.101899877171431,0.101899877171431,0.0294092139556437,0.999999991511574
1.01364878614607e-05,0.13000998660431,0.768947400037978,0.101042613357712,0.101042613357712,0.0289673732465972,0.999999991494385
1.04692287706399e-05,0.128720580709846,0.771090651360767,0.100188767929387,0.100188767929387,0.0285318127804596,0.999999991477374
1.08128922512416e-05,0.127440838828301,0.773220776297285,0.0993383848744141,0.0993383848744142,0.0281024539538868,0.999999991460541
1.11678368481974e-05,0.126170725807785,0.775337767188168,0.0984915070040466,0.0984915070040466,0.0276792188037387,0.999999991443883
1.15344328760545e-05,0.124910205982423,0.777441618049736,0.0976481759678408,0.0976481759678408,0.0272620300145819,0.999999991427399
1.19130628053258e-05,0.123659243194208,0.779532324537142,0.0968084322686495,0.0968084322686496,0.0268508109255584,0.999999991411086
1.23041216615222e-05,0.122417800814225,0.781609883908196,0.0959723152775795,0.0959723152775795,0.0264454855366455,0.999999991394944
1.27080174372841e-05,0.121185841763241,0.78367429498785,0.0951398632489088,0.0951398632489088,0.0260459785143323,0.99999999137897
1.31251715180404e-05,0.119963328531689,0.785725558133356,0.0943111133349559,0.0943111133349559,0.0256522151967327,0.999999991363163
1.35560191216418e-05,0.118750223199052,0.787763675200055,0.0934861016008922,0.0934861016008922,0.0252641215981603,0.99999999134752
1.40010097524237e-05,0.117546487452676,0.789788649507833,0.0926648630394907,0.0926648630394907,0.0248816244131855,0.999999991332042
1.44606076701759e-05,0.116352082606002,0.791800485808191,0.0918474315858066,0.0918474315858065,0.0245046510201959,0.999999991316724
1.49352923745053e-05,0.115166969616258,0.793799190251964,0.0910338401317783,0.0910338401317783,0.0241331294844793,0.999999991301567
1.54255591050998e-05,0.113991109101601,0.79578477035765,0.0902241205407493,0.0902241205407493,0.0237669885608515,0.999999991286568
1.59319193584122e-05,0.112824461357745,0.797757234980355,0.0894183036618999,0.0894183036618999,0.0234061576958455,0.999999991271726
1.64549014213061e-05,0.111666986374068,0.799716594281346,0.0886164193445865,0.0886164193445865,0.0230505670294811,0.99999999125704
1.6995050922219e-05,0.110518643849216,0.801662859698202,0.0878184964525821,0.0878184964525821,0.0227001473966339,0.999999991242506
1.75529314004175e-05,0.109379393206233,0.803596043915553,0.0870245628782143,0.0870245628782143,0.0223548303280187,0.999999991228125
1.8129124893939e-05,0.108249193607202,0.805516160836403,0.0862346455563952,0.0862346455563953,0.0220145480508064,0.999999991213895
1.87242325468339e-05,0.107128003967429,0.80742322555403,0.0854487704785406,0.0854487704785406,0.0216792334888885,0.999999991199814
1.933887523634e-05,0.106015782969179,0.809317254324448,0.084666962706373,0.0846669627063729,0.0213488202628056,0.99999999118588
1.99736942206459e-05,0.104912489074962,0.811198264539432,0.0838892463856064,0.0838892463856064,0.0210232426893556,0.999999991172092
2.06293518079165e-05,0.103818080540403,0.813066274700088,0.0831156447595088,0.0831156447595088,0.0207024357808941,0.999999991158449
2.13065320472813e-05,0.102732515426683,0.814921304390978,0.0823461801823393,0.0823461801823393,0.0203863352443435,0.999999991144949
2.20059414425039e-05,0.101655751612579,0.816763374254763,0.0815808741326572,0.0815808741326571,0.0200748774799223,0.99999999113159
2.27283096890798e-05,0.10058774680611,0.81859250596739,0.0808197472265006,0.0808197472265005,0.019767999579609,0.999999991118372
2.34743904355287e-05,0.0995284585557843,0.820408722213784,0.080062819230432,0.080062819230432,0.0194656393253524,0.999999991105293
2.42449620696783e-05,0.0984778442614898,0.822212046664061,0.0793101090744488,0.0793101090744488,0.019167735187041,0.999999991092351
2.50408285307579e-05,0.0974358611849997,0.824002503950244,0.0785616348647566,0.0785616348647566,0.0188742263202431,0.999999991079545
2.58628201481505e-05,0.0964024664601326,0.825780119643463,0.077817413896404,0.0778174138964041,0.0185850525637286,0.999999991066874
2.67117945076771e-05,0.0953776171025607,0.827544920231663,0.0770774626657765,0.0770774626657765,0.0183001544367842,0.999999991054336
2.75886373463177e-05,0.0943612700192809,0.82929693309777,0.0763417968829492,0.0763417968829493,0.0180194731363316,0.999999991041931
2.8494263476304e-05,0.0933533820177562,0.831036186498348,0.0756104314838963,0.0756104314838962,0.0177429505338599,0.999999991029655
2.94296177395436e-05,0.0923539098147374,0.832762709542706,0.0748833806425565,0.0748833806425565,0.0174705291721809,0.99999999101751
3.03956759933773e-05,0.0913628100447716,0.834476532172475,0.0741606577827537,0.0741606577827537,0.0172021522620179,0.999999991005493
3.13934461286925e-05,0.0903800392684081,0.83617768514162,0.073442275589972,0.073442275589972,0.016937763678436,0.999999990993602
3.24239691214583e-05,0.0894055539801087,0.837866199996906,0.0727282460229849,0.0727282460229848,0.0166773079571238,0.999999990981837
3.34883201187784e-05,0.0884393106158709,0.839542109058792,0.0720185803253371,0.0720185803253371,0.0164207302905338,0.999999990970197
3.45876095605948e-05,0.087481265560571,0.841205445402749,0.0713132890366803,0.0713132890366804,0.0161679765238907,0.999999990958679
3.57229843382119e-05,0.086531375155036,0.842856242841002,0.0706123820039617,0.0706123820039617,0.0159189931510743,0.999999990947283
3.68956289908515e-05,0.0855895957028513,0.844494535904684,0.0699158683924649,0.0699158683924649,0.0156737273103864,0.999999990936009
3.8106766941485e-05,0.0846558834769109,0.846120359826384,0.0692237566967048,0.0692237566967048,0.0154321267802061,0.999999990924853
3.93576617732339e-05,0.0837301947257184,0.847733750523107,0.0685360547511746,0.0685360547511746,0.0151941399745438,0.999999990913816
4.06496185476687e-05,0.0828124856794455,0.849334744579607,0.0678527697409478,0.0678527697409477,0.0149597159384977,0.999999990902896
4.19839851663829e-05,0.0819027125557537,0.850923379232114,0.0671739082121322,0.0671739082121322,0.0147288043436215,0.999999990892092
4.33621537772622e-05,0.0810008315653885,0.852499692352431,0.0664994760821808,0.0664994760821808,0.0145013554832076,0.999999990881403
4.47855622269155e-05,0.0801067989175496,0.854063722432395,0.0658294786500558,0.0658294786500557,0.0142773202674938,0.999999990870827
4.62556955607834e-05,0.0792205708250466,0.855615508568704,0.0651639206062495,0.0651639206062494,0.0140566502187972,0.999999990860364
4.77740875724904e-05,0.0783421035092442,0.857155090448094,0.0645028060426618,0.0645028060426618,0.0138392974665824,0.999999990850013
4.93423224040549e-05,0.0774713532048041,0.858682508332861,0.0638461384623354,0.0638461384623354,0.0136252147424687,0.999999990839772
5.09620361986283e-05,0.0766082761642297,0.860197803046721,0.0631939207890489,0.0631939207890489,0.0134143553751808,0.99999999082964
5.26349188074876e-05,0.07575282866222,0.861701015961009,0.0625461553767706,0.0625461553767706,0.0132066732854494,0.999999990819616
5.43627155530606e-05,0.0749049669998368,0.863192188981191,0.0619028440189724,0.0619028440189723,0.0130021229808644,0.9999999908097
5.61472290498255e-05,0.0740646475084931,0.864671364533701,0.0612639879578058,0.0612639879578058,0.0128006595506873,0.99999999079989
5.79903210849829e-05,0.0732318265537669,0.866138585553091,0.0606295878931416,0.0606295878931416,0.0126022386606253,0.999999990790185
5.98939145608622e-05,0.0724064605390467,0.867593895469479,0.0599996439914743,0.0599996439914743,0.0124068165475725,0.999999990780584
6.18599955010908e-05,0.0715885059090128,0.869037338196295,0.0593741558946916,0.0593741558946917,0.0122143500143212,0.999999990771086
6.38906151226174e-05,0.0707779191529618,0.870468958118325,0.0587531227287134,0.0587531227287134,0.0120247964242484,0.99999999076169
6.59878919757511e-05,0.0699746568079772,0.871888800080025,0.0581365431119976,0.0581365431119976,0.0118381136959795,0.999999990752395
6.81540141544502e-05,0.069178675461953,0.873296909374128,0.0575244151639191,0.0575244151639191,0.0116542602980339,0.9999999907432
7.03912415791659e-05,0.0683899317564744,0.874693331730506,0.0569167365130191,0.0569167365130191,0.0114731952434553,0.999999990734105
7.27019083546226e-05,0.0676083823895603,0.87607811330531,0.0563135043051297,0.0563135043051297,0.0112948780844306,0.999999990725107
7.50884252049954e-05,0.0668339841182727,0.877451300670354,0.0557147152113737,0.0557147152113737,0.011119268906899,0.999999990716207
7.75532819890234e-05,0.0660666937611989,0.878812940802758,0.0551203654360429,0.0551203654360429,0.010946328325156,0.999999990707403
8.00990502976862e-05,0.0653064682008083,0.880163081074837,0.0545304507243547,0.0545304507243547,0.0107760174764536,0.999999990698694
8.27283861371507e-05,0.064553264385691,0.881501769244218,0.0539449663700907,0.0539449663700907,0.0106082980156003,0.999999990690079
8.54440326997885e-05,0.0638070393326817,0.8828290534442,0.0533639072231186,0.0533639072231186,0.0104431321095632,0.999999990681559
8.82488232261553e-05,0.0630677501288729,0.884144982174328,0.0527872676967988,0.0527872676967988,0.0102804824320741,0.99999999067313
9.11456839609173e-05,0.0623353539335224,0.885449604291199,0.0522150417752789,0.052215041775279,0.0101203121582434,0.999999990664794
9.41376372058094e-05,0.0616098079798582,0.886742968999465,0.0516472230206766,0.0516472230206766,0.00996258495918161,0.999999990656548
9.722780447281e-05,0.0608910695767869,0.888025125843059,0.0510838045801538,0.0510838045801537,0.00980726499663311,0.999999990648392
0.000100419409740822,0.0601790961105073,0.889296124696608,0.0505247791928849,0.0505247791928849,0.00965431691762248,0.999999990640325
0.000103715782819255,0.0594738450460352,0.890556015757046,0.0499701391969192,0.0499701391969192,0.00950370584911604,0.999999990632346
0.00010712036282203,0.0587752739286416,0.891804849535417,0.0494198765359416,0.0494198765359416,0.00935539739270001,0.999999990624455
0.000110636701755609,0.0580833403852098,0.893042676848858,0.0488739827659323,0.0488739827659323,0.0092093576192775,0.99999999061665
0.000114268468224812,0.0573980021255136,0.894269548812758,0.0483324490617282,0.0483324490617281,0.00906555306378547,0.999999990608931
0.000118019451260286,0.0567192169434223,0.895485516833089,0.0477952662234888,0.0477952662234888,0.00892395071993357,0.999999990601297
0.000121893564271606,0.0560469427180331,0.8966906325989,0.047262424683067,0.047262424683067,0.00878451803496612,0.999999990593747
0.000125894849130144,0.0553811374147378,0.897884948074973,0.046733914510289,0.046733914510289,0.00864722290444882,0.99999999058628
0.000130027480385966,0.054721759086225,0.899068515494631,0.0462097254191438,0.0462097254191438,0.00851203366708119,0.999999990578896
0.000134295769623147,0.0540687658734222,0.900241387352692,0.0456898467738857,0.0456898467738858,0.00837891909953648,0.999999990571593
0.000138704169958061,0.0534221160063809,0.901403616398568,0.0451742675950512,0.0451742675950512,0.00824784841132969,0.999999990564371
0.000143257280685323,0.0527817678051079,0.902555255629499,0.0446629765653927,0.0446629765653927,0.00811879123971519,0.999999990557229
0.000147959852076248,0.0521476796803467,0.903696358283921,0.0441559620357318,0.0441559620357318,0.00799171764461491,0.999999990550167
0.000152816790334818,0.0515198101343108,0.904826977834956,0.0436532120307328,0.0436532120307329,0.00786659810357795,0.999999990543183
0.000157833162716338,0.0508981177613736,0.905947167984025,0.0431547142546009,0.043154714254601,0.00774340350677266,0.999999990536277
0.000163014202814114,0.0502825612487169,0.907056982654578,0.0426604560967048,0.0426604560967048,0.0076221051520121,0.999999990529448
0.000168365316019676,0.049673099376941,0.908156475985931,0.0421704246371275,0.0421704246371275,0.00750267473981352,0.999999990522695
0.000173892085162232,0.0490696910206403,0.909245702327212,0.0416846066521475,0.0416846066521475,0.00738508436849285,0.999999990516018
0.000179600276333251,0.0484722951489455,0.910324716231404,0.0412029886196508,0.0412029886196508,0.00726930652929468,0.999999990509415
0.000185495844902237,0.0478808708260371,0.911393572449484,0.0407255567244785,0.0407255567244784,0.00715531410155861,0.999999990502887
0.000191584941729985,0.0472953772116313,0.91245232592466,0.0402522968637089,0.0402522968637089,0.00704308034792238,0.999999990496433
0.00019787391958578,0.0467157735614427,0.913501031786677,0.0397831946518801,0.0397831946518802,0.0069325789095626,0.999999990490051
0.000204369339775265,0.046142019227624,0.914539745346225,0.0393182354261507,0.0393182354261507,0.00682378380147327,0.999999990483741
0.000211077978985864,0.0455740736591873,0.915568522089408,0.0388574042514044,0.0388574042514045,0.00671666940778291,0.999999990477502
0.000218006836356915,0.0450118964024094,0.916587417672292,0.0384006859252988,0.0384006859252988,0.00661121047711059,0.999999990471334
0.000225163140781888,0.0444554471012213,0.917596487915519,0.03794806498326,0.03794806498326,0.00650738211796122,0.999999990465237
0.000232554358450312,0.0439046854975871,0.918595788798986,0.0374995257034266,0.0374995257034265,0.00640515979416054,0.999999990459208
0.000240188200637262,0.0433595714318728,0.919585376456585,0.0370550521115426,0.0370550521115425,0.00630451932033025,0.999999990453248
0.000248072631748554,0.0428200648432073,0.920565307170989,0.0366146279858041,0.0366146279858041,0.00620543685740326,0.999999990447356
0.00025621587763003,0.0422861257698388,0.921535637368502,0.036178236861659,0.0361782368616589,0.0061078889081798,0.999999990441532
0.000264626434149599,0.0417577143494869,0.92249642361395,0.0357458620365628,0.0357458620365628,0.0060118523129241,0.999999990435774
0.000273313076060999,0.0412347908196945,0.923447722605613,0.0353174865746922,0.0353174865746922,0.00591730424500232,0.999999990430082
0.000282284866158518,0.04071731551818,0.924389591170202,0.0348930933116184,0.0348930933116184,0.0058242222065616,0.999999990424456
0.000291551164732229,0.0402052488831915,0.925322086257868,0.0344726648589409,0.0344726648589409,0.00573258402425055,0.999999990418894
0.000301121639333601,0.0396985514538659,0.926245264937249,0.0340561836088848,0.0340561836088848,0.00564236784498115,0.999999990413397
0.000311006274861684,0.0391971838705942,0.927159184390544,0.0336436317388619,0.0336436317388619,0.00555355213173238,0.999999990407963
0.000321215383980369,0.0387011068753939,0.928063901908608,0.0332349912159985,0.0332349912159985,0.00546611565939542,0.999999990402592
0.000331759617877626,0.0382102813122912,0.928959474886078,0.0328302438016305,0.0328302438016305,0.00538003751066068,0.999999990397283
0.000342649977377904,0.0377246681277137,0.929845960816519,0.0324293710557672,0.0324293710557672,0.00529529707194652,0.999999990392036
0.000353897824419325,0.0372442283708958,0.930723417287578,0.032032354341526,0.032032354341526,0.0052118740293698,0.99999999038685
0.000365514893907615,0.0367689231942973,0.931591901976164,0.0316391748295391,0.0316391748295391,0.00512974836475822,0.999999990381725
0.000377513305959163,0.0362987138540371,0.93245147264363,0.0312498135023328,0.0312498135023328,0.00504890035170431,0.999999990376659
0.000389905578545969,0.0358335617103435,0.933302187130974,0.0308642511586823,0.0308642511586822,0.00496931055166126,0.999999990371653
0.000402704640555667,0.0353734282280211,0.934144103354038,0.0304824684179409,0.0304824684179409,0.00489095981008027,0.999999990366706
0.000415923845280274,0.0349182749769371,0.934977279298715,0.0301044457243476,0.0301044457243476,0.00481382925258951,0.999999990361817
0.000429576984347703,0.0344680636325261,0.935801773016162,0.0297301633513116,0.0297301633513116,0.00473790028121453,0.999999990356985
0.000443678302110607,0.0340227559763166,0.936617642618007,0.0293596014056765,0.0293596014056765,0.00466315457064005,0.999999990352211
0.000458242510507543,0.0335823138964773,0.937424946271558,0.0289927398319644,0.0289927398319644,0.00458957406451291,0.999999990347493
0.000473284804411975,0.0331466993883872,0.938223742195012,0.028629558416601,0.0286295584166009,0.0045171409717862,0.999999990342831
0.00048882087748512,0.0327158745552273,0.93901408865265,0.0282700367921231,0.0282700367921231,0.00444583776310423,0.999999990338224
0.000504866938549183,0.0322898016085968,0.939796043950035,0.0279141544413684,0.0279141544413684,0.00437564716722839,0.999999990333672
0.00052143972849806,0.0318684428691527,0.940569666429198,0.0275618907016493,0.0275618907016492,0.00430655216750346,0.999999990329175
0.000538556537763153,0.0314517607672749,0.941335014463815,0.0272132247689104,0.0272132247689104,0.00423853599836451,0.999999990324731
0.000556235224352518,0.0310397178437557,0.942092146454373,0.0268681357018718,0.0268681357018718,0.00417158214188387,0.99999999032034
0.000574494232482167,0.0306322767505156,0.942841120823327,0.0265266024261574,0.0265266024261574,0.00410567432435818,0.999999990316003
0.000593352611818965,0.0302294002513447,0.943581996010246,0.0261886037384095,0.0261886037384094,0.00404079651293526,0.999999990311717
0.000612830037355189,0.0298310512226701,0.94431483046694,0.0258541183103896,0.0258541183103896,0.00397693291228045,0.999999990307483
0.0006329468299355,0.0294371926543496,0.945039682652583,0.0255231246930671,0.0255231246930671,0.00391406796128246,0.9999999903033
0.000653723977457721,0.0290477876504927,0.945756611028813,0.0251956013206946,0.0251956013206945,0.00385218632979811,0.999999990299168
0.00067518315676957,0.0286627994303069,0.946465674054822,0.0248715265148707,0.0248715265148707,0.00379127291543613,0.999999990295086
0.000697346756284161,0.0282821913289714,0.947166930182437,0.024550878488592,0.0245508784885921,0.00373131284037936,0.999999990291053
0.000720237899337892,0.0279059267985369,0.947860437851172,0.0242336353502915,0.0242336353502915,0.00367229144824549,0.99999999028707
0.000743880468315072,0.0275339694088521,0.948546255483281,0.0239197751078665,0.0239197751078665,0.00361419430098565,0.999999990283135
0.00076829912956448,0.0271662828485154,0.94922444147879,0.0236092756726944,0.0236092756726944,0.00355700717582102,0.999999990279249
0.000793519359133813,0.0268028309258536,0.949895054210509,0.0233021148636369,0.0233021148636369,0.00350071606221676,0.99999999027541
0.00081956746934892,0.0264435775699253,0.950558152019043,0.022998270411032,0.022998270411032,0.00344530715889329,0.999999990271618
0.000846470636265502,0.0260884868315498,0.951213793207775,0.0226977199606753,0.0226977199606753,0.00339076687087454,0.999999990267873
0.000874256928021966,0.0257375228843608,0.951862036037851,0.0224004410777881,0.0224004410777881,0.0033370818065727,0.999999990264174
0.000902955334122976,0.0253906500258838,0.952502938723142,0.0221064112509743,0.0221064112509742,0.00328423877490954,0.999999990260521
0.000932595795684277,0.025047832678638,0.953136559425198,0.0218156078961644,0.0218156078961644,0.00323222478247362,0.999999990256913
0.000963209236670323,0.0247090353912606,0.953762956248192,0.0215280083605472,0.0215280083605473,0.00318102703071335,0.99999999025335
0.000994827596157334,0.0243742228396535,0.954382187233859,0.021243589926488,0.0212435899264879,0.00313063291316548,0.999999990249832
0.00102748386165541,0.0240433598281523,0.954994310356414,0.0209623298154336,0.0209623298154337,0.00308103001271871,0.999999990246357
0.00106121210352446,0.023716411290716,0.95559938351748,0.0206842051918038,0.0206842051918037,0.00303220609891217,0.999999990242925
0.00109604751051993,0.0233933422921362,0.956197464540996,0.0204091931668678,0.0204091931668677,0.0029841491252684,0.999999990239537
0.00113202642650527,0.0230741180292669,0.956788611168127,0.0201372708026063,0.0201372708026064,0.00293684722666056,0.999999990236191
0.0011691863883696,0.0227587038322717,0.95737288105217,0.0198684151155582,0.0198684151155581,0.00289028871671348,0.999999990232887
0.00120756616519004,0.0224470651658888,0.957950331753461,0.0196026030806505,0.0196026030806505,0.0028444620852383,0.999999990229625
0.00124720579867956,0.022139167630713,0.958521020734274,0.0193398116350126,0.0193398116350125,0.00279935599570044,0.999999990226404
0.00128814664496261,0.0218349769644927,0.959085005353735,0.0190800176817723,0.0190800176817723,0.00275495928272036,0.999999990223224
0.00133043141772207,0.0215344590434416,0.959642342862724,0.0188231980938345,0.0188231980938346,0.00271126094960704,0.999999990220084
0.00137410423276252,0.0212375798835639,0.960193090398796,0.0185693297176402,0.0185693297176402,0.0026682501659237,0.999999990216984
0.00141921065403636,0.0209443056419921,0.960737304981101,0.0183183893769066,0.0183183893769066,0.0026259162650855,0.999999990213923
0.00146579774118084,0.0206546026183355,0.961275043505318,0.0180703538763466,0.0180703538763466,0.00258424874198889,0.999999990210902
0.0015139140986154,0.0203684372560395,0.961806362738593,0.0178252000053672,0.0178252000053672,0.00254323725067226,0.999999990207919
0.00156360992625089,0.0200857761437529,0.962331319314502,0.0175829045417454,0.0175829045417454,0.00250287160200756,0.999999990204975
0.00161493707186316,0.0198065860167041,0.962849969728015,0.0173434442552814,0.0173434442552814,0.00246314176142271,0.999999990202068
0.00166794908518602,0.0195308337580825,0.963362370330489,0.0171067959114283,0.0171067959114283,0.00242403784665419,0.999999990199199
0.0017227012737798,0.0192584864004264,0.963868577324677,0.0168729362748966,0.0168729362748966,0.0023855501255298,0.999999990196366
0.00177925076073385,0.0189895111270142,0.964368646759753,0.0166418421132331,0.0166418421132332,0.00234766901378107,0.999999990193571
0.00183765654426318,0.0187238752732584,0.964862634526368,0.0164134902003734,0.0164134902003733,0.00231038507288505,0.999999990190811
