1e-07,0.376358750459693,0.446409098674643,0.177232150865664,0.177232150865664,0.199126599594028,0.99999999603486
1.03282605511167e-07,0.374147172480119,0.449037323504247,0.176815504015634,0.176815504015634,0.197331668464485,0.999999995978197
1.06672966011754e-07,0.371921324376694,0.451689965026,0.176388710597305,0.176388710597305,0.195532613779389,0.999999995921572
1.10174618672982e-07,0.369681745885561,0.454366521186026,0.175951732928413,0.175951732928413,0.193730012957148,0.999999995865001
1.13791216777448e-07,0.367428980781942,0.457066478657628,0.175504540560429,0.175504540560429,0.191924440221513,0.999999995808502
1.17526533530609e-07,0.365163576153533,0.459789313537052,0.175047110309415,0.175047110309415,0.190116465844117,0.999999995752089
1.21384465997369e-07,0.362886081686631,0.462534492042144,0.174579426271225,0.174579426271225,0.188306655415406,0.99999999569578
1.25369039167899e-07,0.360597048966814,0.465301471211825,0.174101479821361,0.174101479821361,0.186495569145453,0.99999999563959
1.29484410156922e-07,0.358297030795814,0.468089699604332,0.173613269599854,0.173613269599854,0.18468376119596,0.999999995583534
1.33734872540836e-07,0.355986580526119,0.470898617992299,0.173114801481582,0.173114801481582,0.182871779044537,0.999999995527627
1.38124860837214e-07,0.353666251414655,0.473727660052858,0.172606088532486,0.172606088532486,0.181060162882169,0.999999995471883
1.42658955131348e-07,0.35133659599678,0.476576253051004,0.172087150952216,0.172087150952216,0.179249445044563,0.999999995416316
1.47341885854664e-07,0.348998165481653,0.479443818514614,0.171558016003732,0.171558016003732,0.177440149477921,0.99999999536094
1.52178538719987e-07,0.346651509169914,0.48232977289962,0.171018717930466,0.171018717930466,0.175632791239448,0.999999995305767
1.57173959818823e-07,0.344297173894445,0.485233528243912,0.170469297861642,0.170469297861642,0.173827876032803,0.999999995250811
1.62333360885955e-07,0.341935703484882,0.488154492808705,0.169909803706412,0.169909803706412,0.17202589977847,0.999999995196083
1.67662124736861e-07,0.339567638256363,0.491092071706201,0.169340290037436,0.169340290037436,0.170227348218928,0.999999995141596
1.73165810883613e-07,0.337193514522922,0.494045667512475,0.168760817964603,0.168760817964603,0.168432696558319,0.99999999508736
1.78850161335136e-07,0.334813864135774,0.49701468086466,0.168171454999567,0.168171454999567,0.166642409136207,0.999999995033386
1.84721106587855e-07,0.332429214046643,0.499998511041581,0.167572274911776,0.167572274911776,0.164856939134867,0.999999994979685
1.90784771812997e-07,0.330040085896177,0.502996556527127,0.166963357576696,0.166963357576696,0.163076728319481,0.999999994926266
1.97047483246998e-07,0.327646995627364,0.50600821555573,0.166344788816906,0.166344788816906,0.161302206810458,0.999999994873139
2.03515774791681e-07,0.325250453123811,0.509032886639435,0.165716660236754,0.165716660236754,0.159533792887057,0.999999994820314
2.10196394831087e-07,0.322850961872624,0.512069969076135,0.165079069051241,0.165079069051241,0.157771892821383,0.999999994767798
2.17096313272088e-07,0.320449018651558,0.515118863438643,0.164432117909799,0.164432117909799,0.156016900741759,0.999999994715599
2.24222728816098e-07,0.318045113240045,0.518178972044355,0.163775914715599,0.163775914715599,0.154269198524446,0.999999994663726
2.31583076469505e-07,0.315639728153619,0.521249699405344,0.163110572441036,0.163110572441037,0.152529155712583,0.999999994612186
2.39185035300624e-07,0.313233338401215,0.524330452658799,0.162436208939985,0.162436208939985,0.15079712946123,0.999999994560986
2.47036536451289e-07,0.31082641126477,0.527420641977803,0.161752946757427,0.161752946757427,0.149073464507343,0.999999994510132
2.55145771411436e-07,0.308419406100483,0.5305196809625,0.161060912937017,0.161060912937017,0.147358493163466,0.999999994459631
2.63521200565298e-07,0.306012774161092,0.53362698701178,0.160360238827127,0.160360238827127,0.145652535333965,0.999999994409487
2.72171562018149e-07,0.303606958438452,0.536741981675651,0.159651059885897,0.159651059885897,0.143955898552554,0.999999994359707
2.81105880712787e-07,0.301202393525699,0.539864090988519,0.158933515485781,0.158933515485781,0.142268878039918,0.999999994310295
2.9033347784528e-07,0.298799505498265,0.542992745783674,0.158207748718061,0.158207748718061,0.140591756780203,0.999999994261256
2.99863980589793e-07,0.296398711812953,0.546127381989276,0.15747390619777,0.15747390619777,0.138924805615183,0.999999994212595
3.09707332142639e-07,0.294000421224342,0.549267440906213,0.156732137869445,0.156732137869445,0.137268283354897,0.999999994164314
3.19873802096042e-07,0.291605033717697,0.552412369468212,0.155982596814091,0.155982596814091,0.135622436903606,0.999999994116419
3.30373997152427e-07,0.28921294045764,0.555561620484627,0.155225439057733,0.155225439057733,0.133987501399907,0.999999994068911
3.41218872190416e-07,0.286824523751775,0.558714652866344,0.154460823381882,0.154460823381881,0.132363700369893,0.999999994021794
3.52419741694082e-07,0.2844401570285,0.561870931835271,0.153688911136228,0.153688911136228,0.130751245892272,0.999999993975071
3.63988291557374e-07,0.28206020482824,0.565029929117896,0.152909866053864,0.152909866053864,0.129150338774376,0.999999993928744
3.7593659127604e-07,0.279685022807326,0.568191123123404,0.15212385406927,0.15212385406927,0.127561168738056,0.999999993882816
3.88277106539761e-07,0.277314957753793,0.571353999106874,0.151331043139333,0.151331043139333,0.12598391461446,0.999999993837286
4.01022712237636e-07,0.274950347614348,0.574518049318062,0.150531603067589,0.150531603067589,0.124418744546759,0.999999993792159
4.14186705890581e-07,0.272591521531803,0.577682773136298,0.149725705331899,0.149725705331899,0.122865816199904,0.999999993747434
4.27782821524667e-07,0.270238799892268,0.58084767719202,0.148913522915712,0.148913522915712,0.121325276976556,0.999999993703113
4.41825243999864e-07,0.267892494381437,0.584012275475473,0.14809523014309,0.14809523014309,0.119797264238347,0.999999993659196
4.56328623809131e-07,0.265552908049296,0.587176089433104,0.147271002517601,0.147271002517601,0.118281905531695,0.999999993615684
4.71308092363324e-07,0.263220335382631,0.590338648052157,0.146441016565212,0.146441016565213,0.116779318817418,0.999999993572579
4.86779277777819e-07,0.260895062384718,0.593499487934014,0.145605449681268,0.145605449681268,0.11528961270345,0.999999993529878
5.02758321177375e-07,0.258577366661606,0.596658153356764,0.14476447998163,0.14476447998163,0.113812886679977,0.999999993487584
5.19261893536195e-07,0.256267517514428,0.599814196327524,0.143918286158048,0.143918286158048,0.112349231356379,0.999999993445695
5.36307213070806e-07,0.253965776037192,0.602967176624999,0.14306704733781,0.14306704733781,0.110898728699382,0.999999993404211
5.53912063203856e-07,0.25167239521955,0.60611666183276,0.14221094294769,0.14221094294769,0.10946145227186,0.999999993363131
5.72094811117606e-07,0.249387620054032,0.609262227363731,0.141350152582237,0.141350152582237,0.108037467471795,0.999999993322455
5.90874426916454e-07,0.247111687647276,0.612403456476332,0.140484855876392,0.140484855876392,0.106626831770884,0.999999993282182
6.10270503418493e-07,0.244844827334824,0.615539940282727,0.139615232382449,0.139615232382449,0.105229594952376,0.999999993242311
6.30303276596736e-07,0.242587260799036,0.618671277749635,0.138741461451329,0.138741461451329,0.103845799347707,0.999999993202841
6.50993646691368e-07,0.240339202189731,0.621797075692107,0.137863722118163,0.137863722118163,0.102475480071568,0.99999999316377
6.72363200015008e-07,0.23810085824718,0.624916948760686,0.136982192992134,0.136982192992134,0.101118665255046,0.999999993125097
6.94434231473761e-07,0.23587242842708,0.628030519422361,0.136097052150559,0.136097052150559,0.0997753762765217,0.99999999308682
7.17229767827552e-07,0.233654105027179,0.63113741793568,0.135208477037142,0.135208477037142,0.0984456279900368,0.999999993048938
7.40773591713991e-07,0.231446073315231,0.634237282320401,0.134316644364368,0.134316644364368,0.0971294289508629,0.999999993011449
7.65090266460866e-07,0.229248511657993,0.637329758322045,0.133421730019962,0.133421730019962,0.095826781638031,0.99999999297435
7.90205161713115e-07,0.227061591650968,0.640414499371677,0.132523908977355,0.132523908977355,0.0945376826736127,0.999999992937641
8.16144479901037e-07,0.22488547824865,0.643491166541256,0.131623355210093,0.131623355210093,0.093262123038557,0.999999992901319
8.42935283577358e-07,0.222720329895024,0.646559428494868,0.130720241610108,0.130720241610108,0.0920000882849152,0.999999992865382
8.70605523651641e-07,0.220566298654085,0.649618961436135,0.12981473990978,0.12981473990978,0.0907515587443043,0.999999992829827
8.99184068551557e-07,0.218423530340188,0.652669449052104,0.128907020607709,0.128907020607709,0.0895165097324787,0.999999992794653
9.28700734341368e-07,0.216292164648013,0.655710582453873,0.127997252898114,0.127997252898114,0.0882949117498994,0.999999992759857
9.59186315829108e-07,0.214172335281984,0.658742060114237,0.127085604603779,0.12708560460378,0.0870867306782045,0.999999992725436
9.90672618694879e-07,0.212064170084962,0.66176358780258,0.126172242112458,0.126172242112458,0.0858919279725044,0.999999992691389
1.02319249267378e-06,0.209967791166077,0.664774878517282,0.125257330316641,0.125257330316641,0.0847104608494361,0.999999992657712
1.05677986582814e-06,0.207883315027545,0.667775652415836,0.124341032556618,0.124341032556618,0.0835422824709267,0.999999992624403
1.09146977994472e-06,0.205810852690356,0.670765636742919,0.123423510566726,0.123423510566726,0.0823873421236303,0.999999992591459
1.12729842709391e-06,0.20375050981871,0.673744565756591,0.122504924424698,0.122504924424698,0.0812455853940118,0.999999992558878
1.164303187389e-06,0.201702386843105,0.676712180652853,0.121585432504041,0.121585432504041,0.0801169543390639,0.999999992526656
1.20252266798493e-06,0.199666579081974,0.679668229488706,0.12066519142932,0.12066519142932,0.0790013876526532,0.999999992494792
1.24199674335724e-06,0.197643176861794,0.682612467103914,0.119744356034292,0.119744356034292,0.0778988208275015,0.999999992463283
1.2827665969032e-06,0.195632265635593,0.685544655041627,0.118823079322779,0.118823079322779,0.0768091863128142,0.999999992432125
1.32487476390855e-06,0.193633926099786,0.688464561468009,0.117901512432205,0.117901512432205,0.0757324136675814,0.999999992401315
1.36836517592468e-06,0.191648234309276,0.691371961091024,0.1169798045997,0.1169798045997,0.0746684297095762,0.999999992370852
1.41328320660248e-06,0.189675261790786,0.694266635078518,0.116058103130696,0.116058103130696,0.0736171586600903,0.999999992340731
1.45967571903081e-06,0.18771507565436,0.697148370975724,0.115136553369916,0.115136553369916,0.0725785222844446,0.999999992310951
1.50759111462889e-06,0.185767738703011,0.700016962622301,0.114215298674687,0.114215298674687,0.0715524400283241,0.999999992281508
1.55707938364357e-06,0.183833309540476,0.702872210069036,0.113294480390488,0.113294480390488,0.0705388291499881,0.999999992252399
1.6081921573043e-06,0.181911842677053,0.705713919494305,0.112374237828642,0.112374237828642,0.0695376048484109,0.999999992223621
1.66098276169013e-06,0.180003388633513,0.708541903120387,0.1114547082461,0.1114547082461,0.0685486803874137,0.999999992195172
1.71550627336491e-06,0.178107994043055,0.71135597912974,0.110536026827205,0.110536026827205,0.0675719672158499,0.999999992167048
1.77181957683881e-06,0.176225701751304,0.714155971581302,0.109618326667393,0.109618326667393,0.0666073750839112,0.999999992139247
1.82998142391606e-06,0.174356550914349,0.716941710326922,0.108701738758729,0.108701738758729,0.0656548121556205,0.999999992111765
1.89005249499087e-06,0.17250057709481,0.719713030927966,0.107786391977224,0.107786391977224,0.0647141851175851,0.9999999920846
1.95209546235539e-06,0.170657812355942,0.722469774572198,0.10687241307186,0.10687241307186,0.0637853992840812,0.999999992057749
2.01617505558591e-06,0.168828285353785,0.725211787990973,0.105959926655241,0.105959926655241,0.0628683586985437,0.999999992031208
2.08235812907536e-06,0.16701202142736,0.727938923376817,0.105049055195823,0.105049055195823,0.0619629662315372,0.999999992004975
2.15071373178262e-06,0.165209042686923,0.730651038301438,0.104139919011639,0.104139919011639,0.0610691236752841,0.999999991979047
2.22131317927155e-06,0.163419368100301,0.733347995634225,0.103232636265474,0.103232636265474,0.0601867318348274,0.99999999195342
2.2942301281146e-06,0.161643013577315,0.736029663461275,0.102327322961411,0.102327322961411,0.0593156906159044,0.999999991928093
2.36954065273895e-06,0.159879992052312,0.738695915004986,0.101424092942702,0.101424092942702,0.0584558991096102,0.999999991903061
2.44732332479511e-06,0.158130313564829,0.741346628544271,0.1005230578909,0.1005230578909,0.0576072556739291,0.999999991878323
2.52765929513092e-06,0.156393985338407,0.743981687335396,0.0996243273261972,0.0996243273261972,0.0567696580122097,0.999999991853875
2.61063237845642e-06,0.154671011857579,0.746600979533507,0.0987280086089145,0.0987280086089145,0.0559430032486644,0.999999991829714
2.69632914078795e-06,0.152961394943062,0.749204398114843,0.0978342069420954,0.0978342069420954,0.0551271880009667,0.999999991805837
2.78483898976267e-06,0.151265133825172,0.751791840799682,0.0969430253751456,0.0969430253751457,0.0543221084500269,0.999999991782242
2.87625426791775e-06,0.149582225215495,0.754363209976028,0.0960545648084766,0.0960545648084766,0.0535276604070185,0.999999991758926
2.9706703490316e-06,0.147912663376835,0.756918412624063,0.095168923999102,0.095168923999102,0.0527437393777335,0.999999991735886
3.06818573762752e-06,0.146256440191482,0.759457360241374,0.0942861995671437,0.0942861995671438,0.0519702406243386,0.999999991713119
3.16890217174373e-06,0.144613545227811,0.761979968768985,0.0934064860032031,0.0934064860032032,0.0512070592246082,0.999999991690622
3.27292472907689e-06,0.14298396580526,0.764486158518184,0.0925298756765555,0.0925298756765555,0.0504540901287045,0.999999991668393
3.38036193660993e-06,0.141367687057704,0.766975854098168,0.0916564588441273,0.0916564588441273,0.0497112282135772,0.999999991646429
3.49132588383849e-06,0.139764691995271,0.769448984344512,0.0907863236602171,0.0907863236602171,0.0489783683350536,0.999999991624726
3.60593233971418e-06,0.13817496156461,0.771905482248467,0.0899195561869231,0.0899195561869231,0.0482554053776868,0.999999991603283
3.7243008734266e-06,0.136598474707672,0.774345284887087,0.0890562404052408,0.0890562404052408,0.0475422343024312,0.999999991582097
3.84655497915016e-06,0.135035208419008,0.776768333354196,0.0881964582267965,0.0881964582267965,0.0468387501922113,0.999999991561164
3.97282220488582e-06,0.133485137801633,0.779174572692183,0.0873402895061839,0.0873402895061839,0.0461448482954494,0.999999991540483
4.10323428553227e-06,0.131948236121487,0.781563951824642,0.0864878120538708,0.0864878120538707,0.0454604240676164,0.99999999152005
4.23792728032526e-06,0.130424474860514,0.78393642348984,0.0856391016496462,0.0856391016496462,0.0447853732108674,0.999999991499864
4.37704171478848e-06,0.128913823768405,0.786291944175016,0.0847942320565792,0.0847942320565792,0.0441195917118256,0.99999999147992
4.52072272734421e-06,0.127416250913032,0.788630474051508,0.0839532750354597,0.0839532750354598,0.0434629758775723,0.999999991460218
4.66912022073661e-06,0.125931722729599,0.790951976910705,0.0831163003596961,0.0831163003596961,0.042815422369903,0.999999991440754
4.82238901842554e-06,0.124460204068549,0.793256420100807,0.0822833758306431,0.0822833758306432,0.0421768282379062,0.999999991421525
4.9806890261143e-06,0.123001658242257,0.795543774464407,0.0814545672933355,0.0814545672933355,0.0415470909489218,0.99999999140253
5.14418539857963e-06,0.121556047070536,0.797814014276861,0.0806299386526037,0.0806299386526037,0.0409261084179319,0.999999991383765
5.31304871197807e-06,0.12012333092499,0.80006711718546,0.0798095518895504,0.0798095518895504,0.0403137790354397,0.999999991365229
5.48745514180847e-06,0.11870346877225,0.802303064149385,0.0789934670783644,0.0789934670783644,0.039710001693886,0.999999991346918
5.6675866467163e-06,0.117296418216108,0.80452183938044,0.0781817424034528,0.0781817424034528,0.0391146758126548,0.999999991328831
5.85363115833159e-06,0.11590213553859,0.806723430284539,0.0773744341768716,0.0773744341768717,0.038527701361718,0.999999991310965
6.04578277733839e-06,0.114520575740001,0.808907827403963,0.0765715968560358,0.0765715968560358,0.0379489788839653,0.999999991293317
6.2442419759805e-06,0.113151692577958,0.811075024360351,0.0757732830616909,0.0757732830616909,0.0373784095162673,0.999999991275886
6.44921580721465e-06,0.111795438605447,0.813225017798423,0.0749795435961298,0.0749795435961298,0.036815895009317,0.999999991258668
6.66091812072936e-06,0.11045176520793,0.815357807330433,0.0741904274616374,0.0741904274616374,0.0362613377462924,0.999999991241661
6.87956978605476e-06,0.109120622639535,0.817473395481316,0.0734059818791493,0.0734059818791493,0.0357146407603854,0.999999991224864
7.10539892299639e-06,0.107801960058343,0.81957178763455,0.0726262523071072,0.0726262523071071,0.0351757077512355,0.999999991208274
7.33864113963309e-06,0.106495725560811,0.821652991978689,0.0718512824605,0.0718512824605,0.0346444431003113,0.999999991191888
7.57953977812749e-06,0.105201866215353,0.823717019454573,0.0710811143300745,0.0710811143300745,0.0341207518852784,0.999999991175705
7.82834616860541e-06,0.103920328095096,0.825763883703199,0.0703157882017054,0.0703157882017053,0.0336045398933902,0.999999991159722
8.0853198913693e-06,0.102651056309849,0.827793601014241,0.0695553426759092,0.0695553426759092,0.0330957136339402,0.999999991143937
8.35072904771889e-06,0.101393995037306,0.8298061902752,0.0687998146874943,0.0687998146874943,0.0325941803498113,0.999999991128347
8.62485053966196e-06,0.100149087553489,0.831801672921178,0.0680492395253331,0.0680492395253331,0.0320998480281559,0.999999991112952
8.90797035880684e-06,0.0989162762624883,0.833780072885265,0.0673036508522468,0.0673036508522468,0.0316126254102415,0.999999991097748
9.20038388473819e-06,0.0976955027254868,0.83574141654952,0.066563080724993,0.066563080724993,0.0311324220004938,0.999999991082733
9.50239619318715e-06,0.096486707689115,0.837685732696539,0.0658275596143464,0.0658275596143464,0.0306591480747686,0.999999991067906
9.81432237431766e-06,0.0952898311131471,0.83961305246159,0.0650971164252628,0.0650971164252628,0.0301927146878843,0.999999991053263
1.01364878614607e-05,0.0941048121975614,0.84152340928532,0.0643717785171185,0.0643717785171185,0.0297330336804429,0.999999991038805
1.04692287706399e-05,0.0929315894089863,0.843416838866997,0.0636515717240167,0.0636515717240168,0.0292800176849696,0.999999991024527
1.08128922512416e-05,0.0917701005065504,0.845293379118297,0.0629365203751523,0.0629365203751523,0.0288335801313981,0.999999991010428
1.11678368481974e-05,0.0906202825671563,0.847153070117616,0.062226647315228,0.0622266473152281,0.0283936352519283,0.999999990996506
1.15344328760545e-05,0.0894820720101972,0.848995954064888,0.0615219739249146,0.0615219739249146,0.0279600980852825,0.99999999098276
1.19130628053258e-05,0.0883554046217342,0.850822075236918,0.0608225201413479,0.0608225201413478,0.0275328844803863,0.999999990969187
1.23041216615222e-05,0.0872402155781518,0.852631479943192,0.0601283044786559,0.0601283044786559,0.0271119110994959,0.999999990955785
1.27080174372841e-05,0.0861364394693086,0.854424216482181,0.0594393440485107,0.0594393440485106,0.0266970954207979,0.999999990942552
1.31251715180404e-05,0.0850440103211999,0.856200335098104,0.0587556545806965,0.0587556545806965,0.0262883557405034,0.999999990929487
1.35560191216418e-05,0.0839628616181489,0.85795988793816,0.0580772504436914,0.0580772504436914,0.0258856111744575,0.999999990916588
1.40010097524237e-05,0.0828929263245396,0.859702929010207,0.0574041446652537,0.0574041446652536,0.025488781659286,0.999999990903852
1.44606076701759e-05,0.0818341369061109,0.861429514140879,0.0567363489530101,0.0567363489530101,0.0250977879531008,0.999999990891278
1.49352923745053e-05,0.0807864253508204,0.863139700934141,0.0560738737150385,0.0560738737150385,0.0247125516357819,0.999999990878864
1.54255591050998e-05,0.0797497231892972,0.864833548730261,0.0554167280804414,0.0554167280804414,0.0243329951088558,0.999999990866609
1.59319193584122e-05,0.0787239615148944,0.866511118565201,0.0547649199199048,0.0547649199199048,0.0239590415949896,0.99999999085451
1.64549014213061e-05,0.077709071003355,0.868172473130408,0.0541184558662375,0.0541184558662374,0.0235906151371175,0.999999990842566
1.6995050922219e-05,0.0767049819321032,0.86981767673301,0.0534773413348863,0.0534773413348863,0.0232276405972169,0.999999990830774
1.75529314004175e-05,0.0757116241991741,0.871446795256403,0.0528415805444228,0.0528415805444229,0.0228700436547513,0.999999990819134
1.8129124893939e-05,0.0747289273417923,0.873059896121211,0.0522111765369971,0.0522111765369971,0.0225177508047952,0.999999990807644
1.87242325468339e-05,0.0737568205546116,0.874657048246634,0.051586131198754,0.0515861311987539,0.0221706893558576,0.999999990796301
1.933887523634e-05,0.0727952327076251,0.876238322012167,0.050966445280208,0.050966445280208,0.0218287874274171,0.999999990785104
1.99736942206459e-05,0.0718440923637573,0.87780378921967,0.050352118416573,0.050352118416573,0.0214919739471843,0.999999990774052
2.06293518079165e-05,0.0709033277961468,0.879353523055812,0.0497431491480414,0.0497431491480414,0.0211601786481053,0.999999990763142
2.13065320472813e-05,0.0699728670051301,0.880887598054859,0.0491395349400111,0.0491395349400111,0.020833332065119,0.999999990752374
2.20059414425039e-05,0.0690526377349338,0.882406090061813,0.0485412722032533,0.0485412722032533,0.0205113655316805,0.999999990741746
2.27283096890798e-05,0.0681425674900858,0.883909076195893,0.0479483563140209,0.0479483563140209,0.0201942111760649,0.999999990731255
2.34743904355287e-05,0.0672425835515512,0.885396634814358,0.0473607816340904,0.0473607816340905,0.0198818019174608,0.999999990720901
2.42449620696783e-05,0.0663526129926034,0.886868845476661,0.046778541530736,0.046778541530736,0.0195740714618674,0.999999990710682
2.50408285307579e-05,0.0654725826944349,0.888325788908934,0.0462016283966306,0.0462016283966306,0.0192709542978044,0.999999990700596
2.58628201481505e-05,0.0646024193615169,0.889767546968812,0.0456300336696712,0.0456300336696712,0.0189723856918457,0.999999990690641
2.67117945076771e-05,0.0637420495367128,0.891194202610562,0.0450637478527247,0.0450637478527248,0.0186783016839881,0.999999990680817
2.75886373463177e-05,0.0628913996161537,0.892605839850556,0.0445027605332901,0.0445027605332901,0.0183886390828636,0.999999990671122
2.8494263476304e-05,0.0620503958638787,0.894002543733047,0.0439470604030739,0.043947060403074,0.0181033354608047,0.999999990661554
2.94296177395436e-05,0.0612189644262498,0.895384400296274,0.0433966352774762,0.0433966352774762,0.0178223291487736,0.999999990652111
3.03956759933773e-05,0.0603970313461425,0.896751496538876,0.0428514721149815,0.0428514721149816,0.0175455592311609,0.999999990642793
3.13934461286925e-05,0.0595845225769192,0.898103920386627,0.0423115570364536,0.0423115570364536,0.0172729655404655,0.999999990633598
3.24239691214583e-05,0.0587813639961905,0.89944176065948,0.0417768753443293,0.0417768753443294,0.0170044886518612,0.999999990624524
3.34883201187784e-05,0.0579874814193671,0.900765107038925,0.0412474115417078,0.0412474115417078,0.0167400698776592,0.99999999061557
3.45876095605948e-05,0.0572028006130068,0.90207405003566,0.0407231493513333,0.0407231493513332,0.0164796512616735,0.999999990606735
3.57229843382119e-05,0.0564272473079615,0.903368680957573,0.0402040717344659,0.0402040717344658,0.0162231755734957,0.999999990598017
3.68956289908515e-05,0.0556607472123268,0.904649091878034,0.039690160909639,0.0396901609096391,0.0159705863026878,0.999999990589415
3.8106766941485e-05,0.0549032260241961,0.905915375604505,0.039181398371299,0.039181398371299,0.0157218276528971,0.999999990580927
3.93576617732339e-05,0.0541546094442255,0.907167625647451,0.0386777649083234,0.0386777649083234,0.0154768445359021,0.999999990572552
4.06496185476687e-05,0.0534148231880091,0.908405936189575,0.0381792406224159,0.0381792406224158,0.0152355825655932,0.99999999056429
4.19839851663829e-05,0.0526837929982686,0.909630402055358,0.037685804946373,0.0376858049463731,0.0149979880518956,0.999999990556137
4.33621537772622e-05,0.0519614446568601,0.910841118680919,0.0371974366622209,0.0371974366622209,0.0147640079946392,0.999999990548094
4.47855622269155e-05,0.0512477039965982,0.912038182084185,0.0367141139192173,0.0367141139192173,0.0145335900773809,0.999999990540159
4.62556955607834e-05,0.0505424969129022,0.913221688835381,0.0362358142517171,0.0362358142517172,0.014306682661185,0.99999999053233
4.77740875724904e-05,0.0498457493752629,0.91439173602784,0.0357625145968976,0.0357625145968975,0.0140832347783653,0.999999990524607
4.93423224040549e-05,0.0491573874385346,0.915548421249126,0.0352941913123396,0.0352941913123395,0.013863196126195,0.999999990516987
5.09620361986283e-05,0.0484773372540516,0.916691842552485,0.0348308201934632,0.0348308201934632,0.0136465170605884,0.999999990509471
5.26349188074876e-05,0.0478055250805709,0.917822098428616,0.0343723764908129,0.0343723764908129,0.013433148589758,0.999999990502056
5.43627155530606e-05,0.0471418772950431,0.918939287777766,0.0339188349271909,0.0339188349271909,0.0132230423678522,0.999999990494742
5.61472290498255e-05,0.0464863204032112,0.920043509882154,0.0334701697146343,0.0334701697146344,0.0130161506885768,0.999999990487526
5.79903210849829e-05,0.0458387810500387,0.921134864378727,0.0330263545712343,0.0330263545712343,0.0128124264788044,0.999999990480409
5.98939145608622e-05,0.0451991860299686,0.922213451232238,0.0325873627377936,0.0325873627377936,0.012611823292175,0.999999990473389
6.18599955010908e-05,0.0445674622970112,0.923279370708669,0.0321531669943199,0.0321531669943199,0.0124142953026913,0.999999990466464
6.38906151226174e-05,0.0439435369746648,0.924332723348983,0.0317237396763523,0.0317237396763523,0.0122197972983125,0.999999990459633
6.59878919757511e-05,0.0433273373656667,0.925373609943215,0.0312990526911178,0.0312990526911178,0.0120282846745489,0.999999990452896
6.81540141544502e-05,0.0427187909615766,0.926402131504907,0.0308790775335162,0.0308790775335162,0.0118397134280604,0.999999990446251
7.03912415791659e-05,0.0421178254521914,0.92741838924588,0.0304637853019287,0.0304637853019286,0.0116540401502628,0.999999990439697
7.27019083546226e-05,0.0415243687347931,0.928422484551357,0.0300531467138503,0.0300531467138503,0.0114712220209428,0.999999990433233
7.50884252049954e-05,0.0409383489232278,0.92941451895543,0.0296471321213418,0.0296471321213418,0.011291216801886,0.999999990426858
7.75532819890234e-05,0.0403596943568182,0.930394594116883,0.029245711526299,0.0292457115262991,0.0111139828305192,0.999999990420571
8.00990502976862e-05,0.0397883336091076,0.931362811795355,0.0288488545955379,0.0288488545955379,0.0109394790135697,0.99999999041437
8.27283861371507e-05,0.0392241954964367,0.932319273827871,0.0284565306756923,0.0284565306756923,0.0107676648207444,0.999999990408255
8.54440326997885e-05,0.0386672090863525,0.933264082105724,0.0280687088079233,0.0280687088079233,0.0105985002784291,0.999999990402225
8.82488232261553e-05,0.0381173037058491,0.934197338551714,0.0276853577424366,0.0276853577424366,0.0104319459634125,0.999999990396278
9.11456839609173e-05,0.0375744089494413,0.935119145097752,0.0273064459528071,0.0273064459528071,0.0102679629966343,0.999999990390414
9.41376372058094e-05,0.0370384546870693,0.936029603662822,0.0269319416501086,0.0269319416501086,0.0101065130369607,0.99999999038463
9.722780447281e-05,0.0365093710718355,0.936928816131318,0.0265618127968464,0.0265618127968464,0.0099475582749891,0.999999990378928
0.000100419409740822,0.0359870885475735,0.937816884331735,0.0261960271206913,0.0261960271206913,0.00979106142688215,0.999999990373305
0.000103715782819255,0.0354715378562478,0.938693910015739,0.0258345521280134,0.0258345521280134,0.00963698572823441,0.99999999036776
0.00010712036282203,0.0349626500451856,0.939559994837601,0.0254773551172138,0.0254773551172138,0.00948529492797181,0.999999990362293
0.000110636701755609,0.0344603564741398,0.940415240334006,0.0251244031918538,0.0251244031918538,0.00933595328228598,0.999999990356902
0.000114268468224812,0.0339645888221829,0.941259747904238,0.0247756632735786,0.0247756632735786,0.00918892554860431,0.999999990351587
0.000118019451260286,0.0334752790944331,0.942093618790731,0.024431102114836,0.0244311021148359,0.00904417697959713,0.999999990346347
0.000121893564271606,0.0329923596286103,0.942916954060003,0.0240906863113872,0.0240906863113872,0.00890167331722307,0.99999999034118
0.000125894849130144,0.0325157631014243,0.943729854583965,0.0237543823146106,0.0237543823146106,0.00876138078681369,0.999999990336086
0.000130027480385966,0.0320454225347941,0.94453242102161,0.0234221564435958,0.0234221564435958,0.00862326609119831,0.999999990331063
0.000134295769623147,0.0315812713018983,0.945324753801073,0.0230939748970283,0.0230939748970283,0.00848729640487003,0.999999990326112
0.000138704169958061,0.0311232431330568,0.94610695310208,0.022769803764863,0.022769803764863,0.00835343936819374,0.99999999032123
0.000143257280685323,0.0306712721214448,0.946879118838767,0.0224496090397878,0.0224496090397878,0.00822166308165701,0.999999990316418
0.000147959852076248,0.0302252927286382,0.947641350642888,0.0221333566284737,0.0221333566284737,0.00809193610016443,0.999999990311673
0.000152816790334818,0.0297852397899911,0.948393747847394,0.0218210123626147,0.0218210123626148,0.00796422742737635,0.999999990306996
0.000157833162716338,0.0293510485198461,0.9491364094704,0.0215125420097537,0.0215125420097537,0.00783850651009242,0.999999990302386
0.000163014202814114,0.0289226545165772,0.949869434199526,0.0212079112838965,0.0212079112838965,0.00771474323268062,0.999999990297841
0.000168365316019676,0.0284999937674656,0.950592920376621,0.0209070858559133,0.0209070858559133,0.00759290791155235,0.999999990293361
0.000173892085162232,0.0280830026534106,0.951306965982863,0.0206100313637266,0.0206100313637266,0.00747297128968403,0.999999990288944
0.000179600276333251,0.0276716179534731,0.952011668624239,0.0203167134222875,0.0203167134222875,0.00735490453118562,0.999999990284591
0.000185495844902237,0.0272657768492551,0.952707125517406,0.0200270976333385,0.0200270976333385,0.0072386792159166,0.9999999902803
0.000191584941729985,0.026865416929115,0.953393433475919,0.0197411495949655,0.0197411495949655,0.00712426733414957,0.999999990276071
0.00019787391958578,0.0264704761922186,0.954070688896845,0.0194588349109365,0.0194588349109365,0.00701164128128207,0.999999990271902
0.000204369339775265,0.0260808930524273,0.954738987747742,0.0191801191998306,0.0191801191998306,0.00690077385259662,0.999999990267793
0.000211077978985864,0.025696606342025,0.955398425554019,0.0189049681039555,0.0189049681039556,0.00679163823806944,0.999999990263743
0.000218006836356915,0.0253175553152835,0.956049097386661,0.0186333472980555,0.0186333472980555,0.006684208017228,0.999999990259752
0.000225163140781888,0.0249436796518678,0.956691097850322,0.0183652224978102,0.0183652224978102,0.0065784571540576,0.999999990255818
0.000232554358450312,0.0245749194600825,0.957324521071792,0.0181005594681254,0.0181005594681254,0.00647435999195708,0.999999990251941
0.000240188200637262,0.0242112152799605,0.957949460688823,0.0178393240312166,0.0178393240312166,0.0063718912487439,0.999999990248119
0.000248072631748554,0.023852508086195,0.958566009839319,0.0175814820744864,0.0175814820744865,0.00627102601170859,0.999999990244353
0.00025621587763003,0.0234987392909157,0.959174261150887,0.017326999558197,0.017326999558197,0.00617173973271867,0.999999990240642
0.000264626434149599,0.0231498507463112,0.95977430673075,0.0170758425229391,0.017075842522939,0.00607400822337211,0.999999990236985
0.000273313076060999,0.0228057847470986,0.960366238156003,0.0168279770968983,0.0168279770968983,0.00597780765020028,0.99999999023338
0.000282284866158518,0.0224664840328419,0.960950146464237,0.0165833695029214,0.0165833695029214,0.00588311452992054,0.999999990229828
0.000291551164732229,0.02213189179012,0.961526122144498,0.0163419860653817,0.0163419860653818,0.00578990572473822,0.999999990226328
0.000301121639333601,0.0218019516545468,0.962094255128605,0.0161037932168486,0.0161037932168486,0.00569815843769815,0.999999990222879
0.000311006274861684,0.0214766077126447,0.962654634782796,0.0158687575045592,0.0158687575045592,0.00560785020808552,0.99999999021948
0.000321215383980369,0.0211558045035725,0.963207349899731,0.0156368455966964,0.0156368455966965,0.00551895890687611,0.99999999021613
0.000331759617877626,0.0208394870207104,0.963752488690815,0.0154080242884747,0.0154080242884747,0.00543146273223567,0.99999999021283
0.000342649977377904,0.0205276007131028,0.964290138778863,0.0151822605080344,0.0151822605080344,0.00534534020506837,0.999999990209578
0.000353897824419325,0.0202200914867619,0.964820387191091,0.0149595213221476,0.0149595213221476,0.00526057016461426,0.999999990206374
0.000365514893907615,0.0199169057058327,0.96534332035243,0.0147397739417373,0.0147397739417373,0.00517713176409536,0.999999990203216
0.000377513305959163,0.0196179901936224,0.965859024079166,0.0145229857272119,0.0145229857272119,0.00509500446641056,0.999999990200106
0.000389905578545969,0.0193232922334951,0.966367583572889,0.0143091241936164,0.0143091241936164,0.0050141680398787,0.99999999019704
0.000402704640555667,0.0190327595696342,0.966869083414762,0.0140981570156041,0.0140981570156042,0.00493460255403006,0.99999999019402
0.000415923845280274,0.0187463404076756,0.967363607560095,0.0138900520322298,0.0138900520322298,0.00485628837544577,0.999999990191045
0.000429576984347703,0.0184639834152111,0.967851239333223,0.0136847772515662,0.0136847772515662,0.00477920616364496,0.999999990188113
0.000443678302110607,0.0181856377221674,0.968332061422685,0.0134823008551478,0.0134823008551479,0.00470333686701954,0.999999990185225
0.000458242510507543,0.0179112529210594,0.968806155876697,0.0132825912022432,0.0132825912022432,0.00462866171881619,0.999999990182379
0.000473284804411975,0.0176407790671233,0.969273604098919,0.0130856168339579,0.0130856168339579,0.0045551622331654,0.999999990179576
0.00048882087748512,0.0173741666783287,0.9697344868445,0.0128913464771714,0.0128913464771714,0.0044828202011573,0.999999990176814
0.000504866938549183,0.017111366735274,0.970188884216416,0.0126997490483101,0.0126997490483101,0.00441161768696396,0.999999990174093
0.00052143972849806,0.0168523306809664,0.970636875662075,0.0125107936569585,0.0125107936569585,0.00434153702400785,0.999999990171412
0.000538556537763153,0.0165970104204883,0.9710785399702,0.012324449609312,0.0123244496093121,0.00427256081117624,0.999999990168771
0.000556235224352518,0.0163453583205538,0.971513955267974,0.0121406864114726,0.0121406864114726,0.00420467190908119,0.99999999016617
0.000574494232482167,0.0160973272089563,0.971943199018452,0.0119594737725915,0.0119594737725914,0.0041378534363648,0.999999990163607
0.000593352611818965,0.0158528703739096,0.97236634801823,0.0117807816078601,0.0117807816078602,0.00407208876604951,0.999999990161082
0.000612830037355189,0.0156119415632859,0.972783478395361,0.011604580041353,0.0116045800413529,0.00400736152193291,0.999999990158595
0.0006329468299355,0.0153744949837512,0.973194665607525,0.0114308394087242,0.0114308394087242,0.00394365557502702,0.999999990156145
0.000653723977457721,0.0151404852998025,0.973599984440436,0.011259530259761,0.011259530259761,0.00388095504004145,0.999999990153732
0.00067518315676957,0.0149098676327074,0.973999509006495,0.0110906233607971,0.0110906233607972,0.00381924427191024,0.999999990151355
0.000697346756284161,0.0146825975593493,0.974393312743663,0.0109240896969873,0.0109240896969873,0.00375850786236203,0.999999990149014
0.000720237899337892,0.0144586311109807,0.974781468414572,0.0107599004744476,0.0107599004744475,0.00369873063653309,0.999999990146707
0.000743880468315072,0.0142379247718858,0.975164048105852,0.0105980271222627,0.0105980271222627,0.0036398976496231,0.999999990144436
0.00076829912956448,0.0140204354779566,0.97554112322768,0.0104384412943636,0.0104384412943636,0.00358199418359301,0.999999990142198
0.000793519359133813,0.0138061206151833,0.975912764513538,0.0102811148712784,0.0102811148712784,0.00352500574390489,0.999999990139994
0.00081956746934892,0.0135949380180613,0.976279042020181,0.010126019961758,0.010126019961758,0.00346891805630328,0.999999990137823
0.000846470636265502,0.0133868459679189,0.9766400251278,0.00997312890428118,0.00997312890428123,0.00341371706363768,0.999999990135685
0.000874256928021966,0.0131818031911654,0.976995782540395,0.00982241426843954,0.0098224142684395,0.00335938892272586,0.999999990133579
0.000902955334122976,0.0129797688574647,0.977346382286328,0.00967384885620714,0.00967384885620712,0.00330592000125754,0.999999990131505
0.000932595795684277,0.012780702577834,0.97769189171907,0.0095274057030958,0.00952740570309581,0.00325329687473816,0.999999990129462
0.000963209236670323,0.0125845644026721,0.978032377518128,0.00938305807919978,0.00938305807919979,0.00320150632347233,0.999999990127449
0.000994827596157334,0.0123913148197184,0.97836790569015,0.00924077949013191,0.00924077949013191,0.00315053532958653,0.999999990125468
0.00102748386165541,0.012200914751945,0.978698541570201,0.00910054367785423,0.00910054367785421,0.00310037107409082,0.999999990123516
0.00106121210352446,0.0120133255553843,0.97902434982321,0.00896232462140537,0.00896232462140537,0.00305100093397897,0.999999990121594
0.00109604751051993,0.0118285090168946,0.979345394445578,0.00882609653752768,0.00882609653752773,0.00300241247936692,0.999999990119701
0.00113202642650527,0.0116464273518651,0.979661738766939,0.00869183388119622,0.00869183388119624,0.0029545934706689,0.999999990117837
0.0011691863883696,0.0114670432018637,0.979973445452084,0.00855951134605267,0.00855951134605266,0.00290753185581103,0.999999990116
0.00120756616519004,0.0112903196322282,0.980280576503025,0.0084291038647463,0.00842910386474634,0.0028612157674819,0.999999990114192
0.00124720579867956,0.0111162201296047,0.98058319326121,0.00830058660918481,0.00830058660918482,0.0028156335204199,0.999999990112412
0.00128814664496261,0.0109447085994341,0.980881356409869,0.00817393499069734,0.00817393499069729,0.00277077360873676,0.999999990110658
0.00133043141772207,0.0107757493633891,0.981175125976499,0.00804912466011218,0.00804912466011218,0.00272662470327694,0.999999990108931
0.00137410423276252,0.0106093071567645,0.981464561335484,0.00792613150775178,0.00792613150775177,0.00268317564901268,0.999999990107231
0.00141921065403636,0.0104453471258212,0.981749721210832,0.00780493166334715,0.00780493166334717,0.00264041546247409,0.999999990105556
0.00146579774118084,0.0102838348250884,0.982030663679037,0.00768550149587439,0.00768550149587437,0.00259833332921401,0.999999990103907
0.0015139140986154,0.0101247362146228,0.982307446172062,0.0075678176133155,0.00756781761331551,0.00255691860130732,0.999999990102283
0.00156360992625089,0.00996801765723009,0.982580125480424,0.00745185686234585,0.00745185686234585,0.00251616079488424,0.999999990100684
0.00161493707186316,0.00981364591564788,0.982848757756401,0.00733759632795066,0.00733759632795066,0.00247604958769722,0.999999990099109
0.00166794908518602,0.00966158814969388,0.983113398517333,0.00722501333297264,0.00722501333297264,0.00243657481672124,0.999999990097558
0.0017227012737798,0.00951181191338009,0.983374102649027,0.00711408543759327,0.00711408543759321,0.00239772647578683,0.999999990096031
0.00177925076073385,0.00936428515199535,0.983630924409255,0.00700479043874956,0.00700479043874961,0.00235949471324579,0.999999990094528
