1e-07,0.413956429726929,0.343447064241397,0.242596506031674,0.242596506031674,0.171359923695255,0.999999997063578
1.03282605511167e-07,0.412299215764479,0.345392209729373,0.242308574506147,0.242308574506147,0.169990641258332,0.999999997015461
1.06672966011754e-07,0.410627207630863,0.347360286278038,0.242012506091099,0.242012506091099,0.168614701539764,0.99999999696719
1.10174618672982e-07,0.408940744221361,0.349351041688742,0.241708214089897,0.241708214089897,0.167232530131464,0.999999996918777
1.13791216777448e-07,0.407240171470655,0.351364212118767,0.241395616410578,0.241395616410578,0.165844555060076,0.999999996870239
1.17526533530609e-07,0.405525841855742,0.353399522454827,0.241074635689431,0.241074635689431,0.16445120616631,0.999999996821589
1.21384465997369e-07,0.40379811389546,0.355456686700382,0.240745199404159,0.240745199404159,0.163052914491301,0.999999996772842
1.25369039167899e-07,0.402057351648218,0.35753540837538,0.240407239976402,0.240407239976402,0.161650111671815,0.999999996724012
1.29484410156922e-07,0.400303924209499,0.359635380927032,0.240060694863468,0.240060694863468,0.160243229346031,0.999999996675113
1.33734872540836e-07,0.398538205210644,0.361756288150217,0.239705506639138,0.239705506639138,0.158832698571506,0.99999999662616
1.38124860837214e-07,0.396760572320353,0.363897804616144,0.239341623063503,0.239341623063503,0.157418949256851,0.999999996577166
1.42658955131348e-07,0.394971406750312,0.366059596107885,0.238968997141804,0.238968997141804,0.156002409608508,0.999999996528144
1.47341885854664e-07,0.393171092766245,0.368241320061439,0.238587587172316,0.238587587172316,0.154583505593929,0.999999996479109
1.52178538719987e-07,0.391360017205641,0.370442626011012,0.238197356783347,0.238197356783347,0.153162660422294,0.999999996430074
1.57173959818823e-07,0.389538569003321,0.372663156037215,0.237798274959464,0.237798274959464,0.151740294043858,0.999999996381051
1.62333360885955e-07,0.387707138725935,0.374902545216937,0.237390316057128,0.237390316057128,0.150316822668807,0.999999996332054
1.67662124736861e-07,0.385866118116385,0.377160422073698,0.236973459809916,0.236973459809916,0.148892658306469,0.999999996283094
1.73165810883613e-07,0.384015899649108,0.379436409027324,0.236547691323568,0.236547691323568,0.147468208325539,0.999999996234185
1.78850161335136e-07,0.382156876097041,0.381730122841824,0.236113001061134,0.236113001061134,0.146043875035907,0.999999996185338
1.84721106587855e-07,0.380289440111041,0.384041175070451,0.235669384818508,0.235669384818508,0.144620055292533,0.999999996136566
1.90784771812997e-07,0.378413983812404,0.38636917249692,0.235216843690676,0.235216843690676,0.143197140121728,0.999999996087878
1.97047483246998e-07,0.376530898399093,0.388713717571876,0.234755384029032,0.234755384029032,0.141775514370061,0.999999996039287
2.03515774791681e-07,0.37464057376617,0.391074408843718,0.234285017390113,0.234285017390113,0.140355556376057,0.999999995990804
2.10196394831087e-07,0.372743398140856,0.39345084138298,0.233805760476165,0.233805760476165,0.138937637664691,0.999999995942439
2.17096313272088e-07,0.370839757732575,0.395842607199505,0.23331763506792,0.23331763506792,0.137522122664656,0.999999995894202
2.24222728816098e-07,0.36893003639826,0.398249295651728,0.232820667950011,0.232820667950011,0.136109368448249,0.999999995846104
2.31583076469505e-07,0.367014615323111,0.400670493847437,0.232314890829452,0.232314890829452,0.134699724493659,0.999999995798153
2.39185035300624e-07,0.365093872716961,0.403105787035438,0.231800340247601,0.231800340247601,0.133293532469359,0.99999999575036
2.47036536451289e-07,0.363168183526312,0.405554758987623,0.231277057486065,0.231277057486065,0.131891126040247,0.999999995702733
2.55145771411436e-07,0.361237919162057,0.408016992370981,0.230745088466962,0.230745088466962,0.130492830695095,0.999999995655281
2.63521200565298e-07,0.359303447242839,0.410492069109157,0.230204483648003,0.230204483648003,0.129098963594836,0.999999995608013
2.72171562018149e-07,0.35736513135396,0.412979570733228,0.229655297912812,0.229655297912812,0.127709833441147,0.999999995560936
2.81105880712787e-07,0.355423330821677,0.415479078721391,0.229097590456932,0.229097590456932,0.126325740364746,0.999999995514058
2.9033347784528e-07,0.353478400502718,0.417990174827349,0.228531424669933,0.228531424669933,0.124946975832785,0.999999995467387
2.99863980589793e-07,0.351530690588759,0.420512441397181,0.227956868014061,0.227956868014061,0.123573822574698,0.99999999542093
3.09707332142639e-07,0.349580546425612,0.423045461674576,0.227373991899812,0.227373991899812,0.1222065545258,0.999999995374694
3.19873802096042e-07,0.347628308346813,0.425588820094322,0.226782871558865,0.226782871558865,0.120845436787948,0.999999995328685
3.30373997152427e-07,0.345674311521278,0.428142102563983,0.226183585914739,0.226183585914739,0.119490725606539,0.999999995282909
3.41218872190416e-07,0.343718885814665,0.430704896733771,0.225576217451564,0.225576217451564,0.118142668363101,0.999999995237373
3.52419741694082e-07,0.341762355664065,0.433276792254602,0.224960852081333,0.224960852081333,0.116801503582732,0.999999995192081
3.63988291557374e-07,0.339805039965618,0.435857381024403,0.224337579009979,0.224337579009979,0.115467460955639,0.999999995147041
3.7593659127604e-07,0.337847251974637,0.438446257422744,0.223706490602619,0.223706490602619,0.114140761372019,0.999999995102255
3.88277106539761e-07,0.335889299217802,0.441043018533916,0.223067682248282,0.223067682248282,0.112821616969519,0.999999995057731
4.01022712237636e-07,0.33393148341699,0.443647264358572,0.222421252224439,0.222421252224439,0.111510231192551,0.99999999501347
4.14186705890581e-07,0.331974100424292,0.446258598014108,0.2217673015616,0.2217673015616,0.110206798862692,0.999999994969479
4.27782821524667e-07,0.330017440167751,0.44887662592396,0.22110593390829,0.22110593390829,0.108911506259461,0.999999994925762
4.41825243999864e-07,0.328061786607371,0.451500957996005,0.220437255396625,0.220437255396625,0.107624531210746,0.999999994882321
4.56328623809131e-07,0.326107417700935,0.454131207790306,0.219761374508759,0.219761374508759,0.106346043192175,0.99999999483916
4.71308092363324e-07,0.32415460537917,0.456766992676414,0.219078401944416,0.219078401944416,0.105076203434753,0.999999994796283
4.86779277777819e-07,0.322203615529806,0.459407933980478,0.218388450489716,0.218388450489717,0.103815165040089,0.999999994753693
5.02758321177375e-07,0.320254707990074,0.462053657122419,0.217691634887507,0.217691634887507,0.102563073102567,0.999999994711393
5.19261893536195e-07,0.318308136547199,0.464703791743438,0.216988071709363,0.216988071709363,0.101320064837836,0.999999994669384
5.36307213070806e-07,0.316364148946439,0.467357971824125,0.216277879229436,0.216277879229436,0.100086269717003,0.999999994627671
5.53912063203856e-07,0.314422986906254,0.47001583579345,0.215561177300297,0.215561177300297,0.0988618096059571,0.999999994586253
5.72094811117606e-07,0.312484886140165,0.472677026628923,0.214838087230912,0.214838087230912,0.097646798909253,0.999999994545135
5.90874426916454e-07,0.310550076384904,0.475341191948213,0.214108731666883,0.214108731666883,0.0964413447180205,0.999999994504317
6.10270503418493e-07,0.308618781434441,0.478007984092502,0.213373234473057,0.213373234473057,0.0952455469613846,0.9999999944638
6.30303276596736e-07,0.306691219179509,0.480677060201889,0.212631720618602,0.212631720618602,0.0940594985609067,0.999999994423588
6.50993646691368e-07,0.30476760165223,0.483348082283117,0.211884316064653,0.211884316064653,0.092883285587577,0.99999999438368
6.72363200015008e-07,0.302848135075502,0.486020717269915,0.211131147654584,0.211131147654584,0.0917169874209179,0.999999994344077
6.94434231473761e-07,0.300933019916761,0.488694637076253,0.210372343006985,0.210372343006985,0.0905606769097761,0.999999994304781
7.17229767827552e-07,0.299022450945808,0.491369518642793,0.2096080304114,0.209608030411399,0.0894144205344084,0.999999994265792
7.40773591713991e-07,0.29711661729634,0.494045043976806,0.208838338726854,0.208838338726854,0.0882782785694855,0.999999994227111
7.65090266460866e-07,0.2952157025309,0.496720900185862,0.208063397283237,0.208063397283237,0.087152305247663,0.999999994188738
7.90205161713115e-07,0.293319884708927,0.499396779505535,0.207283335785538,0.207283335785538,0.0860365489233896,0.999999994150674
8.16144479901037e-07,0.291429336457614,0.502072379321416,0.20649828422097,0.20649828422097,0.0849310522366431,0.999999994112918
8.42935283577358e-07,0.289544225045306,0.504747402185694,0.205708372769,0.205708372769,0.0838358522763065,0.999999994075471
8.70605523651641e-07,0.287664712457182,0.507421555828553,0.204913731714265,0.204913731714265,0.0827509807429168,0.999999994038333
8.99184068551557e-07,0.285790955472941,0.510094553164654,0.204114491362406,0.204114491362406,0.0816764641105353,0.999999994001503
9.28700734341368e-07,0.28392310574629,0.512766112294933,0.203310781958778,0.203310781958778,0.0806123237875123,0.999999993964981
9.59186315829108e-07,0.282061309885983,0.515435956503966,0.202502733610051,0.202502733610051,0.0795585762759321,0.999999993928766
9.90672618694879e-07,0.280205709538205,0.518103814253132,0.201690476208663,0.201690476208663,0.0785152333295422,0.999999993892858
1.02319249267378e-06,0.278356441470101,0.52076941916979,0.200874139360109,0.200874139360109,0.0774823021099922,0.999999993857256
1.05677986582814e-06,0.276513637654252,0.52343251003271,0.200053852313038,0.200053852313038,0.0764597853412137,0.999999993821961
1.09146977994472e-06,0.274677425353924,0.52609283075395,0.199229743892125,0.199229743892125,0.0754476814617991,0.999999993786969
1.12729842709391e-06,0.272847927208923,0.528750130357396,0.198401942433681,0.198401942433681,0.0744459847752421,0.999999993752281
1.164303187389e-06,0.27102526132188,0.531404162954161,0.197570575723958,0.197570575723958,0.0734546855979218,0.999999993717896
1.20252266798493e-06,0.269209541344843,0.534054687715037,0.19673577094012,0.19673577094012,0.0724737704047222,0.999999993683813
1.24199674335724e-06,0.26740087656601,0.536701468840174,0.195897654593816,0.195897654593816,0.0715032219721942,0.99999999365003
1.2827665969032e-06,0.265599371996496,0.539344275526182,0.195056352477321,0.195056352477321,0.0705430195191748,0.999999993616546
1.32487476390855e-06,0.263805128456992,0.541982881930808,0.1942119896122,0.1942119896122,0.0695931388447923,0.99999999358336
1.36836517592468e-06,0.262018242664216,0.544617067135365,0.193364690200419,0.193364690200419,0.0686535524637963,0.99999999355047
1.41328320660248e-06,0.260238807317046,0.547246615105066,0.192514577577888,0.192514577577888,0.0677242297391578,0.999999993517876
1.45967571903081e-06,0.258466911182242,0.549871314647414,0.191661774170344,0.191661774170344,0.0668051370118983,0.999999993485575
1.50759111462889e-06,0.256702639179659,0.552490959368793,0.190806401451548,0.190806401451548,0.0658962377281111,0.999999993453566
1.55707938364357e-06,0.254946072466875,0.555105347629399,0.189948579903725,0.189948579903725,0.0649974925631499,0.999999993421847
1.6081921573043e-06,0.253197288523158,0.557714282496646,0.189088428980196,0.189088428980196,0.0641088595429625,0.999999993390417
1.66098276169013e-06,0.251456361232698,0.560317571697164,0.188226067070139,0.188226067070139,0.0632302941625588,0.999999993359274
1.71550627336491e-06,0.24972336096704,0.562915027567527,0.187361611465434,0.187361611465434,0.0623617495016061,0.999999993328417
1.77181957683881e-06,0.247998354666671,0.565506467003808,0.186495178329521,0.186495178329521,0.0615031763371502,0.999999993297843
1.82998142391606e-06,0.246281405921692,0.568091711410085,0.185626882668223,0.185626882668223,0.0606545232534687,0.999999993267551
1.89005249499087e-06,0.244572575051538,0.57067058664599,0.184756838302472,0.184756838302472,0.059815736749065,0.999999993237539
1.95209546235539e-06,0.242871919183701,0.573242922973416,0.183885157842882,0.183885157842882,0.0589867613408192,0.999999993207805
2.01617505558591e-06,0.241179492331425,0.575808555002462,0.183011952666113,0.183011952666113,0.0581675396653118,0.999999993178347
2.08235812907536e-06,0.239495345470317,0.578367321636713,0.18213733289297,0.18213733289297,0.0573580125773465,0.999999993149163
2.15071373178262e-06,0.237819526613876,0.580919066017943,0.181261407368181,0.181261407368181,0.056558119245695,0.999999993120252
2.22131317927155e-06,0.236152080887892,0.58346363547031,0.180384283641798,0.180384283641798,0.0557677972460946,0.999999993091611
2.2942301281146e-06,0.234493050603695,0.58600088144414,0.179506067952164,0.179506067952164,0.054986982651531,0.999999993063239
2.36954065273895e-06,0.232842475330245,0.58853065945935,0.178626865210405,0.178626865210405,0.05421561011984,0.999999993035132
2.44732332479511e-06,0.231200391965037,0.591052829048591,0.177746778986371,0.177746778986371,0.053453612978666,0.999999993007291
2.52765929513092e-06,0.229566834803817,0.593567253700182,0.176865911496001,0.176865911496001,0.0527009233078163,0.999999992979711
2.61063237845642e-06,0.227941835609089,0.596073800800875,0.175984363590036,0.175984363590037,0.0519574720190521,0.999999992952392
2.69632914078795e-06,0.226325423677412,0.598572341578534,0.175102234744054,0.175102234744054,0.0512231889333579,0.999999992925331
2.78483898976267e-06,0.224717625905486,0.601062751044763,0.174219623049751,0.174219623049751,0.0504980028557355,0.999999992898526
2.87625426791775e-06,0.223118466855011,0.603544907937543,0.173336625207446,0.173336625207446,0.049781841647565,0.999999992871975
2.9706703490316e-06,0.221527968816327,0.606018694663926,0.172453336519747,0.172453336519747,0.0490746322965804,0.999999992845677
3.06818573762752e-06,0.219946151870838,0.60848399724283,0.171569850886331,0.171569850886331,0.0483763009845071,0.999999992819628
3.16890217174373e-06,0.218373033952217,0.610940705247973,0.17068626079981,0.17068626079981,0.0476867731524074,0.999999992793827
3.27292472907689e-06,0.216808630906394,0.613388711750996,0.16980265734261,0.16980265734261,0.047005973563784,0.999999992768271
3.38036193660993e-06,0.215252956550344,0.615827913264801,0.168919130184855,0.168919130184855,0.0463338263654885,0.99999999274296
3.49132588383849e-06,0.213706022729668,0.618258209687148,0.168035767583184,0.168035767583184,0.0456702551464847,0.99999999271789
3.60593233971418e-06,0.21216783937499,0.620679504244534,0.167152656380475,0.167152656380475,0.0450151829945147,0.999999992693059
3.7243008734266e-06,0.210638414557161,0.623091703436396,0.166269882006443,0.166269882006443,0.0443685325507179,0.999999992668465
3.84655497915016e-06,0.209117754541299,0.625494716979653,0.165387528479048,0.165387528479048,0.0437302260622513,0.999999992644107
3.97282220488582e-06,0.207605863839668,0.627888457753623,0.164505678406709,0.164505678406709,0.0431001854329593,0.999999992619982
4.10323428553227e-06,0.206102745263403,0.630272841745337,0.16362441299126,0.16362441299126,0.0424783322721427,0.999999992596088
4.23792728032526e-06,0.204608399973103,0.632647787995267,0.162743812031629,0.16274381203163,0.041864587941474,0.999999992572423
4.37704171478848e-06,0.203122827528305,0.635013218543498,0.161863953928197,0.161863953928197,0.0412588736001084,0.999999992548985
4.52072272734421e-06,0.201646025935842,0.637369058376351,0.160984915687807,0.160984915687807,0.0406611102480355,0.999999992525772
4.66912022073661e-06,0.200177991697116,0.639715235373489,0.160106772929395,0.160106772929395,0.0400712187677216,0.999999992502782
4.82238901842554e-06,0.198718719854291,0.642051680255505,0.159229599890204,0.159229599890204,0.0394891199640866,0.999999992480012
4.9806890261143e-06,0.197268204035419,0.644378326532025,0.158353469432556,0.158353469432556,0.0389147346028625,0.999999992457461
5.14418539857963e-06,0.195826436498528,0.646695110450323,0.157478453051149,0.157478453051149,0.0383479834473788,0.999999992435126
5.31304871197807e-06,0.194393408174673,0.649001970944471,0.156604620880855,0.156604620880855,0.0377887872938182,0.999999992413007
5.48745514180847e-06,0.192969108709981,0.651298849585027,0.155732041704992,0.155732041704993,0.0372370670049883,0.999999992391099
5.6675866467163e-06,0.191553526506688,0.653585690529275,0.154860782964038,0.154860782964037,0.0366927435426502,0.999999992369403
5.85363115833159e-06,0.19014664876321,0.655862440472029,0.153990910764761,0.153990910764761,0.036155737998449,0.999999992347914
6.04578277733839e-06,0.188748461513242,0.658129048597,0.153122489889757,0.153122489889757,0.0356259716234847,0.999999992326633
6.2442419759805e-06,0.187358949663915,0.660385466528738,0.152255583807347,0.152255583807347,0.0351033658565679,0.999999992305556
6.44921580721465e-06,0.185978097033023,0.662631648285151,0.151390254681826,0.151390254681826,0.0345878423511967,0.999999992284682
6.66091812072936e-06,0.18460588638534,0.664867550230617,0.150526563384043,0.150526563384043,0.0340793230012974,0.999999992264008
6.87956978605476e-06,0.183242299468045,0.667093131029676,0.149664569502279,0.149664569502279,0.0335777299657654,0.999999992243533
7.10539892299639e-06,0.181887317045263,0.669308351601317,0.14880433135342,0.14880433135342,0.0330829856918438,0.999999992223255
7.33864113963309e-06,0.180540918931759,0.671513175073861,0.14794590599438,0.14794590599438,0.0325950129373786,0.999999992203172
7.57953977812749e-06,0.179203084025772,0.67370756674044,0.147089349233788,0.147089349233788,0.0321137347919836,0.999999992183282
7.82834616860541e-06,0.177873790341041,0.675891494015071,0.146234715643888,0.146234715643888,0.0316390746971531,0.999999992163582
8.0853198913693e-06,0.176553015038009,0.678064926389336,0.145382058572655,0.145382058572655,0.0311709564653542,0.999999992144073
8.35072904771889e-06,0.175240734454242,0.68022783538965,0.144531430156108,0.144531430156108,0.0307093042981341,0.99999999212475
8.62485053966196e-06,0.173936924134068,0.682380194535139,0.143682881330793,0.143682881330793,0.0302540428032742,0.999999992105613
8.90797035880684e-06,0.172641558857457,0.684521979296108,0.142836461846435,0.142836461846435,0.0298050970110226,0.99999999208666
9.20038388473819e-06,0.171354612668165,0.686653167053108,0.141992220278727,0.141992220278727,0.029362392389438,0.999999992067888
9.50239619318715e-06,0.170076058901137,0.688773737056598,0.141150204042265,0.141150204042265,0.0289258548588725,0.999999992049297
9.81432237431766e-06,0.168805870209211,0.690883670387202,0.140310459403586,0.140310459403586,0.028495410805625,0.999999992030884
1.01364878614607e-05,0.167544018589121,0.692982949916551,0.139473031494328,0.139473031494328,0.0280709870947935,0.999999992012647
1.04692287706399e-05,0.166290475406819,0.695071560268717,0.138637964324465,0.138637964324465,0.0276525110823539,0.999999991994585
1.08128922512416e-05,0.165045211422132,0.697149487782229,0.137805300795639,0.137805300795639,0.0272399106264924,0.999999991976696
1.11678368481974e-05,0.163808196812772,0.699216720472675,0.136975082714553,0.136975082714553,0.0268331140982191,0.999999991958979
1.15344328760545e-05,0.162579401197707,0.701273247995873,0.13614735080642,0.13614735080642,0.0264320503912871,0.999999991941431
1.19130628053258e-05,0.16135879365991,0.703319061611623,0.135322144728467,0.135322144728467,0.0260366489314432,0.99999999192405
1.23041216615222e-05,0.160146342768506,0.705354154148023,0.134499503083471,0.134499503083471,0.0256468396850347,0.999999991906836
1.27080174372841e-05,0.158942016600318,0.707378519966358,0.133679463433324,0.133679463433323,0.0252625531669948,0.999999991889786
1.31251715180404e-05,0.157745782760847,0.709392154926537,0.132862062312616,0.132862062312616,0.0248837204482304,0.9999999918729
1.35560191216418e-05,0.156557608404669,0.711395056353097,0.132047335242234,0.132047335242234,0.0245102731624353,0.999999991856174
1.40010097524237e-05,0.155377460255298,0.713387223001753,0.131235316742949,0.131235316742949,0.0241421435123486,0.999999991839608
1.44606076701759e-05,0.154205304624495,0.715368655026491,0.130426040349014,0.130426040349014,0.023779264275481,0.9999999918232
1.49352923745053e-05,0.153041107431059,0.717339353947211,0.12961953862173,0.12961953862173,0.0234215688093286,0.999999991806948
1.54255591050998e-05,0.151884834219102,0.719299322617891,0.128815843163007,0.128815843163007,0.0230689910560945,0.999999991790851
1.59319193584122e-05,0.150736450175821,0.721248565195293,0.128014984628885,0.128014984628885,0.0227214655469363,0.999999991774908
1.64549014213061e-05,0.149595920148785,0.72318708710819,0.127216992743025,0.127216992743025,0.0223789274057597,0.999999991759116
1.6995050922219e-05,0.148463208662734,0.725114895027106,0.12642189631016,0.12642189631016,0.0220413123525746,0.999999991743474
1.75529314004175e-05,0.147338279935929,0.727031996834575,0.125629723229496,0.125629723229496,0.0217085567064327,0.99999999172798
1.8129124893939e-05,0.146221097896028,0.728938401595906,0.124840500508066,0.124840500508066,0.0213805973879619,0.999999991712634
1.87242325468339e-05,0.145111626195535,0.730834119530446,0.124054254274019,0.124054254274019,0.0210573719215154,0.999999991697434
1.933887523634e-05,0.144009828226803,0.732719161983344,0.123271009789853,0.123271009789853,0.0207388184369504,0.999999991682377
1.99736942206459e-05,0.142915667136628,0.734593541397797,0.122490791465575,0.122490791465575,0.0204248756710524,0.999999991667463
2.06293518079165e-05,0.141829105840415,0.736457271287789,0.121713622871796,0.121713622871796,0.0201154829686187,0.999999991652691
2.13065320472813e-05,0.140750107035962,0.738310366211294,0.120939526752744,0.120939526752744,0.019810580283218,0.999999991638058
2.20059414425039e-05,0.139678633216835,0.740152841743966,0.120168525039198,0.120168525039198,0.0195101081776369,0.999999991623563
2.27283096890798e-05,0.138614646685373,0.741984714453283,0.119400638861344,0.119400638861344,0.0192140078240293,0.999999991609206
2.34743904355287e-05,0.137558109565313,0.743806001873155,0.118635888561532,0.118635888561532,0.0189222210037804,0.999999991594984
2.42449620696783e-05,0.136508983814058,0.745616722478982,0.11787429370696,0.11787429370696,0.0186346901070982,0.999999991580896
2.50408285307579e-05,0.135467231234589,0.747416895663166,0.117115873102244,0.117115873102244,0.0183513581323453,0.999999991566942
2.58628201481505e-05,0.134432813487032,0.749206541711057,0.116360644801911,0.116360644801911,0.0180721686851212,0.999999991553118
2.67117945076771e-05,0.133405692099885,0.750985681777337,0.115608626122777,0.115608626122777,0.0177970659771084,0.999999991539425
2.75886373463177e-05,0.132385828480929,0.752754337862835,0.114859833656237,0.114859833656237,0.0175259948246918,0.99999999152586
2.8494263476304e-05,0.131373183927802,0.75451253279176,0.114114283280439,0.114114283280439,0.017258900647363,0.999999991512424
2.94296177395436e-05,0.13036771963828,0.756260290189359,0.113371990172361,0.113371990172361,0.0169957294659192,0.999999991499113
3.03956759933773e-05,0.129369396720243,0.757997634459981,0.112632968819777,0.112632968819776,0.0167364279004663,0.999999991485927
3.13934461286925e-05,0.128378176201347,0.759724590765543,0.11189723303311,0.11189723303311,0.016480943168237,0.999999991472865
3.24239691214583e-05,0.127394019038413,0.761441185004406,0.111164795957181,0.111164795957181,0.0162292230812318,0.999999991459926
3.34883201187784e-05,0.126416886126529,0.763147443790634,0.110435670082837,0.110435670082837,0.0159812160436924,0.999999991447107
3.45876095605948e-05,0.125446738307883,0.764843394433649,0.109709867258467,0.109709867258467,0.0157368710494161,0.999999991434409
3.57229843382119e-05,0.124483536380329,0.766529064918262,0.10898739870141,0.10898739870141,0.0154961376789194,0.99999999142183
3.68956289908515e-05,0.123527241105689,0.768204483885081,0.10826827500923,0.10826827500923,0.0152589660964589,0.999999991409368
3.8106766941485e-05,0.12257781321781,0.769869680611297,0.107552506170893,0.107552506170893,0.0150253070469168,0.999999991397022
3.93576617732339e-05,0.121635213430366,0.771524684991827,0.106840101577807,0.106840101577807,0.0147951118525591,0.999999991384791
4.06496185476687e-05,0.120699402444428,0.773169527520816,0.106131070034755,0.106131070034755,0.014568332409673,0.999999991372675
4.19839851663829e-05,0.119770340955795,0.774804239273502,0.105425419770704,0.105425419770704,0.014344921185091,0.999999991360671
4.33621537772622e-05,0.118847989662095,0.776428851888418,0.104723158449487,0.104723158449487,0.0141248312126076,0.99999999134878
4.47855622269155e-05,0.117932309269675,0.778043397549947,0.104024293180378,0.104024293180378,0.0139080160892961,0.999999991336998
4.62556955607834e-05,0.117023260500261,0.779647908971208,0.103328830528531,0.103328830528531,0.0136944299717304,0.999999991325327
4.77740875724904e-05,0.11612080409742,0.781242419377278,0.102636776525302,0.102636776525301,0.0134840275721186,0.999999991313763
4.93423224040549e-05,0.115224900832808,0.782826962488739,0.101948136678454,0.101948136678454,0.0132767641543539,0.999999991302307
5.09620361986283e-05,0.114335511512222,0.784401572505545,0.101262915982233,0.101262915982233,0.0130725955299883,0.999999991290957
5.26349188074876e-05,0.113452596981459,0.785966284091216,0.100581118927325,0.100581118927325,0.0128714780541342,0.999999991279713
5.43627155530606e-05,0.112576118131986,0.787521132357327,0.0999027495106868,0.0999027495106867,0.0126733686212993,0.999999991268572
5.61472290498255e-05,0.111706035906419,0.789066152848321,0.0992278112452597,0.0992278112452597,0.0124782246611594,0.999999991257534
5.79903210849829e-05,0.110842311303833,0.790601381526609,0.0985563071695583,0.0985563071695583,0.0122860041342743,0.999999991246599
5.98939145608622e-05,0.109984905384887,0.792126854757977,0.0978882398571366,0.0978882398571366,0.0120966655277503,0.999999991235764
6.18599955010908e-05,0.109133779276789,0.793642609297277,0.0972236114259339,0.0972236114259338,0.0119101678508549,0.99999999122503
6.38906151226174e-05,0.108288894178086,0.795148682274416,0.0965624235474982,0.0965624235474982,0.0117264706305875,0.999999991214394
6.59878919757511e-05,0.107450211363298,0.796645111180613,0.0959046774560892,0.0959046774560892,0.0115455339072088,0.999999991203857
6.81540141544502e-05,0.106617692187395,0.798131933854944,0.0952503739576604,0.0952503739576605,0.011367318229735,0.999999991193416
7.03912415791659e-05,0.10579129809012,0.799609188471159,0.0945995134387209,0.0945995134387209,0.0111917846513992,0.999999991183072
7.27019083546226e-05,0.10497099060016,0.801076913524762,0.0939520958750777,0.0939520958750777,0.0110188947250826,0.999999991172822
7.50884252049954e-05,0.10415673133918,0.802535147820361,0.0933081208404586,0.0933081208404586,0.0108486104987217,0.999999991162667
7.75532819890234e-05,0.103348482025708,0.803983930459275,0.092667587515017,0.092667587515017,0.0106808945106913,0.999999991152605
8.00990502976862e-05,0.102546204478889,0.805423300827393,0.0920304946937186,0.0920304946937186,0.0105157097851699,0.999999991142635
8.27283861371507e-05,0.101749860622098,0.806853298583292,0.0913968407946104,0.0913968407946104,0.0103530198274872,0.999999991132756
8.54440326997885e-05,0.100959412486433,0.808273963646594,0.0907666238669738,0.0907666238669738,0.0101927886194589,0.999999991122968
8.82488232261553e-05,0.100174822214073,0.809685336186566,0.0901398415993616,0.0901398415993616,0.0100349806147112,0.99999999111327
9.11456839609173e-05,0.0993960520615163,0.811087456610964,0.0895164913275199,0.0895164913275199,0.00987956073399638,0.99999999110366
9.41376372058094e-05,0.0986230644026987,0.812480365555106,0.0888965700421957,0.0888965700421957,0.00972649436050297,0.999999991094138
9.722780447281e-05,0.0978558217319946,0.813864103871174,0.0882800743968312,0.0882800743968313,0.00957574733516335,0.999999991084702
0.000100419409740822,0.0970942866671052,0.815238712617749,0.0876670007151454,0.0876670007151454,0.00942728595195979,0.999999991075354
0.000103715782819255,0.0963384219518358,0.816604233049561,0.0870573449986036,0.0870573449986036,0.00928107695323222,0.999999991066089
0.00010712036282203,0.0955881904587658,0.817960706607458,0.0864511029337766,0.0864511029337765,0.00913708752498924,0.99999999105691
0.000110636701755609,0.0948435551918141,0.819308174908596,0.0858482698995895,0.0858482698995895,0.00899528529222462,0.999999991047814
0.000114268468224812,0.0941044792887027,0.820646679736836,0.0852488409744616,0.0852488409744615,0.00885563831424113,0.999999991038801
0.000118019451260286,0.0933709260233214,0.821976263033341,0.0846528109433379,0.0846528109433379,0.00871811507998355,0.999999991029869
0.000121893564271606,0.0926428588079962,0.82329696688739,0.0840601743046137,0.0840601743046138,0.00858268450338251,0.999999991021019
0.000125894849130144,0.0919202411956642,0.824608833527383,0.0834709252769532,0.0834709252769533,0.00844931591871094,0.999999991012248
0.000130027480385966,0.0912030368819565,0.825911905312042,0.0828850578060019,0.0828850578060019,0.0083179790759546,0.999999991003558
0.000134295769623147,0.0904912097071941,0.82720622472181,0.0823025655709959,0.0823025655709959,0.00818864413619822,0.999999990994946
0.000138704169958061,0.0897847236582958,0.828491834350437,0.081723441991267,0.0817234419912671,0.00806128166702872,0.999999990986412
0.000143257280685323,0.0890835428706033,0.82976877689675,0.0811476802326466,0.0811476802326466,0.00793586263795672,0.999999990977955
0.000147959852076248,0.0883876316296247,0.831037095156608,0.0805752732137669,0.080575273213767,0.00781235841585783,0.999999990969575
0.000152816790334818,0.0876969543726982,0.832296832015038,0.0800062136122634,0.0800062136122634,0.00769074076043477,0.99999999096127
0.000157833162716338,0.0870114756905788,0.833548030438544,0.0794404938708774,0.0794404938708774,0.00757098181970149,0.99999999095304
0.000163014202814114,0.0863311603289505,0.834790733467589,0.0788781062034601,0.07887810620346,0.00745305412549044,0.999999990944884
0.000168365316019676,0.0856559731898646,0.836024984209255,0.0783190426008806,0.0783190426008806,0.007336930588984,0.999999990936802
0.000173892085162232,0.0849858793331082,0.837250825830055,0.0777632948368372,0.0777632948368372,0.00722258449627104,0.999999990928793
0.000179600276333251,0.0843208439775028,0.838468301548924,0.0772108544735733,0.0772108544735734,0.00710998950392946,0.999999990920856
0.000185495844902237,0.0836608325021363,0.839677454630363,0.0766617128675006,0.0766617128675006,0.00699911963463569,0.99999999091299
0.000191584941729985,0.0830058104475298,0.840878328377742,0.0761158611747279,0.0761158611747279,0.00688994927280193,0.999999990905194
0.00019787391958578,0.0823557435167413,0.842070966126759,0.0755732903564995,0.0755732903564995,0.00678245316024178,0.999999990897469
0.000204369339775265,0.0817105975764069,0.843255411239051,0.0750339911845418,0.0750339911845417,0.00667660639186514,0.999999990889813
0.000211077978985864,0.0810703386577236,0.844431707095956,0.0744979542463206,0.0744979542463206,0.00657238441140296,0.999999990882226
0.000218006836356915,0.0804349329573723,0.845599897092418,0.0739651699502099,0.0739651699502099,0.00646976300716246,0.999999990874706
0.000225163140781888,0.0798043468383861,0.846760024631041,0.0734356285305725,0.0734356285305726,0.00636871830781352,0.999999990867254
0.000232554358450312,0.0791785468309616,0.847912133116283,0.0729093200527551,0.0729093200527551,0.00626922677820655,0.999999990859868
0.000240188200637262,0.0785574996332191,0.849056265948784,0.0723862344179965,0.0723862344179965,0.00617126521522261,0.999999990852549
0.000248072631748554,0.0779411721119086,0.850192466519839,0.0718663613682525,0.0718663613682526,0.00607481074365609,0.999999990845295
0.00025621587763003,0.0773295313030678,0.851320778205995,0.0713496904909374,0.0713496904909374,0.00597984081213042,0.999999990838106
0.000264626434149599,0.0767225444126291,0.852441244363789,0.0708362112235819,0.0708362112235819,0.00588633318904721,0.99999999083098
0.000273313076060999,0.0761201788169804,0.853553908324608,0.0703259128584112,0.0703259128584112,0.00579426595856919,0.999999990823918
0.000282284866158518,0.0755224020634792,0.854658813389679,0.0698187845468419,0.069818784546842,0.00570361751663725,0.99999999081692
0.000291551164732229,0.0749291818709221,0.855756002825178,0.0693148153039001,0.0693148153039002,0.005614366567022,0.999999990809983
0.000301121639333601,0.0743404861299707,0.856845519857468,0.0688139940125609,0.0688139940125609,0.00552649211740988,0.999999990803108
0.000311006274861684,0.0737562829035351,0.857927407668454,0.0683163094280107,0.0683163094280107,0.00543997347552436,0.999999990796294
0.000321215383980369,0.0731765404271163,0.85900170939105,0.0678217501818341,0.0678217501818341,0.00535479024528223,0.999999990789541
0.000331759617877626,0.0726012271091097,0.860068468104766,0.0673303047861245,0.0673303047861245,0.00527092232298529,0.999999990782848
0.000342649977377904,0.0720303115310684,0.861127726831411,0.0668419616375209,0.066841961637521,0.00518834989354749,0.999999990776214
0.000353897824419325,0.0714637624479303,0.862179528530897,0.0663567090211724,0.0663567090211724,0.00510705342675784,0.999999990769639
0.000365514893907615,0.070901548788208,0.863223916097163,0.0658745351146289,0.065874535114629,0.00502701367357904,0.999999990763122
0.000377513305959163,0.0703436396541439,0.864260932354194,0.0653954279916619,0.065395427991662,0.00494821166248199,0.999999990756663
0.000389905578545969,0.069790004321831,0.865290620052154,0.0649193756260146,0.0649193756260146,0.00487062869581632,0.999999990750261
0.000402704640555667,0.0692406122412995,0.866313021863618,0.0644463658950826,0.0644463658950827,0.00479424634621691,0.999999990743915
0.000415923845280274,0.0686954330365731,0.8673281803799,0.0639763865835267,0.0639763865835267,0.00471904645304645,0.999999990737626
0.000429576984347703,0.0681544365056917,0.868336138107491,0.0635094253868176,0.0635094253868176,0.00464501111887413,0.999999990731392
0.000443678302110607,0.0676175926207058,0.869336937464579,0.0630454699147154,0.0630454699147154,0.0045721227059904,0.999999990725213
0.000458242510507543,0.0670848715276402,0.870330620777677,0.0625845076946824,0.0625845076946824,0.00450036383295775,0.999999990719089
0.000473284804411975,0.0665562435464298,0.871317230278338,0.0621265261752322,0.0621265261752322,0.00442971737119762,0.999999990713018
0.00048882087748512,0.066031679170828,0.872296808099957,0.0616715127292147,0.0616715127292148,0.00436016644161327,0.999999990707001
0.000504866938549183,0.0655111490682874,0.873269396274674,0.0612194546570388,0.0612194546570389,0.00429169441124856,0.999999990701037
0.00052143972849806,0.0649946240798158,0.874235036730351,0.0607703391898331,0.0607703391898332,0.00422428488998264,0.999999990695126
0.000538556537763153,0.064482075219806,0.875193771287649,0.0603241534925456,0.0603241534925455,0.00415792172726038,0.999999990689266
0.000556235224352518,0.063973473675842,0.876145641657174,0.0598808846669835,0.0598808846669835,0.00409258900885853,0.999999990683458
0.000574494232482167,0.0634687908084817,0.877090689436724,0.0594405197547943,0.0594405197547943,0.00402827105368744,0.999999990677701
0.000593352611818965,0.0629679981510161,0.878028956108596,0.0590030457403879,0.0590030457403879,0.00396495241062818,0.999999990671994
0.000612830037355189,0.0624710674092068,0.878960483036991,0.0585684495538018,0.0585684495538018,0.00390261785540501,0.999999990666337
0.0006329468299355,0.0619779704610028,0.879885311465488,0.0581367180735097,0.0581367180735097,0.00384125238749309,0.99999999066073
0.000653723977457721,0.0614886793562355,0.88080348251459,0.0577078381291744,0.0577078381291743,0.00378084122706107,0.999999990655172
0.00067518315676957,0.0610031663162945,0.88171503717936,0.0572817965043458,0.0572817965043459,0.0037213698119487,0.999999990649663
0.000697346756284161,0.060521403733784,0.882620016327111,0.056858579939105,0.056858579939105,0.00366282379467898,0.999999990644202
0.000720237899337892,0.06004336417216,0.883518460695185,0.056438175132655,0.056438175132655,0.00360518903950493,0.999999990638789
0.000743880468315072,0.05956902036535,0.884410410888791,0.0560205687458594,0.0560205687458594,0.00354845161949067,0.999999990633422
0.00076829912956448,0.0590983452173554,0.885295907378916,0.0556057474037289,0.0556057474037289,0.00349259781362654,0.999999990628103
0.000793519359133813,0.0586313118018361,0.886174990500306,0.0551936976978578,0.0551936976978578,0.00343761410397829,0.99999999062283
0.00081956746934892,0.0581678933616797,0.88704770044951,0.0547844061888098,0.0547844061888099,0.00338348717286988,0.999999990617604
0.000846470636265502,0.0577080633085551,0.88791407728299,0.0543778594084552,0.0543778594084553,0.00333020390009986,0.999999990612422
0.000874256928021966,0.0572517952224498,0.888774160915291,0.0539740438622588,0.0539740438622588,0.003277751360191,0.999999990607286
0.000902955334122976,0.0567990628511939,0.889627991117285,0.0535729460315209,0.0535729460315209,0.00322611681967299,0.999999990602195
0.000932595795684277,0.0563498401099692,0.89047560751446,0.0531745523755712,0.0531745523755712,0.00317528773439801,0.999999990597148
0.000963209236670323,0.0559041010808048,0.891317049585279,0.052778849333916,0.0527788493339159,0.00312525174688886,0.999999990592144
0.000994827596157334,0.0554618200120599,0.8921523566596,0.0523858233283404,0.0523858233283404,0.00307599668371948,0.999999990587184
0.00102748386165541,0.0550229713178933,0.892981567917141,0.0519954607649657,0.0519954607649658,0.00302751055292759,0.999999990582268
0.00106121210352446,0.0545875295777217,0.893804722386016,0.0516077480362626,0.0516077480362625,0.00297978154145918,0.999999990577394
0.00109604751051993,0.0541554695356655,0.894621858941314,0.0512226715230208,0.0512226715230208,0.00293279801264466,0.999999990572562
0.00113202642650527,0.0537267660999832,0.89543301630374,0.0508402175962768,0.0508402175962769,0.00288654850370635,0.999999990567772
0.0011691863883696,0.053301394342496,0.896238233038305,0.0504603726191989,0.0504603726191989,0.00284102172329708,0.999999990563024
0.00120756616519004,0.0528793294980009,0.897037547553068,0.0500831229489312,0.0500831229489312,0.00279620654906967,0.999999990558317
0.00124720579867956,0.0524605469636742,0.897830998097929,0.0497084549383972,0.0497084549383972,0.00275209202527702,0.99999999055365
0.00128814664496261,0.0520450222984655,0.898618622763471,0.0493363549380631,0.049336354938063,0.00270866736040243,0.999999990549024
0.00133043141772207,0.0516327312224823,0.899400459479855,0.0489668092976622,0.0489668092976622,0.00266592192482011,0.999999990544438
0.00137410423276252,0.0512236496163658,0.900176546015754,0.0485998043678804,0.0485998043678805,0.0026238452484854,0.999999990539892
0.00141921065403636,0.0508177535206583,0.900946919977338,0.0482353265020038,0.0482353265020037,0.00258242701865453,0.999999990535384
0.00146579774118084,0.0504150191351621,0.90171161880731,0.0478733620575284,0.0478733620575284,0.00254165707763364,0.999999990530916
0.0015139140986154,0.0500154228182913,0.902470679783974,0.0475138973977345,0.0475138973977345,0.00250152542055683,0.999999990526487
0.00156360992625089,0.0496189410864157,0.903224140020361,0.0471569188932229,0.0471569188932229,0.00246202219319279,0.999999990522095
0.00161493707186316,0.0492255506131974,0.903972036463385,0.0468024129234174,0.0468024129234174,0.00242313768978001,0.999999990517742
0.00166794908518602,0.0488352282289212,0.904714405893048,0.0464503658780311,0.0464503658780312,0.00238486235089004,0.999999990513425
0.0017227012737798,0.048447950919818,0.905451284921683,0.0461007641584993,0.0461007641584993,0.0023471867613187,0.999999990509147
0.00177925076073385,0.0480636958273825,0.90618270999324,0.0457535941793776,0.0457535941793776,0.00231010164800484,0.999999990504904
0.00183765654426318,0.0476824402476844,0.906908717382608,0.0454088423697078,0.0454088423697078,0.00227359787797651,0.999999990500699
0.0018979795592615,0.0473041616306746,0.907629343194975,0.0450664951743505,0.0450664951743505,0.00223766645632404,0.999999990496529
0.00196028274087464,0.046928837579486,0.908344623365228,0.0447265390552859,0.0447265390552859,0.00220229852420011,0.999999990492396
