1e-07,0.373319978987917,0.454429515190844,0.172250505821239,0.172250505821239,0.201069473166678,0.999999995957107
1.03282605511167e-07,0.371068170667693,0.457105108703525,0.171826720628781,0.171826720628781,0.199241450038912,0.999999995899974
1.06672966011754e-07,0.368802322409453,0.459804921072707,0.171392756517841,0.171392756517841,0.197409565891612,0.999999995842897
1.10174618672982e-07,0.366522991634784,0.462528425849926,0.17094858251529,0.17094858251529,0.195574409119495,0.999999995785893
1.13791216777448e-07,0.364230739428733,0.465275085532796,0.170494175038471,0.170494175038471,0.193736564390262,0.999999995728977
1.17526533530609e-07,0.361926129796449,0.468044352288949,0.170029517914602,0.170029517914602,0.191896611881848,0.999999995672166
1.21384465997369e-07,0.359609728934208,0.470835668681478,0.169554602384314,0.169554602384314,0.190055126549893,0.999999995615478
1.25369039167899e-07,0.357282104516579,0.47364846839373,0.16906942708969,0.16906942708969,0.188212677426889,0.999999995558926
1.29484410156922e-07,0.354943825001404,0.476482176951395,0.168573998047201,0.168573998047201,0.186369826954203,0.999999995502526
1.33734872540836e-07,0.352595458954043,0.479336212439935,0.168068328606022,0.168068328606022,0.184527130348021,0.999999995446293
1.38124860837214e-07,0.350237574392248,0.482209986215519,0.167552439392233,0.167552439392233,0.182685135000015,0.999999995390241
1.42658955131348e-07,0.347870738152819,0.485102903607712,0.16702635823947,0.16702635823947,0.180844379913349,0.999999995334383
1.47341885854664e-07,0.345495515281076,0.488014364612322,0.166490120106602,0.166490120106602,0.179005395174473,0.999999995278734
1.52178538719987e-07,0.343112468444019,0.490943764572894,0.165943766983087,0.165943766983087,0.177168701460932,0.999999995223306
1.57173959818823e-07,0.340722157367902,0.493890494849472,0.165387347782626,0.165387347782626,0.175334809585276,0.999999995168112
1.62333360885955e-07,0.338325138300801,0.496853943473382,0.164820918225817,0.164820918225817,0.173504220074983,0.999999995113163
1.67662124736861e-07,0.335921963500638,0.499833495786883,0.16424454071248,0.16424454071248,0.171677422788158,0.999999995058471
1.73165810883613e-07,0.333513180748964,0.502828535066682,0.163658284184354,0.163658284184354,0.16985489656461,0.999999995004048
1.78850161335136e-07,0.331099332890706,0.505838443130401,0.163062223978893,0.163062223978893,0.168037108911813,0.999999994949903
1.84721106587855e-07,0.328680957399944,0.50886260092521,0.162456441674846,0.162456441674846,0.166224515725098,0.999999994896047
1.90784771812997e-07,0.326258585971701,0.511900389097946,0.161841024930353,0.161841024930353,0.164417561041348,0.99999999484249
1.97047483246998e-07,0.323832744139594,0.514951188546161,0.161216067314246,0.161216067314246,0.162616676825348,0.99999999478924
2.03515774791681e-07,0.321403950919122,0.518014380949613,0.160581668131265,0.160581668131265,0.160822282787857,0.999999994736307
2.10196394831087e-07,0.318972718476282,0.521089349281846,0.159937932241871,0.159937932241871,0.159034786234411,0.999999994683699
2.17096313272088e-07,0.316539551821104,0.524175478301578,0.159284969877318,0.159284969877318,0.157254581943786,0.999999994631425
2.24222728816098e-07,0.314104948525641,0.527272155023705,0.158622896450654,0.158622896450654,0.155482052074987,0.99999999457949
2.31583076469505e-07,0.311669398465891,0.530378769169831,0.157951832364277,0.157951832364277,0.153717566101614,0.999999994527902
2.39185035300624e-07,0.309233383587048,0.533494713598286,0.157271902814666,0.157271902814666,0.151961480772382,0.999999994476669
2.47036536451289e-07,0.306797377691451,0.536619384713677,0.156583237594872,0.156583237594872,0.150214140096578,0.999999994425796
2.55145771411436e-07,0.304361846248554,0.5397521828561,0.155885970895347,0.155885970895347,0.148475875353207,0.99999999437529
2.63521200565298e-07,0.30192724622619,0.542892512670163,0.155180241103647,0.155180241103647,0.146747005122544,0.999999994325154
2.72171562018149e-07,0.299494025942392,0.546039783454078,0.15446619060353,0.15446619060353,0.145027835338863,0.999999994275396
2.81105880712787e-07,0.297062624936986,0.549193409489078,0.153743965573936,0.153743965573936,0.14331865936305,0.999999994226018
2.9033347784528e-07,0.294633473862182,0.552352810349502,0.153013715788316,0.153013715788316,0.141619758073865,0.999999994177027
2.99863980589793e-07,0.292206994391348,0.555517411193908,0.152275594414744,0.152275594414744,0.139931399976604,0.999999994128424
3.09707332142639e-07,0.289783599145165,0.558686643037621,0.151529757817214,0.151529757817214,0.138253841327951,0.999999994080215
3.19873802096042e-07,0.287363691634331,0.561859943007147,0.150776365358522,0.150776365358521,0.136587326275809,0.999999994032403
3.30373997152427e-07,0.284947666218017,0.565036754576925,0.150015579205058,0.150015579205058,0.134932087012959,0.99999999398499
3.41218872190416e-07,0.282535908077251,0.568216527788883,0.149247564133866,0.149247564133866,0.133288343943385,0.99999999393798
3.52419741694082e-07,0.280128793202428,0.571398719455325,0.148472487342248,0.148472487342248,0.13165630586018,0.999999993891374
3.63988291557374e-07,0.277726688394146,0.574582793345654,0.147690518260199,0.147690518260199,0.130036170133947,0.999999993845174
3.7593659127604e-07,0.275329951276599,0.577768220357473,0.146901828365927,0.146901828365927,0.128428122910672,0.999999993799384
3.88277106539761e-07,0.272938930322738,0.580954478672593,0.146106591004669,0.146106591004669,0.126832339318069,0.999999993754003
4.01022712237636e-07,0.270553964890468,0.584141053898511,0.145304981211022,0.145304981211022,0.125248983679446,0.999999993709033
4.14186705890581e-07,0.26817538526914,0.587327439195898,0.144497175534962,0.144497175534962,0.123678209734178,0.999999993664476
4.27782821524667e-07,0.265803512735631,0.590513135392658,0.143683351871711,0.143683351871711,0.122120160863919,0.999999993620332
4.41825243999864e-07,0.263438659619316,0.593697651085097,0.142863689295587,0.142863689295587,0.120574970323729,0.999999993576602
4.56328623809131e-07,0.261081129375274,0.596880502726765,0.142038367897961,0.142038367897961,0.119042761477312,0.999999993533285
4.71308092363324e-07,0.258731216665072,0.600061214705506,0.141207568629422,0.141207568629422,0.11752364803565,0.999999993490383
4.86779277777819e-07,0.256389207444525,0.603239319409251,0.140371473146224,0.140371473146224,0.116017734298301,0.999999993447895
5.02758321177375e-07,0.254055379057817,0.606414357281086,0.139530263661097,0.139530263661097,0.114525115396719,0.999999993405821
5.19261893536195e-07,0.251730000337427,0.609585876864118,0.138684122798455,0.138684122798455,0.113045877538971,0.99999999336416
5.36307213070806e-07,0.249413331709312,0.612753434836638,0.13783323345405,0.13783323345405,0.111580098255262,0.999999993322912
5.53912063203856e-07,0.247105625302821,0.615916596038088,0.136977778659091,0.136977778659091,0.110127846643731,0.999999993282075
5.72094811117606e-07,0.244807125064852,0.619074933486314,0.136117941448834,0.136117941448834,0.108689183616018,0.99999999324165
5.90874426916454e-07,0.242518066877771,0.622228028386574,0.135253904735655,0.135253904735655,0.107264162142116,0.999999993201635
6.10270503418493e-07,0.24023867868066,0.62537547013277,0.13438585118657,0.13438585118657,0.105852827494089,0.999999993162028
6.30303276596736e-07,0.237969180593456,0.628516856301336,0.133513963105208,0.133513963105208,0.104455217488247,0.999999993122829
6.50993646691368e-07,0.235709785043593,0.631651792638227,0.132638422318181,0.132638422318181,0.103071362725412,0.999999993084035
6.72363200015008e-07,0.233460696894761,0.634779893039414,0.131759410065825,0.131759410065825,0.101701286828936,0.999999993045645
6.94434231473761e-07,0.231222113577432,0.6379007795253,0.130877106897268,0.130877106897268,0.100345006680164,0.999999993007658
7.17229767827552e-07,0.228994225220819,0.641014082209428,0.129991692569754,0.129991692569754,0.0990025326510652,0.999999992970071
7.40773591713991e-07,0.226777214785952,0.644119439261867,0.129103345952181,0.129103345952181,0.0976738688337714,0.999999992932883
7.65090266460866e-07,0.224571258199583,0.647216496867639,0.128212244932778,0.128212244932778,0.0963590132668051,0.999999992896091
7.90205161713115e-07,0.222376524488641,0.650304909180508,0.127318566330852,0.127318566330852,0.095057958157789,0.999999992859694
8.16144479901037e-07,0.220193175914988,0.653384338272481,0.126422485812531,0.126422485812531,0.0937706901024577,0.999999992823689
8.42935283577358e-07,0.218021368110239,0.656454454079336,0.125524177810425,0.125524177810425,0.0924971902998136,0.999999992788073
8.70605523651641e-07,0.215861250210415,0.65951493434246,0.124623815447125,0.124623815447125,0.09123743476329,0.999999992752845
8.99184068551557e-07,0.213712964990247,0.662565464547307,0.123721570462447,0.123721570462447,0.0899913945277999,0.999999992718002
9.28700734341368e-07,0.21157664899692,0.665605737858731,0.122817613144348,0.122817613144348,0.088759035852572,0.999999992683541
9.59186315829108e-07,0.209452432683108,0.668635455053473,0.121912112263419,0.121912112263419,0.0875403204196887,0.99999999264946
9.90672618694879e-07,0.207340440539114,0.671654324450028,0.121005235010858,0.121005235010858,0.0863352055282565,0.999999992615756
1.02319249267378e-06,0.205240791224002,0.674662061836153,0.120097146939845,0.120097146939845,0.0851436442841573,0.999999992582427
1.05677986582814e-06,0.203153597695558,0.677658390394222,0.119188011910221,0.119188011910221,0.0839655857853369,0.99999999254947
1.09146977994472e-06,0.201078967338983,0.680643040624639,0.118277992036378,0.118277992036378,0.0828009753026056,0.999999992516882
1.12729842709391e-06,0.199017002094202,0.683615750267528,0.117367247638269,0.117367247638269,0.081649754455933,0.999999992484659
1.164303187389e-06,0.196967798581682,0.686576264222868,0.11645593719545,0.11645593719545,0.080511861386232,0.999999992452801
1.20252266798493e-06,0.194931448226685,0.689524334469266,0.115544217304049,0.115544217304049,0.0793872309226363,0.999999992421302
1.24199674335724e-06,0.192908037381877,0.69245971998153,0.114632242636593,0.114632242636593,0.0782757947452845,0.999999992390162
1.2827665969032e-06,0.190897647448213,0.695382186647207,0.11372016590458,0.11372016590458,0.0771774815436329,0.999999992359376
1.32487476390855e-06,0.188900354994046,0.698291507182235,0.11280813782372,0.11280813782372,0.076092217170326,0.999999992328941
1.36836517592468e-06,0.186916231872411,0.701187461045838,0.111896307081751,0.111896307081751,0.0750199247906601,0.999999992298856
1.41328320660248e-06,0.184945345336433,0.704069834354819,0.110984820308748,0.110984820308748,0.0739605250276845,0.999999992269116
1.45967571903081e-06,0.182987758152816,0.706938419797353,0.110073822049831,0.110073822049831,0.0729139361029847,0.999999992239719
1.50759111462889e-06,0.1810435287134,0.709793016546405,0.109163454740195,0.109163454740195,0.0718800739732046,0.999999992210661
1.55707938364357e-06,0.179112711144737,0.712633430172888,0.108253858682375,0.108253858682375,0.0708588524623618,0.99999999218194
1.6081921573043e-06,0.177195355415686,0.715459472558649,0.107345172025666,0.107345172025666,0.06985018339002,0.999999992153553
1.66098276169013e-06,0.175291507442999,0.718270961809383,0.106437530747618,0.106437530747618,0.0688539766953808,0.999999992125496
1.71550627336491e-06,0.173401209194898,0.72106772216757,0.105531068637531,0.105531068637531,0.0678701405573669,0.999999992097767
1.77181957683881e-06,0.171524498792631,0.723849583925501,0.104625917281868,0.104625917281868,0.0668985815107628,0.999999992070363
1.82998142391606e-06,0.169661410610003,0.726616383338485,0.103722206051513,0.103722206051513,0.0659392045584901,0.99999999204328
1.89005249499087e-06,0.167811975370901,0.729367962538288,0.102820062090811,0.102820062090811,0.0649919132800896,0.999999992016515
1.95209546235539e-06,0.165976220244799,0.732104169446892,0.101919610308309,0.101919610308309,0.0640566099364892,0.999999991990066
2.01617505558591e-06,0.164154168940261,0.734824857690611,0.101020973369128,0.101020973369128,0.0631331955711325,0.999999991963929
2.08235812907536e-06,0.162345841796462,0.737529886514627,0.100124271688911,0.100124271688911,0.0622215701075506,0.999999991938101
2.15071373178262e-06,0.160551255872725,0.740219120698004,0.0992296234292714,0.0992296234292714,0.0613216324434536,0.999999991912579
2.22131317927155e-06,0.158770425036109,0.742892430469205,0.0983371444946853,0.0983371444946854,0.060433280541424,0.999999991887361
2.2942301281146e-06,0.157003360047055,0.745549691422182,0.0974469485307628,0.0974469485307628,0.0595564115162924,0.999999991862443
2.36954065273895e-06,0.155250068643116,0.748190784433043,0.0965591469238414,0.0965591469238415,0.0586909217192742,0.999999991837823
2.44732332479511e-06,0.153510555620796,0.750815595577359,0.0956738488018447,0.0956738488018447,0.0578367068189513,0.999999991813496
2.52765929513092e-06,0.151784822915525,0.753424016048125,0.0947911610363496,0.0947911610363496,0.0569936618791756,0.999999991789461
2.61063237845642e-06,0.150072869679786,0.756015942074405,0.0939111882458093,0.0939111882458093,0.0561616814339762,0.999999991765715
2.69632914078795e-06,0.148374692359431,0.758591274840687,0.0930340327998816,0.0930340327998816,0.0553406595595499,0.999999991742253
2.78483898976267e-06,0.146690284768222,0.761149920406968,0.0921597948248098,0.0921597948248098,0.054530489943412,0.999999991719074
2.87625426791775e-06,0.145019638160599,0.763691789629589,0.0912885722098117,0.0912885722098118,0.0537310659507876,0.999999991696175
2.9706703490316e-06,0.143362741302745,0.766216798082828,0.0904204606144268,0.0904204606144268,0.0529422806883182,0.999999991673552
3.06818573762752e-06,0.141719580541941,0.76872486598128,0.089555553476779,0.0895555534767791,0.0521640270651618,0.999999991651204
3.16890217174373e-06,0.140090139874272,0.771215918103016,0.088693942022712,0.0886939420227121,0.0513961978515601,0.999999991629126
3.27292472907689e-06,0.138474401010701,0.773689883713545,0.0878357152757538,0.0878357152757538,0.0506386857349476,0.999999991607316
3.38036193660993e-06,0.136872343441547,0.77614669649058,0.0869809600678725,0.0869809600678725,0.0498913833736749,0.999999991585772
3.49132588383849e-06,0.135283944499402,0.778586294449614,0.086129761050984,0.086129761050984,0.0491541834484184,0.99999999156449
3.60593233971418e-06,0.13370917942052,0.781008619870305,0.0852822007091742,0.0852822007091742,0.0484269787113461,0.999999991543468
3.7243008734266e-06,0.13214802140471,0.783413619223689,0.0844383593716013,0.0844383593716013,0.0477096620331088,0.999999991522702
3.84655497915016e-06,0.130600441673768,0.785801243100189,0.0835983152260431,0.0835983152260431,0.0470021264477245,0.999999991502191
3.97282220488582e-06,0.129066409528479,0.788171446138464,0.0827621443330568,0.0827621443330568,0.0463042651954224,0.999999991481932
4.10323428553227e-06,0.127545892404231,0.790524186955048,0.0819299206407206,0.0819299206407206,0.0456159717635109,0.999999991461921
4.23792728032526e-06,0.126038855925258,0.792859428074817,0.0811017159999247,0.0811017159999247,0.0449371399253332,0.999999991442156
4.37704171478848e-06,0.12454526395756,0.795177135862253,0.0802776001801861,0.0802776001801861,0.0442676637773743,0.999999991422635
4.52072272734421e-06,0.123065078660533,0.797477280453511,0.0794576408859559,0.0794576408859559,0.0436074377745767,0.999999991403355
4.66912022073661e-06,0.121598260537323,0.799759835689282,0.0786419037733952,0.0786419037733952,0.042956356763928,0.999999991384313
4.82238901842554e-06,0.120144768483968,0.80202477904844,0.0778304524675923,0.0778304524675923,0.0423143160163753,0.999999991365506
4.9806890261143e-06,0.118704559837322,0.804272091582481,0.0770233485801975,0.0770233485801975,0.0416812112571241,0.999999991346933
5.14418539857963e-06,0.117277590421829,0.806501757850718,0.0762206517274523,0.0762206517274523,0.041056938694377,0.99999999132859
5.31304871197807e-06,0.115863814595155,0.808713765856256,0.0754224195485897,0.0754224195485897,0.0404413950465648,0.999999991310475
5.48745514180847e-06,0.114463185292709,0.810908106982706,0.0746287077245849,0.0746287077245849,0.0398344775681237,0.999999991292585
5.6675866467163e-06,0.113075654071103,0.813084775931662,0.0738395699972351,0.0738395699972351,0.0392360840738677,0.999999991274919
5.85363115833159e-06,0.111701171150556,0.815243770660894,0.0730550581885494,0.0730550581885495,0.0386461129620071,0.999999991257473
6.04578277733839e-06,0.11033968545629,0.81738509232328,0.0722752222204296,0.0722752222204296,0.0380644632358608,0.999999991240245
6.2442419759805e-06,0.108991144658932,0.819508745206445,0.0715001101346231,0.0715001101346232,0.0374910345243091,0.999999991223233
6.44921580721465e-06,0.107655495213965,0.821614736673102,0.0707297681129324,0.0707297681129324,0.0369257271010329,0.999999991206434
6.66091812072936e-06,0.106332682400245,0.823703077102093,0.0699642404976621,0.0699642404976621,0.0363684419025825,0.999999991189846
6.87956978605476e-06,0.10502265035761,0.825773779830099,0.0692035698122901,0.0692035698122901,0.0358190805453203,0.999999991173467
7.10539892299639e-06,0.103725342123625,0.827826861094029,0.068447796782346,0.068447796782346,0.0352775453412785,0.999999991157294
7.33864113963309e-06,0.102440699669454,0.829862339974063,0.0676969603564824,0.0676969603564825,0.034743739312972,0.999999991141325
7.57953977812749e-06,0.101168663934932,0.831880238337341,0.0669510977277265,0.0669510977277264,0.0342175662072056,0.999999991125558
7.82834616860541e-06,0.0999091748628116,0.833880580782292,0.0662102443548961,0.0662102443548961,0.0336989305079155,0.99999999110999
8.0853198913693e-06,0.0986621714322489,0.835863394583581,0.0654744339841702,0.0654744339841702,0.0331877374480787,0.999999991094619
8.35072904771889e-06,0.0974275916915282,0.837828709637673,0.064743698670799,0.064743698670799,0.0326838930207293,0.999999991079443
8.62485053966196e-06,0.0962053727900579,0.839776558408999,0.0640180688009433,0.0640180688009433,0.0321873039891147,0.99999999106446
8.90797035880684e-06,0.0949954510096574,0.841706975876711,0.0632975731136318,0.0632975731136317,0.0316978778960257,0.999999991049668
9.20038388473819e-06,0.0937977617951575,0.843619999482018,0.0625822387228245,0.0625822387228245,0.031215523072333,0.999999991035064
9.50239619318715e-06,0.0926122397843352,0.845515669076092,0.061872091139573,0.061872091139573,0.0307401486447623,0.999999991020647
9.81432237431766e-06,0.0914388188372025,0.847394026868532,0.0611671542942653,0.0611671542942653,0.0302716645429372,0.999999991006413
1.01364878614607e-05,0.0902774320646704,0.84925511737638,0.0604674505589494,0.0604674505589495,0.0298099815057209,0.999999990992362
1.04692287706399e-05,0.0891280118566065,0.851098987373672,0.0597730007697219,0.0597730007697218,0.0293550110868846,0.999999990978491
1.08128922512416e-05,0.0879904899093056,0.852925685841519,0.0590838242491755,0.0590838242491755,0.0289066656601301,0.999999990964798
1.11678368481974e-05,0.0868647972523898,0.854735263918714,0.0583999388288962,0.0583999388288961,0.0284648584234937,0.999999990951281
1.15344328760545e-05,0.0857508642751577,0.856527774852842,0.0577213608720002,0.0577213608720002,0.0280295034031575,0.999999990937938
1.19130628053258e-05,0.0846486207523979,0.858303273951897,0.0570481052957053,0.0570481052957053,0.0276005154566926,0.999999990924766
1.23041216615222e-05,0.0835579958696846,0.860061818536389,0.0563801855939261,0.0563801855939261,0.0271778102757585,0.999999990911765
1.27080174372841e-05,0.0824789182481694,0.861803467891944,0.0557176138598865,0.0557176138598865,0.0267613043882829,0.999999990898932
1.31251715180404e-05,0.0814113159688859,0.863528283222371,0.0550604008087432,0.0550604008087432,0.0263509151601427,0.999999990886265
1.35560191216418e-05,0.0803551165965811,0.865236327603208,0.054408555800211,0.054408555800211,0.0259465607963701,0.999999990873762
1.40010097524237e-05,0.079310247203088,0.866927665935727,0.0537620868611845,0.0537620868611845,0.0255481603419035,0.999999990861422
1.44606076701759e-05,0.0782766343902531,0.868602364901398,0.0531210007083489,0.0531210007083488,0.0251556336819042,0.999999990849242
1.49352923745053e-05,0.0772542043124304,0.870260492916797,0.0524853027707727,0.0524853027707727,0.0247689015416577,0.999999990837221
1.54255591050998e-05,0.0762428826985572,0.871902120088965,0.0518549972124775,0.0518549972124775,0.0243878854860797,0.999999990825356
1.59319193584122e-05,0.0752425948738211,0.873527318171202,0.0512300869549766,0.0512300869549767,0.0240125079188445,0.999999990813647
1.64549014213061e-05,0.0742532657809315,0.87513616051929,0.0506105736997781,0.0506105736997782,0.0236426920811534,0.99999999080209
1.6995050922219e-05,0.0732748200010051,0.87672872204815,0.049996457950845,0.049996457950845,0.0232783620501601,0.999999990790686
1.75529314004175e-05,0.0723071817740774,0.878305079188915,0.0493877390370075,0.0493877390370075,0.0229194427370699,0.99999999077943
1.8129124893939e-05,0.0713502750192496,0.879865309846429,0.0487844151343216,0.0487844151343215,0.0225658598849281,0.999999990768323
1.87242325468339e-05,0.0704040233544807,0.881409493357152,0.0481864832883675,0.0481864832883675,0.0222175400661132,0.999999990757361
1.933887523634e-05,0.0694683501160332,0.882937710447483,0.0475939394364837,0.0475939394364838,0.0218744106795495,0.999999990746545
1.99736942206459e-05,0.068543178377583,0.884450043192487,0.0470067784299301,0.04700677842993,0.0215363999476529,0.999999990735871
2.06293518079165e-05,0.0676284309689996,0.885946574975025,0.0464249940559752,0.0464249940559752,0.0212034369130244,0.999999990725338
2.13065320472813e-05,0.0667240304948069,0.88742739044529,0.0458485790599032,0.0458485790599032,0.0208754514349037,0.999999990714944
2.20059414425039e-05,0.0658298993523292,0.888892575480738,0.0452775251669331,0.0452775251669331,0.0205523741853961,0.999999990704688
2.27283096890798e-05,0.0649459597495329,0.890342217146418,0.0447118231040487,0.0447118231040487,0.0202341366454842,0.999999990694569
2.34743904355287e-05,0.0640721337225675,0.891776403655702,0.0441514626217306,0.0441514626217306,0.0199206711008369,0.999999990684584
2.42449620696783e-05,0.0632083431530148,0.893195224331398,0.0435964325155876,0.0435964325155876,0.0196119106374272,0.999999990674732
2.50408285307579e-05,0.0623545097848506,0.894598769567267,0.0430467206478824,0.0430467206478824,0.0193077891369682,0.999999990665011
2.58628201481505e-05,0.0615105552411258,0.895987130789928,0.042502313968946,0.0425023139689459,0.0190082412721798,0.999999990655421
2.67117945076771e-05,0.0606764010403708,0.897360400421153,0.0419631985384765,0.0419631985384764,0.0187132025018944,0.999999990645958
2.75886373463177e-05,0.0598519686127308,0.898718671840551,0.0414293595467184,0.0414293595467184,0.0184226090660125,0.999999990636623
2.8494263476304e-05,0.0590371793158331,0.900062039348651,0.0409007813355162,0.0409007813355162,0.018136397980317,0.999999990627412
2.94296177395436e-05,0.0582319544503946,0.901390598130366,0.0403774474192396,0.0403774474192396,0.017854507031155,0.999999990618326
3.03956759933773e-05,0.0574362152755708,0.902704444218855,0.0398593405055743,0.0398593405055744,0.0175768747699965,0.999999990609361
3.13934461286925e-05,0.0566498830240519,0.904003674459773,0.0393464425161753,0.0393464425161753,0.0173034405078767,0.999999990600518
3.24239691214583e-05,0.0558728789169091,0.905288386475914,0.0388387346071771,0.0388387346071771,0.0170341443097321,0.999999990591794
3.34883201187784e-05,0.0551051241781939,0.906558678632248,0.0383361971895581,0.0383361971895581,0.0167689269886358,0.999999990583188
3.45876095605948e-05,0.0543465400492946,0.907814650001352,0.0378388099493535,0.0378388099493536,0.016507730099941,0.999999990574698
3.57229843382119e-05,0.0535970478030522,0.909056400329234,0.0373465518677137,0.0373465518677137,0.0162504959353384,0.999999990566324
3.68956289908515e-05,0.0528565687576389,0.910284030001558,0.0368594012408034,0.0368594012408034,0.0159971675168355,0.999999990558063
3.8106766941485e-05,0.0521250242902011,0.911497640010261,0.0363773356995378,0.0363773356995378,0.0157476885906633,0.999999990549915
3.93576617732339e-05,0.0514023358502696,0.912697331920578,0.0359003322291525,0.0359003322291525,0.0155020036211172,0.999999990541877
4.06496185476687e-05,0.0506884249729396,0.913883207838458,0.0354283671886019,0.035428367188602,0.0152600577843377,0.999999990533949
4.19839851663829e-05,0.0499832132918212,0.915055370378394,0.0349614163297843,0.0349614163297843,0.0150217969620369,0.99999999052613
4.33621537772622e-05,0.0492866225517639,0.916213922631648,0.0344994548165877,0.0344994548165877,0.0147871677351762,0.999999990518417
4.47855622269155e-05,0.0485985746213552,0.917358968134889,0.0340424572437552,0.0340424572437553,0.0145561173776,0.99999999051081
4.62556955607834e-05,0.0479189915051959,0.91849061083924,0.0335903976555647,0.0335903976555646,0.0143285938496312,0.999999990503308
4.77740875724904e-05,0.0472477953559526,0.919608955079728,0.0331432495643197,0.0331432495643197,0.0141045457916329,0.999999990495908
4.93423224040549e-05,0.0465849084861902,0.92071410554516,0.0327009859686497,0.0327009859686497,0.0138839225175406,0.999999990488611
5.09620361986283e-05,0.0459302533799837,0.921806167248402,0.0322635793716138,0.0322635793716138,0.0136666740083699,0.999999990481414
5.26349188074876e-05,0.0452837527043112,0.922885245497081,0.0318310017986075,0.0318310017986075,0.0134527509057038,0.999999990474316
5.43627155530606e-05,0.0446453293202303,0.923951445864702,0.0314032248150675,0.0314032248150676,0.0132421045051628,0.999999990467317
5.61472290498255e-05,0.0440149062938362,0.925004874162191,0.0309802195439731,0.0309802195439731,0.0130346867498631,0.999999990460414
5.79903210849829e-05,0.0433924069070049,0.926045636409856,0.0305619566831394,0.0305619566831394,0.0128304502238654,0.999999990453607
5.98939145608622e-05,0.0427777546679208,0.927073838809777,0.0301484065223027,0.0301484065223026,0.0126293481456182,0.999999990446895
6.18599955010908e-05,0.04217087332139,0.928089587718619,0.0297395389599912,0.0297395389599912,0.0124313343613988,0.999999990440275
6.38906151226174e-05,0.0415716868589395,0.929092989620877,0.0293353235201834,0.0293353235201834,0.0122363633387561,0.999999990433748
6.59878919757511e-05,0.0409801195287034,0.93008415110255,0.0289357293687469,0.0289357293687469,0.0120443901599565,0.999999990427312
6.81540141544502e-05,0.0403960958450969,0.931063178825244,0.0285407253296593,0.0285407253296593,0.0118553705154377,0.999999990420966
7.03912415791659e-05,0.0398195405982779,0.932030179500716,0.0281502799010066,0.0281502799010065,0.0116692606972714,0.999999990414709
7.27019083546226e-05,0.0392503788633973,0.932985259865845,0.0277643612707578,0.0277643612707578,0.0114860175926395,0.999999990408539
7.50884252049954e-05,0.0386885360096385,0.933928526658047,0.0273829373323141,0.0273829373323141,0.0113055986773244,0.999999990402456
7.75532819890234e-05,0.0381339377090469,0.934860086591123,0.02700597569983,0.0270059756998299,0.0111279620092169,0.999999990396458
8.00990502976862e-05,0.037586509945149,0.935780046331546,0.0266334437233053,0.0266334437233053,0.0109530662218437,0.999999990390544
8.27283861371507e-05,0.0370461790213631,0.93668851247519,0.0262653085034464,0.0262653085034464,0.0107808705179167,0.999999990384714
8.54440326997885e-05,0.0365128715692005,0.937585591524505,0.0259015369062945,0.0259015369062945,0.0106113346629061,0.999999990378966
8.82488232261553e-05,0.0359865145562596,0.93847138986612,0.0255420955776207,0.0255420955776207,0.0104444189786389,0.999999990373299
9.11456839609173e-05,0.0354670352940117,0.939346013748902,0.0251869509570858,0.0251869509570858,0.0102800843369259,0.999999990367712
9.41376372058094e-05,0.0349543614453807,0.940209569262455,0.0248360692921641,0.0248360692921641,0.0101182921532166,0.999999990362204
9.722780447281e-05,0.0344484210321161,0.941062162316054,0.0244894166518295,0.0244894166518295,0.0099590043802866,0.999999990356774
0.000100419409740822,0.0339491424419608,0.941903898618035,0.0241469589400045,0.0241469589400045,0.00980218350195626,0.999999990351422
0.000103715782819255,0.0334564544356144,0.942734883655615,0.0238086619087702,0.0238086619087702,0.00964779252684418,0.999999990346145
0.00010712036282203,0.0329702861534918,0.943555222675172,0.0234744911713362,0.0234744911713362,0.00949579498215562,0.999999990340944
0.000110636701755609,0.0324905671222797,0.944365020662949,0.0231444122147718,0.0231444122147718,0.00934615490750786,0.999999990335816
0.000114268468224812,0.0320172272612896,0.945164382326214,0.0228183904124962,0.0228183904124962,0.00919883684879331,0.999999990330762
0.000118019451260286,0.0315501968886106,0.945953412074861,0.0224963910365288,0.0224963910365288,0.00905380585208181,0.99999999032578
0.000121893564271606,0.031089406727061,0.946732214003441,0.022178379269498,0.022178379269498,0.00891102745756301,0.99999999032087
0.000125894849130144,0.0306347879099407,0.947500891873648,0.0218643202164108,0.0218643202164108,0.00877046769352995,0.999999990316029
0.000130027480385966,0.0301862719865854,0.948259549097234,0.0215541789161806,0.0215541789161806,0.00863209307040482,0.999999990311258
0.000134295769623147,0.0297437909277233,0.949008288719361,0.0212479203529157,0.0212479203529157,0.0084958705748076,0.999999990306556
0.000138704169958061,0.0293072771306359,0.949747213402397,0.0209455094669672,0.0209455094669672,0.00836176766366867,0.999999990301921
0.000143257280685323,0.0288766634241242,0.950476425410138,0.0206469111657382,0.0206469111657383,0.00822975225838595,0.999999990297353
0.000147959852076248,0.0284518830732809,0.951196026592465,0.0203520903342536,0.0203520903342536,0.00809979273902736,0.999999990292851
0.000152816790334818,0.028032869784071,0.951906118370437,0.0200610118454918,0.0200610118454918,0.00797185793857927,0.999999990288414
0.000157833162716338,0.0276195577077213,0.952606801721799,0.0197736405704797,0.0197736405704798,0.00784591713724155,0.999999990284041
0.000163014202814114,0.0272118814449204,0.953298177166929,0.0194899413881507,0.0194899413881507,0.00772194005676966,0.999999990279731
0.000168365316019676,0.0268097760498317,0.953980344755201,0.0192098791949672,0.0192098791949672,0.00759989685486453,0.999999990275483
0.000173892085162232,0.0264131770339198,0.954653404051771,0.0189334189143094,0.0189334189143094,0.00747975811961045,0.999999990271297
0.000179600276333251,0.0260220203695922,0.955317454124777,0.0186605255056307,0.0186605255056306,0.0073614948639615,0.999999990267172
0.000185495844902237,0.0256362424936587,0.95597259353296,0.0183911639733817,0.0183911639733817,0.00724507852027695,0.999999990263107
0.000191584941729985,0.0252557803106096,0.956618920313687,0.0181252993757037,0.0181252993757038,0.00713048093490584,0.999999990259101
0.00019787391958578,0.0248805711957148,0.957256531971392,0.0178628968328936,0.0178628968328935,0.00701767436282119,0.999999990255154
0.000204369339775265,0.0245105529979453,0.957885525466413,0.0176039215356414,0.0176039215356414,0.00690663146230393,0.999999990251264
0.000211077978985864,0.0241456640427202,0.958505997204237,0.0173483387530432,0.0173483387530433,0.00679732528967698,0.999999990247431
0.000218006836356915,0.0237858431344789,0.959118043025132,0.0170961138403894,0.0170961138403894,0.00668972929408949,0.999999990243654
0.000225163140781888,0.0234310295590838,0.959721758194184,0.0168472122467322,0.0168472122467323,0.00658381731235156,0.999999990239932
0.000232554358450312,0.0230811630860523,0.960317237391715,0.0166015995222329,0.0166015995222328,0.00647956356381944,0.999999990236265
0.000240188200637262,0.0227361839706227,0.960904574704086,0.0163592413252913,0.0163592413252913,0.00637694264533139,0.999999990232651
0.000248072631748554,0.0223960329556544,0.961483863614886,0.0161201034294601,0.0161201034294601,0.00627592952619427,0.999999990229091
0.00025621587763003,0.0220606512733666,0.962055196996488,0.0158841517301456,0.0158841517301456,0.00617649954322095,0.999999990225583
0.000264626434149599,0.0217299806469156,0.962618667101987,0.0156513522510973,0.0156513522510973,0.00607862839581838,0.999999990222127
0.000273313076060999,0.0214039632918148,0.963174365557497,0.0154216711506882,0.0154216711506883,0.00598229214112661,0.999999990218721
0.000282284866158518,0.0210825419171985,0.963722383354811,0.0151950747279901,0.0151950747279901,0.00588746718920842,0.999999990215366
0.000291551164732229,0.0207656597269331,0.964262810844424,0.0149715294286433,0.0149715294286433,0.00579413029828985,0.99999999021206
0.000301121639333601,0.020453260420577,0.964795737728897,0.0147510018505258,0.0147510018505258,0.0057022585700512,0.999999990208803
0.000311006274861684,0.0201452881941925,0.965321253056584,0.0145334587492238,0.0145334587492238,0.00561182944496874,0.999999990205594
0.000321215383980369,0.0198416877410117,0.965839445215683,0.0143188670433049,0.0143188670433049,0.00552282069770681,0.999999990202433
0.000331759617877626,0.0195424042519592,0.966350401928642,0.0141071938193989,0.0141071938193989,0.00543521043256025,0.999999990199319
0.000342649977377904,0.0192473834160342,0.966854210246879,0.0138984063370871,0.0138984063370871,0.00534897707894707,0.999999990196251
0.000353897824419325,0.0189565714205544,0.967350956545842,0.0136924720336034,0.0136924720336033,0.00526409938695106,0.999999990193229
0.000365514893907615,0.0186699149512644,0.967840726520386,0.01348935852835,0.01348935852835,0.0051805564229144,0.999999990190251
0.000377513305959163,0.018387361192311,0.968323605180458,0.0132890336272312,0.0132890336272312,0.0050983275650798,0.999999990187318
0.000389905578545969,0.018108857826089,0.968799676847104,0.0130914653268069,0.0130914653268069,0.00501739249928214,0.999999990184428
0.000402704640555667,0.0178343530329585,0.969269025148772,0.0128966218182691,0.0128966218182691,0.00493773121468942,0.999999990181582
0.000415923845280274,0.0175637954908381,0.969731733017916,0.0127044714912454,0.0127044714912455,0.00485932399959264,0.999999990178778
0.000429576984347703,0.0172971343746755,0.970187882687894,0.012514982937431,0.012514982937431,0.00478215143724448,0.999999990176016
0.000443678302110607,0.0170343193557989,0.970637555690149,0.0123281249540523,0.0123281249540523,0.00470619440174654,0.999999990173295
0.000458242510507543,0.0167753006011513,0.971080832851682,0.0121438665471666,0.0121438665471666,0.00463143405398476,0.999999990170615
0.000473284804411975,0.0165200287724113,0.97151779429279,0.0119621769347985,0.0119621769347985,0.00455785183761286,0.999999990167975
0.00048882087748512,0.0162684550250019,0.97194851942508,0.0117830255499184,0.0117830255499185,0.00448542947508347,0.999999990165375
0.000504866938549183,0.0160205310069911,0.972373086949744,0.0116063820432645,0.0116063820432644,0.00441414896372668,0.999999990162814
0.00052143972849806,0.0157762088578869,0.972791574856102,0.0114322162860113,0.0114322162860113,0.00434399257187563,0.999999990160291
0.000538556537763153,0.0155354412073282,0.973204060420383,0.0112604983722893,0.0112604983722892,0.00427494283503895,0.999999990157806
0.000556235224352518,0.0152981811736764,0.973610620204767,0.0110911986215567,0.0110911986215568,0.00420698255211961,0.999999990155358
0.000574494232482167,0.0150643823625082,0.974011330056664,0.0109242875808281,0.0109242875808281,0.00414009478168002,0.999999990152948
0.000593352611818965,0.0148339988650141,0.974406265108225,0.0107597360267613,0.0107597360267613,0.00407426283825277,0.999999990150574
0.000612830037355189,0.0146069852563043,0.974795499776088,0.0105975149676072,0.0105975149676072,0.00400947028869707,0.999999990148235
0.0006329468299355,0.0143832965936245,0.975179107761351,0.0104375956450244,0.0104375956450244,0.00394570094860009,0.999999990145932
0.000653723977457721,0.0141628884144852,0.975557162049753,0.0102799495357619,0.0102799495357619,0.00388293887872332,0.999999990143664
0.00067518315676957,0.0139457167347066,0.97592973491208,0.0101245483532135,0.0101245483532135,0.00382116838149316,0.999999990141429
0.000697346756284161,0.013731738046381,0.976296897904774,0.00997136404884535,0.00997136404884537,0.00376037399753569,0.999999990139229
0.000720237899337892,0.0135209093157572,0.976658721870741,0.00982036881350198,0.00982036881350196,0.00370054050225518,0.999999990137062
0.000743880468315072,0.013313187981047,0.977015276940362,0.00967153507859111,0.00967153507859106,0.00364165290245588,0.999999990134928
0.00076829912956448,0.013108531950159,0.977366632532689,0.00952483551715225,0.00952483551715222,0.0035836964330068,0.999999990132826
0.000793519359133813,0.0129068995983601,0.977712857356829,0.00938024304481097,0.00938024304481101,0.00352665655354912,0.999999990130757
0.00081956746934892,0.0127082497658679,0.97805401941351,0.00923773082062204,0.00923773082062209,0.00347051894524587,0.999999990128718
0.000846470636265502,0.0125125417553776,0.978390185996818,0.00909727224780424,0.00909727224780424,0.00341526950757337,0.999999990126711
0.000874256928021966,0.0123197353295239,0.978721423696106,0.00895884097436968,0.00895884097436963,0.0033608943551542,0.999999990124734
0.000902955334122976,0.0121297907082818,0.979047798398068,0.00882241089365056,0.0088224108936506,0.00330737981463129,0.999999990122787
0.000932595795684277,0.0119426685663086,0.979369375288965,0.00868795614472597,0.00868795614472596,0.00325471242158268,0.99999999012087
0.000963209236670323,0.0117583300302283,0.97968621885702,0.00855545111275175,0.00855545111275176,0.00320287891747659,0.999999990118982
0.000994827596157334,0.0115767366758623,0.979998392894942,0.00842487042919587,0.00842487042919583,0.00315186624666647,0.999999990117123
0.00102748386165541,0.0113978505254078,0.98030596050261,0.00829618897198223,0.00829618897198221,0.00310166155342558,0.999999990115293
0.00106121210352446,0.0112216340445662,0.980608984089888,0.00816938186554551,0.00816938186554548,0.00305225217902073,0.99999999011349
0.00109604751051993,0.0110480501396245,0.980907525379576,0.00804442448079971,0.00804442448079966,0.00300362565882481,0.999999990111715
0.00113202642650527,0.0108770621544905,0.981201645410487,0.00792129243502287,0.00792129243502289,0.00295576971946765,0.999999990109967
0.0011691863883696,0.0107086338676857,0.981491404540654,0.00779996159166078,0.00779996159166074,0.00290867227602495,0.999999990108245
0.00120756616519004,0.0105427294892968,0.981776862450651,0.00768040806005201,0.007680408060052,0.00286232142924478,0.99999999010655
0.00124720579867956,0.0103793136578882,0.982058078147035,0.00756260819507691,0.0075626081950769,0.00281670546281126,0.999999990104882
0.00128814664496261,0.010218351437378,0.982335109965889,0.00744653859673284,0.00744653859673289,0.00277181284064514,0.999999990103238
0.00133043141772207,0.0100598083138791,0.982608015576482,0.0073321761096384,0.00733217610963839,0.00272763220424073,0.99999999010162
0.00137410423276252,0.00990365019250762,0.982876851985024,0.00721949782246865,0.00721949782246865,0.00268415237003897,0.999999990100027
0.00141921065403636,0.00974984339416009,0.983141675538516,0.007108481067324,0.00710848106732397,0.00264136232683608,0.999999990098458
0.00146579774118084,0.00959835465226248,0.983402541928703,0.00699910341903494,0.00699910341903494,0.00259925123322754,0.999999990096914
0.0015139140986154,0.00944915110949178,0.983659506196103,0.00689134269440487,0.0068913426944049,0.00255780841508692,0.999999990095393
0.00156360992625089,0.00930220031447255,0.983912622734134,0.00678517695139329,0.00678517695139329,0.00251702336307926,0.999999990093895
0.00161493707186316,0.00915747021845018,0.984161945293308,0.00668058448824166,0.00668058448824168,0.00247688573020852,0.999999990092421
0.00166794908518602,0.00901492917194267,0.984407526985513,0.00657754384254386,0.00657754384254385,0.00243738532939881,0.999999990090969
0.0017227012737798,0.00887454592137255,0.984649420288364,0.00647603379026359,0.00647603379026357,0.00239851213110896,0.99999999008954
0.00177925076073385,0.00873628960568071,0.984887677049619,0.00637603334470063,0.00637603334470063,0.00236025626098009,0.999999990088133
