1e-07,0.397745886384201,0.38878284036275,0.213471273253048,0.213471273253048,0.184274613131153,0.999999996604287
1.03282605511167e-07,0.395837668694425,0.391042073412234,0.213120257893342,0.213120257893342,0.182717410801083,0.999999996551843
1.06672966011754e-07,0.393914383984638,0.393325712044025,0.212759903971337,0.212759903971337,0.181154480013301,0.999999996499319
1.10174618672982e-07,0.391976453175307,0.395633409241441,0.212390137583252,0.212390137583252,0.179586315592055,0.999999996446731
1.13791216777448e-07,0.390024303250949,0.397964806088945,0.212010890660106,0.212010890660106,0.178013412590842,0.999999996394096
1.17526533530609e-07,0.388058366659301,0.400319532278312,0.211622101062387,0.211622101062387,0.176436265596913,0.999999996341428
1.21384465997369e-07,0.386079080713185,0.402697206625265,0.211223712661551,0.211223712661551,0.174855368051634,0.999999996288743
1.25369039167899e-07,0.384086886996808,0.405097437594857,0.210815675408335,0.210815675408335,0.173271211588474,0.999999996236056
1.29484410156922e-07,0.382082230778201,0.407519823833874,0.210397945387925,0.210397945387925,0.171684285390275,0.999999996183383
1.33734872540836e-07,0.380065560429361,0.409963954708575,0.209970484862064,0.209970484862064,0.170095075567297,0.999999996130738
1.38124860837214e-07,0.378037326855616,0.412429410846141,0.209533262298242,0.209533262298242,0.168504064557374,0.999999996078135
1.42658955131348e-07,0.375997982935576,0.414915764678238,0.209086252386187,0.209086252386187,0.166911730549389,0.999999996025589
1.47341885854664e-07,0.373947982972978,0.417422580985151,0.208629436041871,0.208629436041871,0.165318546931107,0.999999995973114
1.52178538719987e-07,0.371887782161599,0.419949417439045,0.208162800399356,0.208162800399356,0.163724981762244,0.999999995920722
1.57173959818823e-07,0.369817836064312,0.422495825144913,0.207686338790775,0.207686338790775,0.162131497273537,0.999999995868427
1.62333360885955e-07,0.367738600107245,0.425061349177905,0.20720005071485,0.20720005071485,0.160538549392395,0.999999995816243
1.67662124736861e-07,0.365650529089923,0.427645529115758,0.20670394179432,0.20670394179432,0.158946587295603,0.999999995764181
1.73165810883613e-07,0.363554076712115,0.430247899565154,0.206198023722731,0.206198023722731,0.157356052989384,0.999999995712254
1.78850161335136e-07,0.361449695118067,0.432867990680894,0.205682314201038,0.205682314201039,0.155767380917029,0.999999995660473
1.84721106587855e-07,0.359337834458649,0.435505328676852,0.205156836864499,0.205156836864499,0.15418099759415,0.99999999560885
1.90784771812997e-07,0.357218942471861,0.438159436327783,0.204621621200355,0.204621621200356,0.152597321271506,0.999999995557397
1.97047483246998e-07,0.35509346408207,0.440829833461101,0.204076702456829,0.204076702456829,0.151016761625241,0.999999995506123
2.03515774791681e-07,0.352961841018221,0.443516037437839,0.20352212154394,0.20352212154394,0.149439719474281,0.999999995455039
2.10196394831087e-07,0.350824511451204,0.446217563622102,0.202957924926694,0.202957924926694,0.147866586524509,0.999999995404155
2.17096313272088e-07,0.348681909650468,0.448933925838355,0.202384164511177,0.202384164511177,0.14629774513929,0.999999995353481
2.24222728816098e-07,0.346534465659896,0.451664636816017,0.201800897524088,0.201800897524087,0.144733568135808,0.999999995303026
2.31583076469505e-07,0.344382604992878,0.454409208620863,0.201208186386259,0.201208186386259,0.143174418606619,0.999999995252798
2.39185035300624e-07,0.342226748346461,0.457167153072833,0.200606098580706,0.200606098580706,0.141620649765755,0.999999995202807
2.47036536451289e-07,0.340067311334377,0.459937982149901,0.199994706515722,0.199994706515722,0.140072604818655,0.99999999515306
2.55145771411436e-07,0.337904704238715,0.462721208377732,0.199374087383553,0.199374087383553,0.138530616855162,0.999999995103566
2.63521200565298e-07,0.335739331779924,0.465516345204915,0.198744323015161,0.198744323015161,0.136995008764762,0.999999995054331
2.72171562018149e-07,0.333571592904805,0.468322907363611,0.198105499731584,0.198105499731584,0.135466093173221,0.999999995005363
2.81105880712787e-07,0.331401880592108,0.471140411215529,0.197457708192363,0.197457708192363,0.133944172399745,0.999999994956668
2.9033347784528e-07,0.329230581675293,0.473968375083174,0.196801043241533,0.196801043241533,0.13242953843376,0.999999994908253
2.99863980589793e-07,0.327058076682011,0.476806319566376,0.196135603751613,0.196135603751613,0.130922472930398,0.999999994860123
3.09707332142639e-07,0.324884739689804,0.479653767844153,0.195461492466044,0.195461492466044,0.12942324722376,0.999999994812285
3.19873802096042e-07,0.322710938197519,0.482510245961984,0.194778815840497,0.194778815840498,0.127932122357021,0.999999994764745
3.30373997152427e-07,0.320537033011897,0.485375283104648,0.194087683883455,0.194087683883455,0.126449349128442,0.999999994717505
3.41218872190416e-07,0.318363378148796,0.488248411854769,0.193388209996435,0.193388209996435,0.124975168152361,0.999999994670573
3.52419741694082e-07,0.316190320748476,0.49112916843728,0.192680510814244,0.192680510814244,0.123509809934232,0.999999994623952
3.63988291557374e-07,0.314018201004389,0.494017092950028,0.191964706045583,0.191964706045583,0.122053494958807,0.999999994577646
3.7593659127604e-07,0.311847352104886,0.496911729580776,0.191240918314338,0.191240918314338,0.120606433790547,0.99999999453166
3.88277106539761e-07,0.309678100187262,0.499812626810875,0.190509273001863,0.190509273001863,0.119168827185399,0.999999994485996
4.01022712237636e-07,0.307510764303574,0.502719337605903,0.189769898090523,0.189769898090523,0.11774086621305,0.999999994440657
4.14186705890581e-07,0.305345656397631,0.505631419593588,0.189022924008781,0.189022924008781,0.11632273238885,0.999999994395649
4.27782821524667e-07,0.303183081292603,0.50854843522934,0.188268483478057,0.188268483478057,0.114914597814546,0.999999994350972
4.41825243999864e-07,0.301023336688673,0.511469951949735,0.187506711361593,0.187506711361593,0.11351662532708,0.999999994306629
4.56328623809131e-07,0.298866713170169,0.514395542314302,0.186737744515529,0.186737744515529,0.112128968654639,0.999999994262623
4.71308092363324e-07,0.29671349422164,0.517324784135985,0.185961721642375,0.185961721642375,0.110751772579265,0.999999994218956
4.86779277777819e-07,0.294563956252326,0.52025726060062,0.185178783147053,0.185178783147053,0.109385173105273,0.999999994175629
5.02758321177375e-07,0.292418368628502,0.523192560375834,0.184389070995664,0.184389070995664,0.108029297632839,0.999999994132645
5.19261893536195e-07,0.290276993713186,0.526130277709702,0.183592728577112,0.183592728577112,0.106684265136074,0.999999994090004
5.36307213070806e-07,0.288140086912704,0.529070012519577,0.182789900567718,0.182789900567718,0.105350186344986,0.999999994047708
5.53912063203856e-07,0.286007896729652,0.532011370471431,0.181980732798916,0.181980732798916,0.104027163930736,0.999999994005757
5.72094811117606e-07,0.283880664821755,0.53495396305011,0.181165372128136,0.181165372128136,0.102715292693619,0.999999993964153
5.90874426916454e-07,0.281758626066202,0.537897407620854,0.180343966312944,0.180343966312944,0.101414659753257,0.999999993922896
6.10270503418493e-07,0.279642008629012,0.54084132748247,0.179516663888517,0.179516663888517,0.100125344740495,0.999999993881987
6.30303276596736e-07,0.277531034039013,0.543785351912496,0.178683614048491,0.178683614048491,0.0988474199905219,0.999999993841425
6.50993646691368e-07,0.275425917266027,0.546729116204739,0.177844966529234,0.177844966529234,0.0975809507367927,0.999999993801211
6.72363200015008e-07,0.273326866802901,0.549672261699519,0.17700087149758,0.17700087149758,0.0963259953053202,0.999999993761345
6.94434231473761e-07,0.271234084750987,0.552614435806982,0.176151479442031,0.176151479442031,0.0950826053089563,0.999999993721827
7.17229767827552e-07,0.269147766908752,0.555555292023798,0.175296941067451,0.175296941067451,0.0938508258413009,0.999999993682656
7.40773591713991e-07,0.267068102863153,0.558494489943596,0.174437407193251,0.174437407193251,0.0926306956699022,0.999999993643832
7.65090266460866e-07,0.264995276083497,0.561431695261442,0.173573028655061,0.173573028655061,0.0914222474284364,0.999999993605355
7.90205161713115e-07,0.26292946401745,0.56436657977268,0.17270395620987,0.17270395620987,0.0902255078075805,0.999999993567222
8.16144479901037e-07,0.260870838188938,0.567298821366438,0.171830340444625,0.171830340444625,0.0890404977443133,0.999999993529435
8.42935283577358e-07,0.258819564297655,0.570228104014092,0.170952331688253,0.170952331688253,0.0878672326094013,0.999999993491991
8.70605523651641e-07,0.256775802319931,0.573154117752986,0.170070079927083,0.170070079927083,0.0867057223928484,0.99999999345489
8.99184068551557e-07,0.254739706610722,0.576076558665663,0.169183734723615,0.169183734723615,0.0855559718871067,0.999999993418131
9.28700734341368e-07,0.252711426006486,0.578995128854896,0.168293445138619,0.168293445138619,0.0844179808678667,0.999999993381711
9.59186315829108e-07,0.250691103928749,0.581909536414764,0.167399359656487,0.167399359656487,0.0832917442722613,0.999999993345631
9.90672618694879e-07,0.248678878488153,0.58481949539803,0.166501626113817,0.166501626113817,0.0821772523743363,0.999999993309888
1.02319249267378e-06,0.246674882588806,0.587724725780046,0.165600391631149,0.165600391631149,0.081074490957657,0.999999993274481
1.05677986582814e-06,0.244679244032747,0.59062495341944,0.164695802547813,0.164695802547813,0.0799834414849335,0.999999993239408
1.09146977994472e-06,0.242692085624393,0.593519910015779,0.163788004359828,0.163788004359828,0.0789040812645647,0.999999993204668
1.12729842709391e-06,0.240713525274786,0.596409333064443,0.162877141660772,0.162877141660772,0.0778363836140138,0.99999999317026
1.164303187389e-06,0.238743676105524,0.599292965808889,0.161963358085586,0.161963358085586,0.0767803180199381,0.99999999313618
1.20252266798493e-06,0.236782646552239,0.602170557190536,0.161046796257225,0.161046796257225,0.0757358502950138,0.999999993102427
1.24199674335724e-06,0.234830540467496,0.605041861796409,0.160127597736095,0.160127597736095,0.074702942731401,0.999999993069
1.2827665969032e-06,0.23288745722302,0.60790663980477,0.15920590297221,0.15920590297221,0.0736815542508103,0.999999993035897
1.32487476390855e-06,0.230953491811135,0.610764656928869,0.158281851259996,0.158281851259996,0.0726716405511393,0.999999993003115
1.36836517592468e-06,0.229028734945333,0.61361568435899,0.157355580695677,0.157355580695677,0.0716731542496561,0.999999992970652
1.41328320660248e-06,0.227113273159882,0.616459498702954,0.156427228137164,0.156427228137164,0.070686045022718,0.999999992938506
1.45967571903081e-06,0.2252071889084,0.619295881925217,0.155496929166383,0.155496929166383,0.0697102597420178,0.999999992906676
1.50759111462889e-06,0.223310560661331,0.622124621284699,0.15456481805397,0.15456481805397,0.068745742607361,0.999999992875159
1.55707938364357e-06,0.221423463002245,0.624945509271492,0.153631027726263,0.153631027726263,0.0677924352759816,0.999999992843952
1.6081921573043e-06,0.219545966722928,0.627758343542554,0.152695689734518,0.152695689734518,0.0668502769884098,0.999999992813054
1.66098276169013e-06,0.217678138917192,0.63056292685653,0.151758934226278,0.151758934226278,0.0659192046909143,0.999999992782463
1.71550627336491e-06,0.215820043073373,0.633359067007795,0.150820889918832,0.150820889918832,0.0649991531545406,0.999999992752175
1.77181957683881e-06,0.213971739165473,0.636146576759834,0.149881684074693,0.149881684074693,0.0640900550907794,0.999999992722189
1.82998142391606e-06,0.212133283742915,0.638925273778066,0.148941442479019,0.148941442479019,0.0631918412638954,0.999999992692502
1.89005249499087e-06,0.21030473001888,0.641694980562197,0.148000289418923,0.148000289418923,0.0623044405999566,0.999999992663112
1.95209546235539e-06,0.208486127957203,0.6444555243782,0.147058347664598,0.147058347664598,0.0614277802926049,0.999999992634017
2.01617505558591e-06,0.206677524357801,0.647206737190011,0.146115738452188,0.146115738452188,0.0605617859056124,0.999999992605214
2.08235812907536e-06,0.20487896294063,0.649948455591011,0.145172581468359,0.14517258146836,0.0597063814722704,0.999999992576701
2.15071373178262e-06,0.203090484428142,0.652680520735376,0.144228994836482,0.144228994836482,0.0588614895916603,0.999999992548476
2.22131317927155e-06,0.201312126626243,0.655402778269373,0.143285095104384,0.143285095104383,0.0580270315218597,0.999999992520536
2.2942301281146e-06,0.199543924503741,0.658115078262654,0.142340997233606,0.142340997233606,0.057202927270135,0.999999992492878
2.36954065273895e-06,0.197785910270277,0.660817275139623,0.1413968145901,0.1413968145901,0.0563890956801769,0.9999999924655
2.44732332479511e-06,0.196038113452749,0.663509227610937,0.140452658936314,0.140452658936314,0.0555854545164356,0.9999999924384
2.52765929513092e-06,0.194300560970215,0.666190798605181,0.139508640424604,0.139508640424604,0.0547919205456117,0.999999992411576
2.61063237845642e-06,0.192573277207289,0.668861855200786,0.138564867591926,0.138564867591926,0.0540084096153629,0.999999992385025
2.69632914078795e-06,0.190856284086028,0.671522268558228,0.137621447355743,0.137621447355743,0.0532348367302847,0.999999992358744
2.78483898976267e-06,0.189149601136333,0.674171913852559,0.136678485011108,0.136678485011108,0.0524711161252246,0.999999992332731
2.87625426791775e-06,0.187453245564844,0.676810670206302,0.135736084228853,0.135736084228853,0.0517171613359911,0.999999992306984
2.9706703490316e-06,0.185767232322375,0.679438420622765,0.13479434705486,0.13479434705486,0.0509728852675157,0.9999999922815
3.06818573762752e-06,0.184091574169869,0.682055051919793,0.133853373910338,0.133853373910338,0.0502382002595306,0.999999992256277
3.16890217174373e-06,0.182426281742906,0.684660454664007,0.132913263593086,0.132913263593086,0.0495130181498202,0.999999992231313
3.27292472907689e-06,0.18077136361478,0.687254523105547,0.131974113279672,0.131974113279672,0.048797250335108,0.999999992206604
3.38036193660993e-06,0.17912682635814,0.689837155113358,0.131036018528502,0.131036018528502,0.048090807829638,0.99999999218215
3.49132588383849e-06,0.177492674605236,0.692408252111038,0.130099073283726,0.130099073283726,0.0473936013215098,0.999999992157946
3.60593233971418e-06,0.175868911106771,0.694967719013285,0.129163369879944,0.129163369879944,0.0467055412268276,0.999999992133992
3.7243008734266e-06,0.17425553678939,0.69751546416294,0.12822899904767,0.12822899904767,0.0460265377417196,0.999999992110284
3.84655497915016e-06,0.172652550811806,0.700051399268675,0.127296049919519,0.127296049919519,0.0453565008922875,0.99999999208682
3.97282220488582e-06,0.171059950619607,0.702575439343327,0.126364610037066,0.126364610037066,0.0446953405825419,0.999999992063598
4.10323428553227e-06,0.169477731998741,0.705087502642898,0.125434765358361,0.125434765358361,0.0440429666403806,0.999999992040616
4.23792728032526e-06,0.167905889127715,0.707587510606235,0.12450660026605,0.12450660026605,0.0433992888616653,0.999999992017871
4.37704171478848e-06,0.166344414628521,0.710075387795409,0.12358019757607,0.12358019757607,0.0427642170524513,0.999999991995361
4.52072272734421e-06,0.164793299616312,0.7125510618368,0.122655638546888,0.122655638546888,0.0421376610694241,0.999999991973084
4.66912022073661e-06,0.163252533747851,0.715014463362895,0.121733002889254,0.121733002889254,0.0415195308585964,0.999999991951037
4.82238901842554e-06,0.161722105268747,0.717465525954822,0.120812368776431,0.120812368776431,0.0409097364923165,0.999999991929218
4.9806890261143e-06,0.160202001059517,0.719904186085607,0.119893812854876,0.119893812854876,0.0403081882046403,0.999999991907625
5.14418539857963e-06,0.158692206680466,0.722330383064185,0.11897741025535,0.11897741025535,0.0397147964251163,0.999999991886256
5.31304871197807e-06,0.157192706415443,0.724744058980147,0.11806323460441,0.11806323460441,0.0391294718110326,0.999999991865109
5.48745514180847e-06,0.155703483314462,0.727145158649252,0.117151358036286,0.117151358036286,0.0385521252781753,0.99999999184418
5.6675866467163e-06,0.154224519235232,0.729533629559679,0.116241851205089,0.116241851205089,0.0379826680301432,0.999999991823469
5.85363115833159e-06,0.152755794883605,0.731909421819056,0.115334783297339,0.115334783297339,0.0374210115862668,0.999999991802972
6.04578277733839e-06,0.151297289852971,0.734272488102234,0.114430222044795,0.114430222044795,0.0368670678081754,0.999999991782689
6.2442419759805e-06,0.149848982662611,0.736622783599835,0.113528233737554,0.113528233737554,0.0363207489250575,0.999999991762616
6.44921580721465e-06,0.148410850795049,0.738960265967557,0.112628883237394,0.112628883237394,0.0357819675576557,0.999999991742752
6.66091812072936e-06,0.146982870732399,0.741284895276243,0.111732233991359,0.111732233991358,0.03525063674104,0.999999991723094
6.87956978605476e-06,0.145565017991744,0.743596633962711,0.110838348045545,0.110838348045545,0.0347266699461989,0.999999991703641
7.10539892299639e-06,0.14415726715957,0.74589544678135,0.109947286059081,0.109947286059081,0.0342099811004888,0.99999999168439
7.33864113963309e-06,0.142759591925258,0.748181300756464,0.109059107318278,0.109059107318278,0.0337004846069806,0.999999991665339
7.57953977812749e-06,0.141371965113679,0.750454165135384,0.108173869750937,0.108173869750937,0.0331980953627417,0.999999991646487
7.82834616860541e-06,0.139994358716883,0.752714011342324,0.107291629940794,0.107291629940794,0.032702728776089,0.999999991627831
8.0853198913693e-06,0.13862674392493,0.75496081293299,0.106412443142079,0.10641244314208,0.0322143007828508,0.999999991609369
8.35072904771889e-06,0.137269091155866,0.757194545549938,0.105536363294196,0.105536363294196,0.0317327278616705,0.9999999915911
8.62485053966196e-06,0.135921370084861,0.759415186878666,0.104663443036473,0.104663443036473,0.0312579270483873,0.999999991573021
8.90797035880684e-06,0.13458354967254,0.761622716604448,0.103793733723012,0.103793733723012,0.0307898159495276,0.99999999155513
9.20038388473819e-06,0.133255598192519,0.763817116369899,0.102927285437582,0.102927285437582,0.0303283127549367,0.999999991537427
9.50239619318715e-06,0.131937483258158,0.765998369733269,0.102064147008573,0.102064147008573,0.0298733362495851,0.999999991519907
9.81432237431766e-06,0.130629171848565,0.768166462127447,0.101204366023987,0.101204366023987,0.0294248058245778,0.999999991502571
1.01364878614607e-05,0.129330630333849,0.770321380819699,0.100347988846453,0.100347988846453,0.028982641487396,0.999999991485416
1.04692287706399e-05,0.128041824499654,0.772463114872093,0.0994950606282528,0.0994950606282528,0.0285467638714011,0.99999999146844
1.08128922512416e-05,0.12676271957099,0.774591655102647,0.0986456253263623,0.0986456253263623,0.0281170942446279,0.999999991451641
1.11678368481974e-05,0.125493280235368,0.776706994047158,0.0977997257174743,0.0977997257174743,0.0276935545178937,0.999999991435018
1.15344328760545e-05,0.124233470665262,0.778809125921726,0.0969574034130122,0.0969574034130123,0.0272760672522498,0.999999991418568
1.19130628053258e-05,0.122983254539919,0.780898046585964,0.0961186988741175,0.0961186988741175,0.0268645556658011,0.999999991402291
1.23041216615222e-05,0.12174259506652,0.782973753506878,0.0952836514266023,0.0952836514266022,0.0264589436399175,0.999999991386183
1.27080174372841e-05,0.120511455000722,0.785036245723417,0.0944522992758607,0.0944522992758607,0.0260591557248615,0.999999991370245
1.31251715180404e-05,0.119289796666585,0.787085523811685,0.0936246795217299,0.0936246795217299,0.0256651171448549,0.999999991354473
1.35560191216418e-05,0.118077581975901,0.789121589850805,0.0928008281732936,0.0928008281732937,0.0252767538026075,0.999999991338866
1.40010097524237e-05,0.116874772446949,0.79114444738943,0.0919807801636209,0.0919807801636209,0.0248939922833277,0.999999991323422
1.44606076701759e-05,0.115681329222673,0.793154101412893,0.0911645693644344,0.0911645693644343,0.0245167598582387,0.999999991308141
1.49352923745053e-05,0.114497213088317,0.795150558310983,0.0903522286006997,0.0903522286006997,0.0241449844876178,0.999999991293019
1.54255591050998e-05,0.113322384488513,0.797133825846354,0.0895437896651329,0.0895437896651329,0.0237785948233803,0.999999991278056
1.59319193584122e-05,0.112156803543845,0.799103913123537,0.0887392833326178,0.0887392833326178,0.0234175202112269,0.99999999126325
1.64549014213061e-05,0.111000430066901,0.80106083055857,0.0879387393745293,0.0879387393745292,0.0230616906923714,0.999999991248599
1.6995050922219e-05,0.109853223577826,0.803004589849217,0.0871421865729576,0.0871421865729576,0.0227110370048682,0.999999991234102
1.75529314004175e-05,0.108715143319385,0.804935203945786,0.0863496527348285,0.0863496527348285,0.0223654905845569,0.999999991219758
1.8129124893939e-05,0.107586148271554,0.806852687022531,0.0855611647059151,0.0855611647059151,0.0220249835656385,0.999999991205563
1.87242325468339e-05,0.106466197165639,0.808757054449623,0.0847767483847378,0.0847767483847379,0.0216894487809017,0.999999991191518
1.933887523634e-05,0.105355248497962,0.81064832276569,0.083996428736348,0.083996428736348,0.0213588197616138,0.999999991177621
1.99736942206459e-05,0.104253260543083,0.812526509650925,0.0832202298059923,0.0832202298059923,0.0210330307370909,0.99999999116387
2.06293518079165e-05,0.103160191366617,0.814391633900729,0.082448174732654,0.082448174732654,0.0207120166339627,0.999999991150263
2.13065320472813e-05,0.102075998837614,0.816243715399916,0.0816802857624693,0.0816802857624693,0.0203957130751449,0.9999999911368
2.20059414425039e-05,0.101000640640548,0.818082775097438,0.0809165842620141,0.0809165842620141,0.0200840563785341,0.999999991123478
2.27283096890798e-05,0.0999340742868973,0.819908834981642,0.0801570907314607,0.0801570907314607,0.0197769835554366,0.999999991110297
2.34743904355287e-05,0.0988762571263464,0.821721918056053,0.0794018248176009,0.0794018248176009,0.0194744323087455,0.999999991097255
2.42449620696783e-05,0.0978271463576105,0.823522048315656,0.0786508053267337,0.0786508053267337,0.0191763410308768,0.99999999108435
2.50408285307579e-05,0.0967866990388924,0.825309250723692,0.0779040502374156,0.0779040502374156,0.0188826488014768,0.999999991071582
2.58628201481505e-05,0.0957548720979849,0.827083551188943,0.0771615767130726,0.0771615767130726,0.0185932953849123,0.999999991058948
2.67117945076771e-05,0.0947316223420255,0.828844976543504,0.0764234011144708,0.0764234011144708,0.0183082212275547,0.999999991046448
2.75886373463177e-05,0.0937169064669137,0.83059355452104,0.0756895390120463,0.0756895390120463,0.0180273674548674,0.99999999103408
2.8494263476304e-05,0.0927106810663997,0.832329313735509,0.0749600051980913,0.0749600051980913,0.0177506758683085,0.999999991021842
2.94296177395436e-05,0.0917129026408535,0.834052283660349,0.0742348136987971,0.074234813698797,0.0174780889420564,0.999999991009735
3.03956759933773e-05,0.0907235276057224,0.835762494608126,0.073513977786152,0.0735139777861521,0.0172095498195703,0.999999990997755
3.13934461286925e-05,0.0897425122996862,0.83745997771062,0.0727975099896942,0.0727975099896942,0.016945002309992,0.999999990985902
3.24239691214583e-05,0.0887698129925183,0.839144764899363,0.0720854221081183,0.0720854221081184,0.0166843908844,0.999999990974175
3.34883201187784e-05,0.0878053858926597,0.840816888886604,0.0713777252207368,0.0713777252207368,0.0164276606719229,0.999999990962573
3.45876095605948e-05,0.0868491871545149,0.842476383146691,0.0706744296987937,0.0706744296987937,0.0161747574557212,0.999999990951093
3.57229843382119e-05,0.0859011728854778,0.844123281897889,0.069975545216633,0.069975545216633,0.0159256276688447,0.999999990939736
3.68956289908515e-05,0.0849612991526933,0.845757620084587,0.0692810807627202,0.0692810807627202,0.0156802183899731,0.9999999909285
3.8106766941485e-05,0.084029521989564,0.847379433359919,0.068591044650517,0.0685910446505171,0.0154384773390469,0.999999990917382
3.93576617732339e-05,0.0831057974020086,0.84898875806878,0.0679054445292113,0.0679054445292113,0.0152003528727973,0.999999990906384
4.06496185476687e-05,0.0821900813744785,0.850585631231221,0.0672242873943003,0.0672242873943003,0.0149657939801782,0.999999990895502
4.19839851663829e-05,0.0812823298757403,0.85217009052623,0.0665475795980294,0.0665475795980293,0.0147347502777109,0.999999990884737
4.33621537772622e-05,0.0803824988644304,0.853742174275884,0.065875326859686,0.065875326859686,0.0145071720047444,0.999999990874086
4.47855622269155e-05,0.0794905442943897,0.85530192142986,0.0652075342757503,0.0652075342757502,0.0142830100186395,0.999999990863549
4.62556955607834e-05,0.0786064221197829,0.856849371550315,0.0645442063299021,0.0645442063299022,0.0140622157898808,0.999999990853125
4.77740875724904e-05,0.0777300883000102,0.858384564797103,0.0638853469028866,0.0638853469028865,0.0138447413971237,0.999999990842813
4.93423224040549e-05,0.0768614988044178,0.859907541913344,0.0632309592822379,0.0632309592822378,0.0136305395221799,0.999999990832611
5.09620361986283e-05,0.0760006096168119,0.861418344211324,0.0625810461718637,0.0625810461718637,0.0134195634449482,0.999999990822518
5.26349188074876e-05,0.0751473767397846,0.862917013558725,0.0619356097014904,0.0619356097014904,0.0132117670382942,0.999999990812533
5.43627155530606e-05,0.0743017561988547,0.864403592365175,0.0612946514359701,0.06129465143597,0.0130071047628846,0.999999990802656
5.61472290498255e-05,0.0734637040464319,0.865878123569116,0.0606581723844523,0.0606581723844524,0.0128055316619795,0.999999990792885
5.79903210849829e-05,0.0726331763656079,0.867340650624972,0.06002617300942,0.06002617300942,0.0126070033561879,0.999999990783219
5.98939145608622e-05,0.0718101292737819,0.868791217490626,0.0593986532355916,0.0593986532355916,0.0124114760381903,0.999999990773658
6.18599955010908e-05,0.0709945189261239,0.870229868615184,0.058775612458692,0.058775612458692,0.0122189064674319,0.999999990764199
6.38906151226174e-05,0.0701863015188833,0.871656648927025,0.058157049554092,0.058157049554092,0.0120292519647914,0.999999990754842
6.59878919757511e-05,0.0693854332925461,0.873071603822135,0.0575429628853192,0.0575429628853192,0.0118424704072269,0.999999990745587
6.81540141544502e-05,0.0685918705348469,0.874474779152711,0.0569333503124417,0.0569333503124417,0.0116585202224051,0.999999990736432
7.03912415791659e-05,0.0678055695836411,0.875866221216033,0.0563282092003264,0.0563282092003264,0.0114773603833147,0.999999990727376
7.27019083546226e-05,0.0670264868296411,0.877245976743586,0.0557275364267726,0.0557275364267725,0.0112989504028685,0.999999990718418
7.50884252049954e-05,0.0662545787190219,0.878614092890454,0.0551313283905245,0.0551313283905245,0.0111232503284975,0.999999990709557
7.75532819890234e-05,0.0654898017559018,0.879970617224935,0.0545395810191636,0.0545395810191636,0.0109502207367381,0.999999990700793
8.00990502976862e-05,0.0647321125047005,0.881315597718417,0.0539522897768822,0.0539522897768821,0.0107798227278183,0.999999990692124
8.27283861371507e-05,0.0639814675923823,0.882649082735477,0.0533694496721406,0.0533694496721406,0.0106120179202417,0.999999990683549
8.54440326997885e-05,0.0632378237105861,0.883971121024203,0.0527910552652109,0.0527910552652109,0.0104467684453752,0.999999990675068
8.82488232261553e-05,0.0625011376176485,0.885281761706744,0.0522171006756071,0.0522171006756071,0.0102840369420414,0.99999999066668
9.11456839609173e-05,0.0617713661405233,0.886581054270071,0.0516475795894059,0.051647579589406,0.0101237865511174,0.999999990658383
9.41376372058094e-05,0.0610484661766023,0.887869048556939,0.0510824852664589,0.0510824852664589,0.00996598091014344,0.999999990650177
9.722780447281e-05,0.060332394695441,0.889145794757061,0.0505218105474981,0.0505218105474981,0.00981058414794282,0.999999990642061
0.000100419409740822,0.0596231087403934,0.890411343398468,0.0499655478611382,0.0499655478611382,0.00965756087925519,0.999999990634034
0.000103715782819255,0.0589205654301612,0.891665745339063,0.049413689230776,0.0494136892307761,0.00950687619938514,0.999999990626095
0.00010712036282203,0.0582247219602587,0.89290905175835,0.0488662262813909,0.0488662262813909,0.00935849567886784,0.999999990618244
0.000110636701755609,0.0575355356044001,0.894141314149353,0.0483231502462464,0.0483231502462465,0.00921238535815366,0.99999999061048
0.000114268468224812,0.0568529637158111,0.895362584310691,0.047784451973498,0.0477844519734981,0.00906851174231307,0.9999999906028
0.000118019451260286,0.0561769637284694,0.896572914338825,0.0472501219327057,0.0472501219327057,0.00892684179576367,0.999999990595206
0.000121893564271606,0.0555074931582773,0.897772356620466,0.0467201502212567,0.0467201502212567,0.00878734293702061,0.999999990587697
0.000125894849130144,0.0548445096041706,0.898960963825131,0.0461945265706986,0.0461945265706986,0.00864998303347197,0.99999999058027
0.000130027480385966,0.0541879707491666,0.900138788897847,0.0456732403529863,0.0456732403529863,0.00851473039618022,0.999999990572925
0.000134295769623147,0.0535378343613548,0.901305885052001,0.0451562805866437,0.0451562805866437,0.00838155377471115,0.999999990565663
0.000138704169958061,0.0528940582948347,0.902462305762322,0.0446436359428433,0.0446436359428433,0.00825042235199143,0.999999990558481
0.000143257280685323,0.0522566004906019,0.903608104757992,0.044135294751406,0.044135294751406,0.00812130573919581,0.999999990551379
0.000147959852076248,0.0516254189773879,0.904743336015889,0.0436312450067228,0.0436312450067227,0.0079941739706651,0.999999990544357
0.000152816790334818,0.0510004718724557,0.905868053753945,0.0431314743735998,0.0431314743735997,0.00786899749885594,0.999999990537413
0.000157833162716338,0.0503817173823545,0.906982312424614,0.0426359701930313,0.0426359701930313,0.00774574718932313,0.999999990530547
0.000163014202814114,0.0497691138036356,0.908086166708464,0.0421447194879001,0.0421447194879001,0.00762439431573552,0.999999990523758
0.000168365316019676,0.049162619523535,0.909179671507856,0.0416577089686087,0.0416577089686087,0.00750491055492628,0.999999990517045
0.000173892085162232,0.0485621930206224,0.910262881940733,0.0411749250386442,0.0411749250386442,0.00738726798197821,0.999999990510408
0.000179600276333251,0.047967792865422,0.911335853334501,0.0406963538000771,0.0406963538000772,0.00727143906534485,0.999999990503846
0.000185495844902237,0.0473793777210063,0.912398641219995,0.0402219810589982,0.0402219810589982,0.00715739666200806,0.999999990497358
0.000191584941729985,0.0467969063435663,0.91345130132554,0.0397517923308936,0.0397517923308935,0.00704511401267268,0.999999990490944
0.00019787391958578,0.0462203375829606,0.914493889571078,0.0392857728459618,0.0392857728459617,0.00693456473699884,0.999999990484602
0.000204369339775265,0.0456496303832459,0.915526462062381,0.0388239075543735,0.0388239075543736,0.00682572282887235,0.999999990478332
0.000211077978985864,0.0450847437831913,0.916549075085331,0.0383661811314774,0.0383661811314775,0.00671856265171385,0.999999990472133
0.000218006836356915,0.044525636916779,0.917561785100269,0.037912577982952,0.037912577982952,0.00661305893382695,0.999999990466006
0.000225163140781888,0.0439722690136936,0.918564648736399,0.0374630822499077,0.0374630822499077,0.00650918676378592,0.999999990459948
0.000232554358450312,0.0434245993998028,0.919557722786258,0.0370176778139396,0.0370176778139396,0.00640692158586318,0.999999990453959
0.000240188200637262,0.0428825874976301,0.920541064200237,0.0365763483021331,0.0365763483021331,0.00630623919549704,0.999999990448039
0.000248072631748554,0.0423461928268244,0.921514730081151,0.0361390770920245,0.0361390770920245,0.00620711573479985,0.999999990442187
0.00025621587763003,0.0418153750046254,0.922478777678856,0.0357058473165183,0.0357058473165183,0.00610952768810702,0.999999990436402
0.000264626434149599,0.0412900937463295,0.923433264384908,0.0352766418687626,0.0352766418687626,0.0060134518775669,0.999999990430684
0.000273313076060999,0.0407703088657566,0.924378247727259,0.0348514434069847,0.0348514434069847,0.00591886545877191,0.999999990425032
0.000282284866158518,0.0402559802757198,0.925313785364991,0.0344302343592887,0.0344302343592888,0.00582574591643105,0.999999990419445
0.000291551164732229,0.0397470679885003,0.926239935083083,0.0340129969284163,0.0340129969284163,0.00573407106008394,0.999999990413923
0.000301121639333601,0.0392435321163289,0.927156754787199,0.0335997130964725,0.0335997130964725,0.00564381901985642,0.999999990408465
0.000311006274861684,0.0387453328718759,0.928064302498506,0.0331903646296179,0.033190364629618,0.00555496824225798,0.99999999040307
0.000321215383980369,0.0382524305687506,0.92896263634852,0.0327849330827296,0.0327849330827296,0.00546749748602099,0.999999990397739
0.000331759617877626,0.0377647856220121,0.929851814573957,0.0323833998040304,0.0323833998040304,0.00538138581798173,0.999999990392469
0.000342649977377904,0.0372823585486935,0.930731895511616,0.0319857459396901,0.0319857459396901,0.0052966126090034,0.999999990387261
0.000353897824419325,0.036805109968339,0.931602937593263,0.0315919524383981,0.031591952438398,0.00521315752994097,0.999999990382115
0.000365514893907615,0.0363330006035579,0.932464999340532,0.0312020000559099,0.0312020000559099,0.00513100054764797,0.999999990377029
0.000377513305959163,0.0358659912805937,0.933318139359838,0.0308158693595686,0.0308158693595685,0.00505012192102513,0.999999990372002
0.000389905578545969,0.0354040429299121,0.934162416337287,0.0304335407328013,0.0304335407328012,0.00497050219711077,0.999999990367035
0.000402704640555667,0.0349471165868069,0.934997889033599,0.0300549943795938,0.0300549943795938,0.00489212220721309,0.999999990362126
0.000415923845280274,0.0344951733920262,0.935824616279031,0.0296802103289423,0.0296802103289423,0.00481496306308394,0.999999990357276
0.000429576984347703,0.0340481745924191,0.936642656968296,0.0293091684392848,0.0293091684392849,0.00473900615313431,0.999999990352483
0.000443678302110607,0.0336060815416037,0.937452070055484,0.0289418484029125,0.0289418484029125,0.00466423313869121,0.999999990347747
0.000458242510507543,0.0331688557006573,0.938252914548981,0.0285782297503614,0.0285782297503614,0.00459062595029586,0.999999990343068
0.000473284804411975,0.0327364586388299,0.939045249506383,0.0282182918547868,0.0282182918547867,0.00451816678404314,0.999999990338444
0.00048882087748512,0.0323088520342811,0.9398291340294,0.0278620139363191,0.0278620139363191,0.00444683809796201,0.999999990333875
0.000504866938549183,0.0318859976748406,0.940604627258756,0.0275093750664037,0.0275093750664037,0.00437662260843682,0.999999990329362
0.00052143972849806,0.0314678574587939,0.941371788369082,0.0271603541721246,0.0271603541721246,0.00430750328666934,0.999999990324902
0.000538556537763153,0.0310543933956928,0.942130676563796,0.0268149300405115,0.0268149300405116,0.00423946335518123,0.999999990320497
0.000556235224352518,0.0306455676071904,0.942881351069976,0.0264730813228335,0.0264730813228335,0.00417248628435692,0.999999990316144
0.000574494232482167,0.030241342327903,0.94362387113322,0.0261347865388765,0.0261347865388765,0.00410655578902649,0.999999990311844
0.000593352611818965,0.0298416799062963,0.944358296012496,0.0258000240812079,0.0258000240812079,0.00404165582508845,0.999999990307596
0.000612830037355189,0.0294465428055985,0.945084684974975,0.0254687722194262,0.0254687722194262,0.00397777058617224,0.999999990303399
0.0006329468299355,0.0290558936047382,0.945803097290864,0.0251410091043981,0.025141009104398,0.0039148845003401,0.999999990299254
0.000653723977457721,0.0286696949993096,0.946513592228209,0.0248167127724815,0.0248167127724815,0.00385298222682809,0.999999990295159
0.00067518315676957,0.0282879098025618,0.947216229047703,0.0244958611497357,0.0244958611497357,0.00379204865282609,0.999999990291114
0.000697346756284161,0.027910500946415,0.947911066997466,0.0241784320561186,0.0241784320561186,0.00373206889029647,0.999999990287119
0.000720237899337892,0.0275374314825015,0.948598165307828,0.0238644032096703,0.0238644032096704,0.00367302827283113,0.999999990283172
0.000743880468315072,0.0271686645832317,0.949277583186083,0.023553752230685,0.023553752230685,0.00361491235254672,0.999999990279274
0.00076829912956448,0.0268041635428854,0.949949379811247,0.0232464566458677,0.0232464566458677,0.00355770689701769,0.999999990275424
0.000793519359133813,0.026443891778727,0.950613614328793,0.02294249389248,0.02294249389248,0.00350139788624698,0.999999990271621
0.00081956746934892,0.026087812832145,0.951270345845384,0.0226418413224711,0.0226418413224711,0.00344597150967393,0.999999990267866
0.000846470636265502,0.0257358903698144,0.951919633423591,0.0223444762065951,0.0223444762065951,0.00339141416321931,0.999999990264157
0.000874256928021966,0.0253880881848824,0.952561536076602,0.0220503757385155,0.0220503757385155,0.00333771244636695,0.999999990260494
0.000902955334122976,0.0250443701981765,0.953196112762929,0.0217595170388946,0.0217595170388946,0.00328485315928188,0.999999990256877
0.000932595795684277,0.024704700459433,0.953823422381099,0.0214718771594684,0.0214718771594684,0.00323282329996457,0.999999990253305
0.000963209236670323,0.0243690431485479,0.954443523764345,0.0211874330871069,0.0211874330871069,0.00318161006144096,0.999999990249777
0.000994827596157334,0.0240373625768468,0.955056475675295,0.0209061617478588,0.0209061617478587,0.003131200828988,0.999999990246294
0.00102748386165541,0.023709623188374,0.955662336800646,0.0206280400109795,0.0206280400109795,0.00308158317739446,0.999999990242854
0.00106121210352446,0.0233857895612006,0.956261165745855,0.0203530446929441,0.020353044692944,0.00303274486825653,0.999999990239458
0.00109604751051993,0.0230658264087495,0.956853021029809,0.0200811525614414,0.0200811525614414,0.00298467384730807,0.999999990236104
0.00113202642650527,0.022749698581137,0.957437961079511,0.019812340339352,0.019812340339352,0.00293735824178506,0.999999990232793
0.0011691863883696,0.0224373710665302,0.958016044224764,0.0195465847087062,0.0195465847087062,0.00289078635782404,0.999999990229524
0.00120756616519004,0.0221288089925182,0.958587328692858,0.019283862314624,0.0192838623146241,0.00284494667789412,0.999999990226296
0.00124720579867956,0.0218239776274976,0.959151872603267,0.0190241497692352,0.0190241497692352,0.00279982785826236,0.999999990223109
0.00128814664496261,0.0215228423820697,0.959709733962353,0.0187674236555777,0.0187674236555777,0.00275541872649204,0.999999990219963
0.00133043141772207,0.0212253688104492,0.960260970658075,0.0185136605314755,0.0185136605314755,0.00271170827897367,0.999999990216856
0.00137410423276252,0.0209315226118827,0.960805640454723,0.0182628369333944,0.0182628369333944,0.00266868567848825,0.99999999021379
0.00141921065403636,0.0206412696320762,0.96134380098765,0.0180149293802736,0.0180149293802736,0.00262634025180261,0.999999990210763
0.00146579774118084,0.0203545758646307,0.961875509758035,0.0177699143773343,0.0177699143773343,0.00258466148729642,0.999999990207775
0.0015139140986154,0.0200714074524836,0.962400824127653,0.0175277684198631,0.0175277684198631,0.00254363903262053,0.999999990204825
0.00156360992625089,0.0197917306893556,0.962919801313675,0.0172884679969692,0.0172884679969693,0.00250326269238633,0.999999990201913
0.00161493707186316,0.0195155120212017,0.963432498383483,0.0170519895953157,0.0170519895953157,0.00246352242588594,0.999999990199039
0.00166794908518602,0.0192427180476648,0.963938972249513,0.0168183097028222,0.0168183097028221,0.00242440834484263,0.999999990196203
0.0017227012737798,0.0189733155235309,0.96443927966413,0.0165874048123395,0.0165874048123394,0.00238591071119143,0.999999990193403
0.00177925076073385,0.018707271360184,0.964933477214521,0.0163592514252946,0.0163592514252946,0.00234801993488941,0.999999990190639
0.00183765654426318,0.0184445526270604,0.965421621317635,0.0161338260553049,0.0161338260553049,0.00231072657175543,0.999999990187911
