1e-07,0.371864254276263,0.45825848138643,0.169877264337307,0.169877264337307,0.201986989938956,0.999999995920126
1.03282605511167e-07,0.369593445440861,0.460956272105249,0.16945028245389,0.16945028245389,0.200143162986971,0.999999995862779
1.06672966011754e-07,0.367308717696812,0.463678168486796,0.169013113816392,0.169013113816392,0.19829560388042,0.999999995805497
1.10174618672982e-07,0.365010636984589,0.466423632236634,0.168565730778777,0.168565730778777,0.196444906205812,0.999999995748295
1.13791216777448e-07,0.362699772718912,0.469192114125739,0.168108113155348,0.168108113155348,0.194591659563564,0.999999995691191
1.17526533530609e-07,0.360376697037504,0.47198305472803,0.167640248234466,0.167640248234466,0.192736448803038,0.999999995634202
1.21384465997369e-07,0.358041984065001,0.474795885158687,0.167162130776313,0.167162130776313,0.190879853288688,0.999999995577343
1.25369039167899e-07,0.355696209193816,0.477630027811092,0.166673762995092,0.166673762995092,0.189022446198724,0.999999995520629
1.29484410156922e-07,0.353339948383577,0.480484897090334,0.166175154526089,0.166175154526089,0.187164793857489,0.999999995464076
1.33734872540836e-07,0.350973777480608,0.483359900141302,0.165666322378091,0.165666322378091,0.185307455102517,0.999999995407698
1.38124860837214e-07,0.348598271558764,0.486254437569531,0.165147290871705,0.165147290871705,0.183450980687059,0.99999999535151
1.42658955131348e-07,0.346214004282786,0.489167904153068,0.164618091564146,0.164618091564146,0.18159591271864,0.999999995295525
1.47341885854664e-07,0.343821547295154,0.492099689543734,0.164078763161112,0.164078763161112,0.179742784134042,0.999999995239757
1.52178538719987e-07,0.341421469627302,0.495049178956312,0.163529351416386,0.163529351416386,0.177892118210916,0.999999995184218
1.57173959818823e-07,0.33901433713588,0.498015753844276,0.162969909019844,0.162969909019844,0.176044428116035,0.999999995128921
1.62333360885955e-07,0.336600711964626,0.500998792560827,0.162400495474547,0.162400495474547,0.174200216490078,0.999999995073878
1.67662124736861e-07,0.33418115203226,0.503997671004112,0.161821176963627,0.161821176963627,0.172359975068633,0.9999999950191
1.73165810883613e-07,0.331756210546687,0.507011763245631,0.161232026207682,0.161232026207682,0.170524184339004,0.999999994964598
1.78850161335136e-07,0.32932643554566,0.510040442140941,0.160633122313398,0.160633122313398,0.168693313232262,0.999999994910383
1.84721106587855e-07,0.326892369463966,0.51308307992191,0.160024550614124,0.160024550614124,0.166867818849843,0.999999994856465
1.90784771812997e-07,0.324454548727045,0.516139048769843,0.159406402503112,0.159406402503112,0.165048146223932,0.999999994802853
1.97047483246998e-07,0.322013503370883,0.519207721368965,0.158778775260152,0.158778775260152,0.163234728110731,0.999999994749556
2.03515774791681e-07,0.319569756687924,0.522288471439795,0.158141771872281,0.158141771872281,0.161427984815643,0.999999994696584
2.10196394831087e-07,0.317123824898629,0.525380674252089,0.157495500849282,0.157495500849282,0.159628324049347,0.999999994643943
2.17096313272088e-07,0.314676216848272,0.528483707117096,0.156840076034632,0.156840076034632,0.157836140813639,0.999999994591643
2.24222728816098e-07,0.312227433728466,0.531596949858961,0.156175616412573,0.156175616412573,0.156051817315893,0.99999999453969
2.31583076469505e-07,0.309777968822859,0.53471978526522,0.155502245911921,0.155502245911921,0.154275722910938,0.999999994488091
2.39185035300624e-07,0.307328307276371,0.537851599516373,0.154820093207256,0.154820093207256,0.152508214069114,0.999999994436854
2.47036536451289e-07,0.304878925887325,0.540991782594608,0.154129291518067,0.154129291518067,0.150749634369258,0.999999994385983
2.55145771411436e-07,0.302430292921749,0.54413972867183,0.153429978406421,0.153429978406421,0.149000314515328,0.999999994335485
2.63521200565298e-07,0.299982867949105,0.547294836477181,0.152722295573713,0.152722295573713,0.147260572375392,0.999999994285364
2.72171562018149e-07,0.297537101698687,0.550456509644321,0.152006388656992,0.152006388656992,0.145530713041695,0.999999994235627
2.81105880712787e-07,0.295093435935875,0.553624157038765,0.15128240702536,0.15128240702536,0.143811028910515,0.999999994186277
2.9033347784528e-07,0.292652303357454,0.556797193065637,0.150550503576909,0.150550503576909,0.142101799780545,0.999999994137319
2.99863980589793e-07,0.290214127505159,0.559975037958224,0.149810834536617,0.149810834536617,0.140403292968542,0.999999994088756
3.09707332142639e-07,0.287779322696616,0.563157118047769,0.149063559255614,0.149063559255614,0.138715763441002,0.999999994040592
3.19873802096042e-07,0.285348293972866,0.56634286601494,0.148308840012194,0.148308840012194,0.137039453960672,0.99999999399283
3.30373997152427e-07,0.282921437061605,0.569531721123481,0.147546841814914,0.147546841814914,0.135374595246691,0.999999993945473
3.41218872190416e-07,0.280499138355352,0.572723129436532,0.146777732208116,0.146777732208116,0.133721406147235,0.999999993898524
3.52419741694082e-07,0.278081774903692,0.575916544016155,0.146001681080154,0.146001681080154,0.132080093823538,0.999999993851984
3.63988291557374e-07,0.275669714418814,0.579111425106591,0.145218860474595,0.145218860474595,0.130450853944219,0.999999993805856
3.7593659127604e-07,0.273263315293534,0.582307240301808,0.144429444404657,0.144429444404657,0.128833870888877,0.999999993760142
3.88277106539761e-07,0.270862926631026,0.585503464697896,0.143633608671078,0.143633608671078,0.127229317959947,0.999999993714842
4.01022712237636e-07,0.268468888285513,0.588699581030858,0.142831530683629,0.142831530683629,0.125637357601883,0.999999993669958
4.14186705890581e-07,0.266081530913171,0.591895079800383,0.142023389286445,0.142023389286445,0.124058141626726,0.999999993625492
4.27782821524667e-07,0.263701176032528,0.595089459380154,0.141209364587318,0.141209364587318,0.122491811445211,0.999999993581442
4.41825243999864e-07,0.261328136093661,0.598282226115247,0.140389637791092,0.140389637791092,0.120938498302569,0.999999993537811
4.56328623809131e-07,0.258962714555527,0.601472894407198,0.139564391037275,0.139564391037275,0.119398323518252,0.999999993494598
4.71308092363324e-07,0.256605205970775,0.604660986787277,0.138733807241949,0.138733807241949,0.117871398728826,0.999999993451803
4.86779277777819e-07,0.254255896077414,0.607846033978517,0.137898069944069,0.137898069944069,0.116357826133345,0.999999993409425
5.02758321177375e-07,0.251915061896746,0.611027574947042,0.137057363156212,0.137057363156212,0.114857698740535,0.999999993367466
5.19261893536195e-07,0.249582971836988,0.614205156943206,0.136211871219806,0.136211871219806,0.113371100617182,0.999999993325924
5.36307213070806e-07,0.247259885802033,0.61737833553308,0.135361778664887,0.135361778664887,0.111898107137146,0.999999993284797
5.53912063203856e-07,0.244946055304841,0.620546674620762,0.134507270074397,0.134507270074397,0.110438785230443,0.999999993244087
5.72094811117606e-07,0.242641723584947,0.623709746462036,0.133648529953017,0.133648529953017,0.10899319363193,0.99999999320379
5.90874426916454e-07,0.240347125729636,0.626867131669819,0.132785742600546,0.132785742600546,0.10756138312909,0.999999993163907
6.10270503418493e-07,0.238062488798312,0.630018419211888,0.1319190919898,0.1319190919898,0.106143396808512,0.999999993124436
6.30303276596736e-07,0.235788031949671,0.633163206401327,0.131048761649002,0.131048761649002,0.104739270300669,0.999999993085375
6.50993646691368e-07,0.233523966571248,0.63630109888012,0.130174934548632,0.130174934548632,0.103349032022616,0.999999993046722
6.72363200015008e-07,0.231270496410984,0.639431710596322,0.129297792992694,0.129297792992694,0.101972703418289,0.999999993008477
6.94434231473761e-07,0.229027817710454,0.642554663775199,0.128417518514347,0.128417518514347,0.100610299196107,0.999999992970636
7.17229767827552e-07,0.226796119339419,0.645669588884745,0.127534291775836,0.127534291775836,0.0992618275635829,0.999999992933199
7.40773591713991e-07,0.224575582931399,0.64877612459592,0.126648292472681,0.126648292472681,0.0979272904587185,0.999999992896163
7.65090266460866e-07,0.222366383019971,0.651873917738008,0.125759699242021,0.125759699242021,0.0966066837779505,0.999999992859526
7.90205161713115e-07,0.220168687175528,0.654962623249394,0.124868689575077,0.124868689575077,0.0952999976004509,0.999999992823286
8.16144479901037e-07,0.217982656142239,0.658041904124133,0.123975439733628,0.123975439733628,0.0940072164086107,0.99999999278744
8.42935283577358e-07,0.215808443974982,0.661111431354588,0.123080124670431,0.123080124670431,0.0927283193045511,0.999999992751986
8.70605523651641e-07,0.213646198176032,0.664170883870469,0.1221829179535,0.1221829179535,0.0914632802225324,0.999999992716922
8.99184068551557e-07,0.211496059831304,0.667219948474534,0.121283991694161,0.121283991694161,0.0902120681371431,0.999999992682245
9.28700734341368e-07,0.209358163745965,0.670258319775248,0.120383516478787,0.120383516478787,0.0889746472671776,0.999999992647952
9.59186315829108e-07,0.207232638579242,0.673285700116636,0.119481661304122,0.119481661304122,0.0877509772751197,0.999999992614041
9.90672618694879e-07,0.205119606978285,0.676301799505601,0.118578593516114,0.118578593516114,0.0865410134621704,0.999999992580509
1.02319249267378e-06,0.203019185710924,0.679306335536921,0.117674478752154,0.117674478752154,0.0853447069587702,0.999999992547354
1.05677986582814e-06,0.200931485797208,0.682299033316163,0.116769480886629,0.116769480886629,0.0841620049105784,0.999999992514571
1.09146977994472e-06,0.198856612639589,0.685279625380711,0.1158637619797,0.1158637619797,0.0829928506598894,0.99999999248216
1.12729842709391e-06,0.196794666151677,0.688247851619116,0.114957482229207,0.114957482229207,0.0818371839224696,0.999999992450117
1.164303187389e-06,0.194745740885431,0.691203459188955,0.114050799925613,0.114050799925613,0.0806949409598179,0.999999992418438
1.20252266798493e-06,0.192709926156743,0.694146202433368,0.113143871409889,0.113143871409889,0.0795660547468539,0.999999992387121
1.24199674335724e-06,0.190687306169302,0.697075842796452,0.112236851034247,0.112236851034247,0.0784504551350551,0.999999992356163
1.2827665969032e-06,0.188677960136702,0.699992148737659,0.111329891125639,0.111329891125639,0.0773480690110638,0.999999992325562
1.32487476390855e-06,0.186681962402722,0.702894895645357,0.110423141951921,0.110423141951921,0.0762588204508013,0.999999992295313
1.36836517592468e-06,0.184699382559725,0.705783865749675,0.1095167516906,0.1095167516906,0.0751826308691251,0.999999992265414
1.41328320660248e-06,0.182730285565147,0.708658848034783,0.108610866400071,0.108610866400071,0.0741194191650763,0.999999992235863
1.45967571903081e-06,0.180774731856028,0.711519638150711,0.107705629993261,0.107705629993261,0.0730691018627675,0.999999992206655
1.50759111462889e-06,0.178832777461566,0.714366038324836,0.106801184213598,0.106801184213598,0.0720315932479687,0.999999992177788
1.55707938364357e-06,0.176904474113661,0.717197857273126,0.105897668613213,0.105897668613213,0.0710068055004483,0.999999992149258
1.6081921573043e-06,0.174989869355439,0.72001491011126,0.104995220533301,0.104995220533301,0.0699946488221374,0.999999992121063
1.66098276169013e-06,0.173089006647743,0.722817018265695,0.104093975086562,0.104093975086562,0.0689950315611805,0.9999999920932
1.71550627336491e-06,0.171201925473582,0.725604009384783,0.103194065141635,0.103194065141635,0.0680078603319476,0.999999992065665
1.77181957683881e-06,0.169328661440533,0.728375717250009,0.102295621309457,0.102295621309457,0.0670330401310764,0.999999992038455
1.82998142391606e-06,0.167469246381098,0.731131981687427,0.101398771931475,0.101398771931475,0.0660704744496233,0.999999992011568
1.89005249499087e-06,0.165623708451025,0.733872648479348,0.100503643069627,0.100503643069627,0.0651200653813981,0.999999991985
1.95209546235539e-06,0.163792072225596,0.73659756927637,0.099610358498034,0.099610358498034,0.064181713727562,0.999999991958748
2.01617505558591e-06,0.161974358793894,0.73930660150978,0.0987190396963263,0.0987190396963262,0.0632553190975676,0.999999991932809
2.08235812907536e-06,0.160170585851065,0.741999608304393,0.0978298058445422,0.0978298058445422,0.0623407800065229,0.99999999190718
2.15071373178262e-06,0.158380767788592,0.744676458391876,0.0969427738195321,0.0969427738195321,0.0614379939690595,0.999999991881858
2.22131317927155e-06,0.156604915782593,0.747337026024601,0.0960580581928058,0.0960580581928058,0.0605468575897872,0.999999991856839
2.2942301281146e-06,0.15484303788018,0.749981190890057,0.0951757712297628,0.0951757712297628,0.059667266650417,0.999999991832122
2.36954065273895e-06,0.153095139083881,0.752608838025872,0.0942960228902465,0.0942960228902466,0.0587991161936346,0.999999991807702
2.44732332479511e-06,0.15136122143417,0.755219857735465,0.0934189208303648,0.0934189208303647,0.0579423006038051,0.999999991783576
2.52765929513092e-06,0.149641284090115,0.757814145504362,0.0925445704055225,0.0925445704055224,0.0570967136845928,0.999999991759743
2.61063237845642e-06,0.147935323408187,0.760391601917201,0.0916730746746127,0.0916730746746127,0.056262248733574,0.999999991736198
2.69632914078795e-06,0.146243333019241,0.762952132575445,0.0908045344053143,0.0908045344053143,0.0554387986139265,0.999999991712939
2.78483898976267e-06,0.14456530390372,0.765495648015832,0.0899390480804475,0.0899390480804475,0.0546262558232728,0.999999991689963
2.87625426791775e-06,0.142901224465095,0.768022063629566,0.0890767119053383,0.0890767119053383,0.0538245125597571,0.999999991667267
2.9706703490316e-06,0.14125108060158,0.770531299582274,0.0882176198161456,0.0882176198161456,0.0530334607854346,0.999999991644847
3.06818573762752e-06,0.139614855776156,0.773023280734736,0.0873618634891079,0.0873618634891079,0.0522529922870484,0.999999991622702
3.16890217174373e-06,0.137992531084936,0.7754979365644,0.0865095323506643,0.0865095323506643,0.0514829987342714,0.999999991600827
3.27292472907689e-06,0.136384085323898,0.777955201087692,0.0856607135884105,0.0856607135884105,0.0507233717354871,0.999999991579222
3.38036193660993e-06,0.134789495054031,0.780395012783121,0.0848154921628481,0.0848154921628482,0.0499740028911828,0.999999991557881
3.49132588383849e-06,0.133208734664919,0.78281731451519,0.0839739508198912,0.0839739508198913,0.0492347838450275,0.999999991536803
3.60593233971418e-06,0.131641776436796,0.785222053459113,0.0831361701040906,0.0831361701040906,0.0485056063327057,0.999999991515985
3.7243008734266e-06,0.130088590601118,0.787609181026339,0.0823022283725426,0.0823022283725425,0.0477863622285755,0.999999991495423
3.84655497915016e-06,0.128549145399668,0.789978652790885,0.0814722018094468,0.0814722018094468,0.0470769435902213,0.999999991475116
3.97282220488582e-06,0.127023407142246,0.792330428416472,0.0806461644412812,0.0806461644412812,0.046377242700965,0.999999991455061
4.10323428553227e-06,0.125511340262966,0.794664471584472,0.0798241881525623,0.0798241881525623,0.0456871521104039,0.999999991435254
4.23792728032526e-06,0.124012907375197,0.796980749922643,0.0790063427021599,0.0790063427021599,0.0450065646730369,0.999999991415693
4.37704171478848e-06,0.122528069325182,0.799279234934679,0.0781926957401391,0.0781926957401392,0.044335373585043,0.999999991396376
4.52072272734421e-06,0.121056785244372,0.801559901930528,0.0773833128250995,0.0773833128250996,0.0436734724192728,0.999999991377299
4.66912022073661e-06,0.119599012600498,0.803822729957515,0.0765782574419868,0.0765782574419868,0.0430207551585114,0.999999991358461
4.82238901842554e-06,0.118154707247423,0.806067701732227,0.07577759102035,0.07577759102035,0.042377116227073,0.999999991339857
4.9806890261143e-06,0.116723823473801,0.808294803573179,0.0749813729530196,0.0749813729530196,0.0417424505207813,0.999999991321487
5.14418539857963e-06,0.115306314050579,0.810504025334237,0.0741896606151847,0.0741896606151847,0.0411166534353941,0.999999991303347
5.31304871197807e-06,0.113902130277366,0.812695360338791,0.0734025093838437,0.0734025093838437,0.0404996208935219,0.999999991285435
5.48745514180847e-06,0.112511222027708,0.814868805314683,0.07261997265761,0.0726199726576099,0.0398912493700976,0.999999991267748
5.6675866467163e-06,0.111133537793293,0.817024360329858,0.0718421018768492,0.0718421018768492,0.0392914359164435,0.999999991250284
5.85363115833159e-06,0.109769024727119,0.819162028728751,0.0710689465441297,0.0710689465441297,0.0387000781829897,0.99999999123304
6.04578277733839e-06,0.108417628685655,0.821281817069379,0.0703005542449661,0.0703005542449661,0.0381170744406886,0.999999991216013
6.2442419759805e-06,0.107079294270013,0.823383735061148,0.0695369706688387,0.0695369706688388,0.0375423236011743,0.999999991199203
6.44921580721465e-06,0.105753964866183,0.825467795503347,0.0687782396304698,0.0687782396304698,0.036975725235713,0.999999991182605
6.66091812072936e-06,0.104441582684327,0.827534014224333,0.0680244030913406,0.0680244030913406,0.0364171795929861,0.999999991166217
6.87956978605476e-06,0.103142088797186,0.829582410021381,0.0672755011814331,0.0672755011814331,0.0358665876157525,0.999999991150038
7.10539892299639e-06,0.101855423177609,0.831613004601211,0.0665315722211803,0.0665315722211802,0.0353238509564286,0.999999991134065
7.33864113963309e-06,0.100581524735239,0.833625822521151,0.0657926527436097,0.0657926527436097,0.0347888719916291,0.999999991118295
7.57953977812749e-06,0.0993203313523737,0.835620891130959,0.0650587775166677,0.0650587775166677,0.0342615538357061,0.999999991102726
7.82834616860541e-06,0.0980717799190336,0.837598240515258,0.064329979565708,0.064329979565708,0.0337418003533256,0.999999991087357
8.0853198913693e-06,0.0968358063672514,0.839557903436615,0.0636062901961333,0.0636062901961332,0.0332295161711181,0.999999991072184
8.35072904771889e-06,0.095612345704615,0.841499915279209,0.0628877390161758,0.0628877390161758,0.0327246066884393,0.999999991057205
8.62485053966196e-06,0.0944013320470801,0.843424313993114,0.0621743539598056,0.0621743539598056,0.0322269780872746,0.999999991042419
8.90797035880684e-06,0.0932026986510768,0.845331140039169,0.0614661613097537,0.0614661613097538,0.0317365373413231,0.999999991027823
9.20038388473819e-06,0.0920163779449309,0.84722043633443,0.0607631857206394,0.0607631857206394,0.0312531922242915,0.999999991013414
9.50239619318715e-06,0.090842301559621,0.849092248198189,0.0600654502421901,0.0600654502421901,0.0307768513174309,0.999999990999192
9.81432237431766e-06,0.0896804003588894,0.850946623298567,0.0593729763425436,0.0593729763425437,0.0303074240163457,0.999999990985153
1.01364878614607e-05,0.0885306044687283,0.852783611599649,0.0586857839316223,0.0586857839316223,0.029844820537106,0.999999990971295
1.04692287706399e-05,0.087392843306259,0.854603265309172,0.058003891384569,0.058003891384569,0.0293889519216899,0.999999990957617
1.08128922512416e-05,0.0862670456080217,0.856405638826742,0.0573273155652358,0.0573273155652358,0.0289397300427859,0.999999990944116
1.11678368481974e-05,0.0851531394576937,0.858190788692591,0.0566560718497151,0.0566560718497152,0.0284970676079785,0.999999990930791
1.15344328760545e-05,0.0840510523132529,0.859958773536842,0.0559901741499055,0.0559901741499055,0.0280608781633474,0.999999990917639
1.19130628053258e-05,0.0829607110336034,0.861709654029294,0.0553296349371024,0.0553296349371024,0.027631076096501,0.999999990904658
1.23041216615222e-05,0.0818820419046771,0.863443492829717,0.0546744652656056,0.0546744652656056,0.0272075766390715,0.999999990891847
1.27080174372841e-05,0.0808149706650287,0.865160354538635,0.0540246747963359,0.0540246747963359,0.0267902958686928,0.999999990879202
1.31251715180404e-05,0.0797594225309366,0.866860305648612,0.0533802718204511,0.0533802718204511,0.0263791507104855,0.999999990866724
1.35560191216418e-05,0.078715322221025,0.868543414496019,0.0527412632829561,0.0527412632829561,0.0259740589380689,0.999999990854408
1.40010097524237e-05,0.0776825939804196,0.870209751213283,0.0521076548062968,0.0521076548062969,0.0255749391741228,0.999999990842254
1.44606076701759e-05,0.0766611616044515,0.871859387681615,0.0514794507139333,0.0514794507139334,0.0251817108905182,0.99999999083026
1.49352923745053e-05,0.0756509484619186,0.8734923974842,0.0508566540538816,0.0508566540538816,0.024794294408037,0.999999990818424
1.54255591050998e-05,0.0746518775179196,0.87510885585986,0.0502392666222204,0.0502392666222203,0.0244126108956992,0.999999990806744
1.59319193584122e-05,0.0736638713562704,0.876708839657176,0.0496272889865537,0.0496272889865536,0.0240365823697168,0.999999990795218
1.64549014213061e-05,0.0726868522015136,0.878292427289063,0.0490207205094232,0.0490207205094231,0.0236661316920904,0.999999990783844
1.6995050922219e-05,0.0717207419405314,0.879859698687805,0.048419559371664,0.048419559371664,0.0233011825688674,0.99999999077262
1.75529314004175e-05,0.0707654621437729,0.88141073526053,0.047823802595697,0.0478238025956969,0.022941659548076,0.999999990761546
1.8129124893939e-05,0.0698209340861042,0.882945619845145,0.0472334460687513,0.0472334460687513,0.0225874880173528,0.999999990750618
1.87242325468339e-05,0.0688870787672902,0.884464436666698,0.0466484845660118,0.0466484845660118,0.0222385942012784,0.999999990739836
1.933887523634e-05,0.0679638169321176,0.885967271294199,0.0460689117736831,0.0460689117736831,0.0218949051584346,0.999999990729197
1.99736942206459e-05,0.0670510690901664,0.887454210597866,0.0454947203119673,0.0454947203119673,0.021556348778199,0.9999999907187
2.06293518079165e-05,0.0661487555352375,0.888925342706815,0.044925901757947,0.0449259017579471,0.0212228537772905,0.999999990708343
2.13065320472813e-05,0.0652567963644455,0.890380756967186,0.0443624466683689,0.0443624466683689,0.0208943496960766,0.999999990698125
2.20059414425039e-05,0.0643751114969808,0.891820543900697,0.0438043446023223,0.0438043446023222,0.0205707668946585,0.999999990688044
2.27283096890798e-05,0.0635036206925495,0.893244795163644,0.0432515841438065,0.0432515841438066,0.020252036548743,0.999999990678098
2.34743904355287e-05,0.0626422435694976,0.89465360350632,0.0427041529241828,0.0427041529241829,0.0199380906453148,0.999999990668285
2.42449620696783e-05,0.0617908996226241,0.896047062732872,0.0421620376445038,0.0421620376445038,0.0196288619781203,0.999999990658605
2.50408285307579e-05,0.0609495082406892,0.897425267661594,0.0416252240977165,0.0416252240977165,0.0193242841429727,0.999999990649055
2.58628201481505e-05,0.0601179887236227,0.898788314085644,0.041093697190733,0.041093697190733,0.0190242915328898,0.999999990639633
2.67117945076771e-05,0.0592962602994381,0.900136298734198,0.0405674409663642,0.0405674409663641,0.0187288193330739,0.999999990630339
2.75886373463177e-05,0.0584842421408561,0.901469319234032,0.0400464386251116,0.0400464386251116,0.0184378035157445,0.999999990621171
2.8494263476304e-05,0.0576818533816422,0.902787474071547,0.0395306725468112,0.0395306725468112,0.0181511808348311,0.999999990612127
2.94296177395436e-05,0.0568890131326633,0.904090862555211,0.0390201243121262,0.0390201243121262,0.0178688888205371,0.999999990603206
3.03956759933773e-05,0.0561056404976653,0.905379584778452,0.038514774723883,0.038514774723883,0.0175908657737823,0.999999990594406
3.13934461286925e-05,0.0553316545887775,0.906653741582977,0.0380146038282455,0.0380146038282455,0.017317050760532,0.999999990585726
3.24239691214583e-05,0.0545669745417453,0.907913434522531,0.0375195909357242,0.0375195909357242,0.017047383606021,0.999999990577164
3.34883201187784e-05,0.0538115195308952,0.90915876582709,0.0370297146420144,0.0370297146420144,0.0167818048888808,0.999999990568719
3.45876095605948e-05,0.0530652087838354,0.910389838367504,0.0365449528486602,0.0365449528486602,0.0165202559351752,0.999999990560389
3.57229843382119e-05,0.0523279615958936,0.911606755620567,0.0360652827835397,0.0360652827835397,0.0162626788123539,0.999999990552174
3.68956289908515e-05,0.0515996973442955,0.912809621634538,0.0355906810211668,0.0355906810211668,0.0160090163231287,0.999999990544071
3.8106766941485e-05,0.0508803355020858,0.913998540995108,0.0351211235028062,0.0351211235028062,0.0157592119992796,0.999999990536079
3.93576617732339e-05,0.0501697956517945,0.915173618791808,0.034656585556397,0.034656585556397,0.0155132100953975,0.999999990528197
4.06496185476687e-05,0.0494679974988502,0.916334960584868,0.0341970419162821,0.0341970419162821,0.0152709555825681,0.999999990520424
4.19839851663829e-05,0.0487748608847417,0.91748267237252,0.0337424667427379,0.033742466742738,0.0150323941420037,0.999999990512758
4.33621537772622e-05,0.0480903057999312,0.918616860558766,0.033292833641303,0.033292833641303,0.0147974721586282,0.999999990505198
4.47855622269155e-05,0.0474142523965195,0.919737631921581,0.0328481156818998,0.0328481156818998,0.0145661367146197,0.999999990497742
4.62556955607834e-05,0.0467466210006647,0.920845093581588,0.0324082854177475,0.0324082854177474,0.0143383355829173,0.99999999049039
4.77740875724904e-05,0.0460873321247576,0.92193935297118,0.0319733149040626,0.0319733149040627,0.0141140172206949,0.99999999048314
4.93423224040549e-05,0.0454363064793519,0.923020517804104,0.0315431757165437,0.0315431757165438,0.0138931307628082,0.99999999047599
5.09620361986283e-05,0.0447934649848549,0.924088696045508,0.0311178389696369,0.0311178389696369,0.013675626015218,0.99999999046894
5.26349188074876e-05,0.0441587287829751,0.925143995882445,0.0306972753345797,0.0306972753345797,0.0134614534483954,0.999999990461988
5.43627155530606e-05,0.0435320192479324,0.926186525694847,0.030281455057221,0.030281455057221,0.0132505641907114,0.999999990455133
5.61472290498255e-05,0.0429132579974279,0.927216394026959,0.0298703479756127,0.0298703479756127,0.0130429100218152,0.999999990448374
5.79903210849829e-05,0.0423023669033779,0.928233709559251,0.0294639235373716,0.0294639235373715,0.0128384433660063,0.999999990441709
5.98939145608622e-05,0.0416992681024108,0.92923858108078,0.0290621508168097,0.0290621508168096,0.0126371172856011,0.999999990435138
6.18599955010908e-05,0.0411038840061283,0.930231117462043,0.0286649985318288,0.0286649985318288,0.0124388854742996,0.999999990428658
6.38906151226174e-05,0.0405161373111331,0.931211427628288,0.0282724350605786,0.0282724350605786,0.0122437022505545,0.99999999042227
6.59878919757511e-05,0.039935951008822,0.932179620533302,0.0278844284578759,0.0278844284578759,0.0120515225509461,0.999999990415972
6.81540141544502e-05,0.0393632483949476,0.93313580513367,0.0275009464713826,0.0275009464713826,0.0118623019235649,0.999999990409762
7.03912415791659e-05,0.0387979530789472,0.934080090363512,0.0271219565575411,0.0271219565575411,0.0116759965214061,0.99999999040364
7.27019083546226e-05,0.038239988993042,0.935012585109693,0.0267474258972648,0.0267474258972648,0.0114925630957772,0.999999990397604
7.50884252049954e-05,0.0376892804011059,0.935933398187511,0.0263773214113834,0.0263773214113835,0.0113119589897224,0.999999990391654
7.75532819890234e-05,0.0371457519073055,0.936842638316854,0.0260116097758402,0.0260116097758402,0.0111341421314653,0.999999990385788
8.00990502976862e-05,0.0366093284645128,0.937740414098847,0.0256502574366405,0.0256502574366405,0.0109590710278723,0.999999990380005
8.27283861371507e-05,0.0360799353824903,0.938626833992959,0.0252932306245508,0.0252932306245509,0.0107867047579394,0.999999990374304
8.54440326997885e-05,0.0355574983358504,0.939502006294603,0.0249404953695467,0.0249404953695467,0.0106170029663037,0.999999990368684
8.82488232261553e-05,0.0350419433717905,0.940366039113201,0.0245920175150088,0.0245920175150088,0.0104499258567817,0.999999990363145
9.11456839609173e-05,0.0345331969176035,0.94121904035073,0.024247762731667,0.0242477627316669,0.0102854341859366,0.999999990357684
9.41376372058094e-05,0.0340311857879665,0.942061117680743,0.0239076965312906,0.0239076965312906,0.0101234892566759,0.999999990352301
9.722780447281e-05,0.0335358371920072,0.942892378527867,0.0235717842801259,0.0235717842801259,0.00996405291188131,0.999999990346995
0.000100419409740822,0.0330470787401504,0.943712930047771,0.0232399912120788,0.0232399912120789,0.0098070875280716,0.999999990341765
0.000103715782819255,0.0325648384507456,0.94452287910761,0.0229122824416443,0.0229122824416443,0.00965255600910135,0.99999999033661
0.00010712036282203,0.0320890447564763,0.945322332266943,0.0225886229765808,0.0225886229765808,0.00950042177989552,0.999999990331529
0.000110636701755609,0.0316196265105533,0.946111395759115,0.0222689777303313,0.0222689777303313,0.00935064878022198,0.999999990326521
0.000114268468224812,0.0311565129926926,0.946890175473118,0.0219533115341896,0.0219533115341897,0.00920320145850295,0.999999990321584
0.000118019451260286,0.0306996339148801,0.947658776935906,0.0216415891492137,0.0216415891492137,0.00905804476566638,0.999999990316719
0.000121893564271606,0.0302489194269235,0.948417305295192,0.0213337752778849,0.021333775277885,0.00891514414903856,0.999999990311924
0.000125894849130144,0.0298043001217946,0.94916586530269,0.0210298345755158,0.0210298345755158,0.0087744655462788,0.999999990307199
0.000130027480385966,0.0293657070407613,0.949904561297835,0.0207297316614042,0.0207297316614042,0.00863597537935712,0.999999990302541
0.000134295769623147,0.0289330716783138,0.950633497191948,0.0204334311297379,0.0204334311297378,0.00849964054857598,0.999999990297951
0.000138704169958061,0.028506325986884,0.951352776452869,0.0201408975602475,0.0201408975602474,0.00836542842663657,0.999999990293428
0.000143257280685323,0.0280854023813616,0.952062502090028,0.0198520955286109,0.0198520955286109,0.00823330685275074,0.99999999028897
0.000147959852076248,0.0276702337434083,0.952762776639982,0.0195669896166094,0.0195669896166093,0.00810324412679898,0.999999990284577
0.000152816790334818,0.0272607534255719,0.953453702152392,0.0192855444220366,0.0192855444220366,0.00797520900353527,0.999999990280247
0.000157833162716338,0.0268568952552018,0.954135380176436,0.0190077245683624,0.0190077245683624,0.0078491706868394,0.999999990275981
0.000163014202814114,0.0264585935381693,0.954807911747679,0.0187334947141522,0.0187334947141522,0.00772509882401709,0.999999990271777
0.000168365316019676,0.026065783062393,0.955471397375363,0.0184628195622443,0.0184628195622443,0.0076029635001487,0.999999990267634
0.000173892085162232,0.0256783991011728,0.956125937030141,0.018195663868686,0.018195663868686,0.00748273523248679,0.999999990263551
0.000179600276333251,0.0252963774163335,0.956771630132236,0.0179319924514306,0.0179319924514305,0.00736438496490295,0.999999990259529
0.000185495844902237,0.024919654261182,0.95740857554002,0.0176717701987976,0.0176717701987976,0.00724788406238437,0.999999990255565
0.000191584941729985,0.0245481663832779,0.958036871539024,0.0174149620776976,0.0174149620776977,0.00713320430558033,0.999999990251659
0.00019787391958578,0.0241818510270223,0.958656615831354,0.0171615331416233,0.0171615331416232,0.00702031788539907,0.999999990247811
0.000204369339775265,0.0238206459360652,0.959267905525525,0.0169114485384101,0.01691144853841,0.00690919739765512,0.999999990244019
0.000211077978985864,0.0234644893555351,0.959870837126697,0.0166646735177677,0.0166646735177677,0.00679981583776742,0.999999990240283
0.000218006836356915,0.0231133200340933,0.960465506527322,0.0164211734385849,0.0164211734385849,0.00669214659550836,0.999999990236602
0.000225163140781888,0.0227670772258143,0.961052008998175,0.0161809137760103,0.0161809137760103,0.00658616344980399,0.999999990232975
0.000232554358450312,0.022425700691896,0.961630439179793,0.0159438601283107,0.0159438601283107,0.00648184056358533,0.999999990229401
0.000240188200637262,0.022089130702202,0.962200891074287,0.015709978223511,0.015709978223511,0.00637915247869106,0.999999990225881
0.000248072631748554,0.0217573080366382,0.962763458037545,0.0154792339258166,0.0154792339258166,0.00627807411082159,0.999999990222412
0.00025621587763003,0.0214301739863666,0.963318232771811,0.0152515932418221,0.0152515932418221,0.00617858074454449,0.999999990218995
0.000264626434149599,0.0211076703548595,0.963865307318632,0.0150270223265081,0.0150270223265081,0.0060806480283514,0.999999990215628
0.000273313076060999,0.0207897394587959,0.964404773052175,0.0148054874890296,0.0148054874890296,0.00598425196976631,0.999999990212311
0.000282284866158518,0.0204763241288035,0.964936720672898,0.0145869551982983,0.0145869551982983,0.00588936893050523,0.999999990209044
0.000291551164732229,0.0201673677100493,0.965461240201589,0.0143713920883621,0.0143713920883621,0.00579597562168723,0.999999990205825
0.000301121639333601,0.0198628140626803,0.965978420973736,0.0141587649635836,0.0141587649635837,0.00570404909909663,0.999999990202653
0.000311006274861684,0.0195626075621187,0.966488351634259,0.0139490408036223,0.0139490408036223,0.00561356675849639,0.999999990199529
0.000321215383980369,0.0192666930992142,0.966991120132564,0.0137421867682216,0.0137421867682216,0.0055245063309926,0.999999990196452
0.000331759617877626,0.0189750160802546,0.96748681371794,0.0135381702018049,0.0135381702018049,0.00543684587844971,0.99999999019342
0.000342649977377904,0.0186875224268399,0.967975518935277,0.0133369586378833,0.0133369586378833,0.00535056378895662,0.999999990190434
0.000353897824419325,0.0184041585756212,0.968457321621101,0.0131385198032779,0.0131385198032779,0.00526563877234335,0.999999990187492
0.000365514893907615,0.0181248714779081,0.968932306899932,0.0129428216221601,0.0129428216221602,0.005182049855748,0.999999990184594
0.000377513305959163,0.0178496085991471,0.96940055918094,0.0127498322199131,0.012749832219913,0.005099776379234,0.99999999018174
0.000389905578545969,0.0175783179182736,0.96986216215491,0.0125595199268163,0.0125595199268163,0.00501879799145731,0.999999990178928
0.000402704640555667,0.0173109479269418,0.9703171987915,0.0123718532815585,0.0123718532815585,0.00493909464538336,0.999999990176159
0.000415923845280274,0.017047447628634,0.970765751336786,0.0121868010345805,0.0121868010345805,0.0048606465940535,0.999999990173431
0.000429576984347703,0.0167877665376518,0.971207901311097,0.0120043321512511,0.0120043321512511,0.00478343438640073,0.999999990170744
0.000443678302110607,0.016531854677995,0.971643729507124,0.0118244158148806,0.0118244158148806,0.00470743886311444,0.999999990168097
0.000458242510507543,0.0162796625821273,0.972073315988299,0.0116470214295735,0.0116470214295735,0.00463264115255382,0.999999990165491
0.000473284804411975,0.0160311412896343,0.972496740087441,0.0114721186229245,0.0114721186229245,0.0045590226667098,0.999999990162923
0.00048882087748512,0.0157862423457762,0.972914080405663,0.0112996772485612,0.0112996772485611,0.00448656509721508,0.999999990160394
0.000504866938549183,0.0155449177999372,0.973325414811528,0.0111296673885352,0.0111296673885352,0.004415250411402,0.999999990157904
0.00052143972849806,0.0153071202039755,0.973730820440457,0.0109620593555674,0.0109620593555674,0.00434506084840803,0.999999990155451
0.000538556537763153,0.0150728026104762,0.974130373694376,0.0107968236951478,0.0107968236951478,0.00427597891532841,0.999999990153035
0.000556235224352518,0.0148419185709105,0.974524150241595,0.0106339311874948,0.0106339311874948,0.00420798738341568,0.999999990150655
0.000574494232482167,0.0146144221337028,0.97491222501692,0.010473352849377,0.010473352849377,0.00414106928432585,0.999999990148312
0.000593352611818965,0.0143902678422105,0.97529467222199,0.0103150599357997,0.0103150599357997,0.00407520790641073,0.999999990146004
0.000612830037355189,0.0141694107326168,0.975671565325823,0.0101590239415606,0.0101590239415606,0.00401038679105619,0.999999990143731
0.0006329468299355,0.0139518063317419,0.976042977065582,0.010005216602676,0.010005216602676,0.00394658972906587,0.999999990141492
0.000653723977457721,0.0137374106547734,0.976408979447544,0.00985360989768313,0.00985360989768308,0.00388380075709023,0.999999990139287
0.00067518315676957,0.0135261802029188,0.976769643748262,0.00970417604881864,0.00970417604881869,0.0038220041541002,0.999999990137116
0.000697346756284161,0.0133180719609847,0.977125040515936,0.00955688752307923,0.00955688752307921,0.00376118443790549,0.999999990134978
0.000720237899337892,0.0131130433948822,0.977475239571952,0.00941171703316537,0.00941171703316532,0.00370132636171683,0.999999990132873
0.000743880468315072,0.0129110524490641,0.977820310012624,0.00926863753831208,0.00926863753831206,0.00364241491075204,0.999999990130799
0.00076829912956448,0.0127120575438949,0.978160320211095,0.00912762224500959,0.00912762224500963,0.00358443529888533,0.999999990128757
0.000793519359133813,0.0125160175729563,0.978495337819427,0.00898864460761668,0.00898864460761667,0.00352737296533965,0.999999990126746
0.00081956746934892,0.0123228919002914,0.978825429770839,0.00885167832886983,0.00885167832886987,0.00347121357142155,0.999999990124766
0.000846470636265502,0.0121326403575892,0.97915066228212,0.00871669736029094,0.0087166973602909,0.00341594299729827,0.999999990122816
0.000874256928021966,0.0119452232413131,0.97947110085619,0.00858367590249646,0.00858367590249643,0.00336154733881661,0.999999990120896
0.000902955334122976,0.0117606013097742,0.979786810284815,0.0084525884054109,0.00845258840541087,0.00330801290436327,0.999999990119006
0.000932595795684277,0.0115787357801535,0.980097854651459,0.00832340956838738,0.00832340956838733,0.00325532621176613,0.999999990117144
0.000963209236670323,0.0113995883254743,0.980404297334288,0.00819611434023809,0.00819611434023809,0.00320347398523624,0.99999999011531
0.000994827596157334,0.0112231210715273,0.980706201009296,0.00807067791917723,0.00807067791917723,0.00315244315235003,0.999999990113505
0.00102748386165541,0.0110492965937507,0.98100362765357,0.00794707575267929,0.00794707575267926,0.00310222084107137,0.999999990111727
0.00106121210352446,0.0108780779140683,0.981296638548676,0.00782528353725524,0.00782528353725524,0.00305279437681308,0.999999990109977
0.00109604751051993,0.0107094284976868,0.981585294284164,0.00770527721814926,0.00770527721814924,0.00300415127953753,0.999999990108253
0.00113202642650527,0.0105433122498543,0.981869654761187,0.00758703298895848,0.00758703298895853,0.00295627926089584,0.999999990106556
0.0011691863883696,0.0103796935125839,0.982149779196238,0.00747052729117848,0.00747052729117849,0.00290916622140545,0.999999990104885
0.00120756616519004,0.0102185370613423,0.982425726124981,0.00735573681367685,0.00735573681367687,0.00286280024766548,0.99999999010324
0.00124720579867956,0.010059808101707,0.982697553406196,0.00724263849209739,0.00724263849209743,0.00281716960960961,0.99999999010162
0.00128814664496261,0.00990347226599325,0.98296531822581,0.00713120950819721,0.00713120950819718,0.00277226275779603,0.999999990100025
0.00133043141772207,0.00974949560985348,0.983229077101027,0.00702142728911934,0.00702142728911938,0.00272806832073414,0.999999990098455
0.00137410423276252,0.00959784460885035,0.983488885884547,0.00691326950660292,0.00691326950660291,0.00268457510224742,0.999999990096908
0.00141921065403636,0.00944848615500584,0.983744799768861,0.00680671407613347,0.00680671407613351,0.00264177207887237,0.999999990095386
0.00146579774118084,0.00930138755332817,0.983996873290636,0.00670173915603533,0.00670173915603538,0.00259964839729283,0.999999990093887
0.0015139140986154,0.00915651651831816,0.984245160335173,0.00659832314650866,0.00659832314650867,0.0025581933718095,0.999999990092411
0.00156360992625089,0.00901384117045703,0.98448971414093,0.00649644468861288,0.00649644468861285,0.00251739648184415,0.999999990090958
0.00161493707186316,0.00887333003267723,0.984730587304124,0.00639608266319898,0.00639608266319899,0.00247724736947825,0.999999990089528
0.00166794908518602,0.00873495202681806,0.984967831783389,0.00629721618979262,0.00629721618979263,0.00243773583702544,0.999999990088119
0.0017227012737798,0.00859867647006768,0.985201498904502,0.00619982462543,0.00619982462542995,0.00239885184463768,0.999999990086732
0.00177925076073385,0.00846447307139322,0.985431639365158,0.00610388756344863,0.00610388756344869,0.00236058550794458,0.999999990085367
