1e-07,0.384306020886647,0.425247832680114,0.190446146433239,0.190446146433239,0.193859874453408,0.999999996241835
1.03282605511167e-07,0.382203162752129,0.427745884338391,0.19005095290948,0.19005095290948,0.192152209842649,0.999999996186551
1.06672966011754e-07,0.38008557349968,0.430268628892339,0.189645797607981,0.189645797607981,0.190439775891698,0.999999996131259
1.10174618672982e-07,0.377953747421777,0.432815625584668,0.189230626993555,0.189230626993555,0.188723120428223,0.999999996075975
1.13791216777448e-07,0.375808183719116,0.435386421985414,0.18880539429547,0.18880539429547,0.187002789423646,0.999999996020716
1.17526533530609e-07,0.37364938581921,0.437980554615331,0.18837005956546,0.18837005956546,0.18527932625375,0.999999995965499
1.21384465997369e-07,0.37147786070372,0.440597549575463,0.187924589720817,0.187924589720817,0.183553270982904,0.999999995910338
1.25369039167899e-07,0.369294118246324,0.44323692318092,0.187468958572757,0.187468958572757,0.181825159673567,0.999999995855251
1.29484410156922e-07,0.367098670562802,0.445898182596915,0.187003146840283,0.187003146840283,0.180095523722518,0.999999995800251
1.33734872540836e-07,0.364892031374943,0.44858082647521,0.186527142149847,0.186527142149847,0.178364889225096,0.999999995745354
1.38124860837214e-07,0.362674715389677,0.451284345589182,0.186040939021141,0.186040939021141,0.176633776368536,0.999999995690575
1.42658955131348e-07,0.36044723769476,0.454008223465803,0.185544538839438,0.185544538839438,0.174902698855322,0.999999995635926
1.47341885854664e-07,0.35821011317219,0.456751937012925,0.185037949814885,0.185037949814885,0.173172163357304,0.999999995581423
1.52178538719987e-07,0.355963855930393,0.45951495714035,0.184521186929257,0.184521186929257,0.171442669001136,0.999999995527079
1.57173959818823e-07,0.353708978756098,0.462296749373248,0.183994271870654,0.183994271870654,0.169714706885444,0.999999995472906
1.62333360885955e-07,0.351445992586691,0.465096774456603,0.183457232956706,0.183457232956706,0.167988759629986,0.999999995418916
1.67662124736861e-07,0.34917540600371,0.467914488949453,0.182910105046838,0.182910105046838,0.166265300956872,0.999999995365123
1.73165810883613e-07,0.346897724748017,0.470749345807797,0.182352929444185,0.182352929444185,0.164544795303832,0.999999995311537
1.78850161335136e-07,0.344613451257089,0.47360079495514,0.181785753787771,0.181785753787771,0.162827697469319,0.999999995258171
1.84721106587855e-07,0.342323084224713,0.47646828383974,0.181208631935546,0.181208631935546,0.161114452289167,0.999999995205034
1.90784771812997e-07,0.340027118183322,0.479351257977734,0.180621623838944,0.180621623838944,0.159405494344378,0.999999995152138
1.97047483246998e-07,0.337726043109044,0.482249161481406,0.180024795409551,0.180024795409551,0.157701247699493,0.999999995099492
2.03515774791681e-07,0.335420344049505,0.485161437571948,0.179418218378547,0.179418218378547,0.156002125670957,0.999999995047105
2.10196394831087e-07,0.333110500774279,0.488087529076181,0.17880197014954,0.17880197014954,0.154308530624739,0.999999994994988
2.17096313272088e-07,0.330796987447838,0.491026878906754,0.178176133645409,0.178176133645409,0.152620853802429,0.999999994943149
2.24222728816098e-07,0.328480272324756,0.493978930525456,0.177540797149788,0.177540797149788,0.150939475174967,0.999999994891595
2.31583076469505e-07,0.326160817466861,0.49694312838935,0.17689605414379,0.17689605414379,0.149264763323071,0.999999994840336
2.39185035300624e-07,0.323839078481961,0.499918918379482,0.176242003138557,0.176242003138557,0.147597075343405,0.999999994789379
2.47036536451289e-07,0.321515504283716,0.502905748212057,0.175578747504228,0.175578747504228,0.145936756779488,0.99999999473873
2.55145771411436e-07,0.319190536872164,0.505903067831964,0.174906395295872,0.174906395295872,0.144284141576293,0.999999994688398
2.63521200565298e-07,0.316864611134403,0.508910329788656,0.17422505907694,0.17422505907694,0.142639552057463,0.999999994638387
2.72171562018149e-07,0.314538154664825,0.511926989594427,0.173534855740747,0.173534855740747,0.141003298924078,0.999999994588704
2.81105880712787e-07,0.31221158760434,0.514952506065166,0.172835906330495,0.172835906330495,0.139375681273845,0.999999994539355
2.9033347784528e-07,0.309885322497937,0.517986341643759,0.172128335858304,0.172128335858304,0.137756986639633,0.999999994490345
2.99863980589793e-07,0.30755976416995,0.521027962706324,0.171412273123726,0.171412273123726,0.136147491046224,0.999999994441679
3.09707332142639e-07,0.305235309616347,0.524076839851501,0.170687850532152,0.170687850532152,0.134547459084196,0.999999994393362
3.19873802096042e-07,0.302912347913371,0.527132448173095,0.169955203913534,0.169955203913534,0.132957143999838,0.999999994345398
3.30373997152427e-07,0.300591260141829,0.530194267516363,0.169214472341808,0.169214472341808,0.131376787800021,0.999999994297791
3.41218872190416e-07,0.298272419326342,0.533261782718284,0.168465797955374,0.168465797955374,0.129806621370968,0.999999994250544
3.52419741694082e-07,0.295956190388851,0.536334483832181,0.167709325778969,0.167709325778968,0.128246864609882,0.999999994203662
3.63988291557374e-07,0.293642930115675,0.539411866337076,0.166945203547248,0.166945203547248,0.126697726568427,0.999999994157146
3.7593659127604e-07,0.29133298713744,0.542493431332185,0.166173581530374,0.166173581530374,0.125159405607066,0.999999994111
3.88277106539761e-07,0.289026701921165,0.545578685716974,0.165394612361861,0.165394612361861,0.123632089559305,0.999999994065226
4.01022712237636e-07,0.286724406773853,0.548667142357213,0.164608450868934,0.164608450868934,0.122115955904919,0.999999994019826
4.14186705890581e-07,0.284426425856898,0.551758320237474,0.163815253905628,0.163815253905628,0.12061117195127,0.999999993974803
4.27782821524667e-07,0.282133075210665,0.554851744600522,0.163015180188812,0.163015180188812,0.119117895021853,0.999999993930158
4.41825243999864e-07,0.279844662788592,0.557946947074066,0.162208390137343,0.162208390137343,0.117636272651249,0.999999993885893
4.56328623809131e-07,0.277561488500191,0.56104346578532,0.161395045714489,0.161395045714489,0.116166442785702,0.999999993842008
4.71308092363324e-07,0.275283844262354,0.564140845463862,0.160575310273784,0.160575310273784,0.114708533988569,0.999999993798506
4.86779277777819e-07,0.273012014058349,0.567238637533226,0.159749348408424,0.159749348408424,0.113262665649925,0.999999993755385
5.02758321177375e-07,0.270746274003965,0.57033640019171,0.158917325804325,0.158917325804325,0.11182894819964,0.999999993712648
5.19261893536195e-07,0.268486892420227,0.57343369848285,0.158079409096923,0.158079409096923,0.110407483323305,0.999999993670295
5.36307213070806e-07,0.26623412991218,0.576530104356016,0.157235765731804,0.157235765731804,0.108998364180376,0.999999993628325
5.53912063203856e-07,0.263988239453204,0.579625196717578,0.156386563829218,0.156386563829218,0.107601675623986,0.999999993586739
5.72094811117606e-07,0.261749466474396,0.582718561473082,0.155531972052522,0.155531972052522,0.106217494421873,0.999999993545537
5.90874426916454e-07,0.259518048958534,0.585809791560862,0.154672159480604,0.154672159480604,0.10484588947793,0.999999993504718
6.10270503418493e-07,0.25729421753819,0.588898486977528,0.153807295484282,0.153807295484282,0.103486922053907,0.999999993464282
6.30303276596736e-07,0.255078195597552,0.591984254795722,0.152937549606726,0.152937549606726,0.102140645990826,0.999999993424228
6.50993646691368e-07,0.252870199377563,0.595066709174567,0.152063091447869,0.152063091447869,0.100807107929694,0.999999993384555
6.72363200015008e-07,0.250670438083984,0.59814547136319,0.151184090552826,0.151184090552826,0.0994863475311587,0.999999993345263
6.94434231473761e-07,0.248479113998018,0.601220169697697,0.150300716304286,0.150300716304286,0.0981783976937323,0.99999999330635
7.17229767827552e-07,0.24629642258915,0.604290439591987,0.149413137818863,0.149413137818864,0.0968832847702863,0.999999993267815
7.40773591713991e-07,0.244122552629881,0.607355923522749,0.14852152384737,0.14852152384737,0.0956010287825108,0.999999993229658
7.65090266460866e-07,0.24195768631204,0.610416271008995,0.147626042678965,0.147626042678965,0.0943316436330745,0.999999993191876
7.90205161713115e-07,0.239801999364387,0.613471138586468,0.146726862049144,0.146726862049144,0.0930751373152428,0.999999993154468
8.16144479901037e-07,0.237655661171247,0.616520189777239,0.145824149051514,0.145824149051514,0.0918315121197327,0.999999993117432
8.42935283577358e-07,0.235518834891896,0.619563095054813,0.144918070053291,0.144918070053291,0.0906007648386054,0.999999993080767
8.70605523651641e-07,0.233391677580489,0.622599531805044,0.144008790614467,0.144008790614467,0.0893828869660216,0.999999993044471
8.99184068551557e-07,0.231274340306279,0.625629184283141,0.14309647541058,0.14309647541058,0.088177864895699,0.999999993008542
9.28700734341368e-07,0.229166968273947,0.628651743567042,0.142181288159012,0.142181288159012,0.086985680114935,0.999999992972978
9.59186315829108e-07,0.227069700943823,0.631666907507427,0.14126339154875,0.14126339154875,0.0858063093950727,0.999999992937777
9.90672618694879e-07,0.224982672151844,0.634674380674617,0.140342947173539,0.140342947173539,0.0846397249783054,0.999999992902937
1.02319249267378e-06,0.222906010229063,0.637673874302604,0.139420115468333,0.139420115468333,0.0834858947607296,0.999999992868456
1.05677986582814e-06,0.220839838120564,0.640665106230446,0.138495055648991,0.138495055648991,0.0823447824715726,0.999999992834332
1.09146977994472e-06,0.218784273503649,0.643647800841235,0.137567925655116,0.137567925655116,0.0812163478485333,0.999999992800562
1.12729842709391e-06,0.216739428905157,0.646621688998873,0.13663888209597,0.13663888209597,0.0801005468091871,0.999999992767143
1.164303187389e-06,0.214705411817795,0.64958650798283,0.135708080199376,0.135708080199376,0.078997331618419,0.999999992734075
1.20252266798493e-06,0.212682324815385,0.65254200142109,0.134775673763526,0.134775673763526,0.0779066510518586,0.999999992701353
1.24199674335724e-06,0.21067026566692,0.655487919221463,0.133841815111618,0.133841815111618,0.0768284505553021,0.999999992668977
1.2827665969032e-06,0.208669327449339,0.658424017501436,0.132906655049226,0.132906655049226,0.0757626724001132,0.999999992636942
1.32487476390855e-06,0.206679598658945,0.661350058516718,0.131970342824337,0.131970342824337,0.0747092558346085,0.999999992605248
1.36836517592468e-06,0.204701163321393,0.664265810588649,0.131033026089958,0.131033026089958,0.0736681372314348,0.99999999257389
1.41328320660248e-06,0.20273410110018,0.667171048030598,0.130094850869222,0.130094850869222,0.0726392502309577,0.999999992542867
1.45967571903081e-06,0.200778487403586,0.670065551073513,0.129155961522901,0.129155961522901,0.0716225258806855,0.999999992512176
1.50759111462889e-06,0.198834393490014,0.672949105790729,0.128216500719256,0.128216500719256,0.070617892770758,0.999999992481814
1.55707938364357e-06,0.196901886571681,0.675821504022177,0.127276609406143,0.127276609406143,0.0696252771655381,0.999999992451779
1.6081921573043e-06,0.194981029916627,0.678682543298092,0.126336426785282,0.126336426785282,0.0686446031313451,0.999999992422067
1.66098276169013e-06,0.193071882949014,0.681532026762349,0.125396090288637,0.125396090288637,0.0676757926603763,0.999999992392677
1.71550627336491e-06,0.191174501347676,0.684369763095513,0.12445573555681,0.12445573555681,0.0667187657908662,0.999999992363606
1.77181957683881e-06,0.189288937142917,0.687195566437703,0.12351549641938,0.12351549641938,0.0657734407235364,0.999999992334851
1.82998142391606e-06,0.187415238811512,0.690009256311368,0.12257550487712,0.12257550487712,0.0648397339343916,0.999999992306408
1.89005249499087e-06,0.185553451369936,0.692810657544051,0.121635891086013,0.121635891086013,0.0639175602839224,0.999999992278277
1.95209546235539e-06,0.183703616465774,0.695599600191227,0.120696783342999,0.120696783342999,0.0630068331227752,0.999999992250452
2.01617505558591e-06,0.181865772467338,0.698375919459277,0.119758308073385,0.119758308073385,0.0621074643939525,0.999999992222933
2.08235812907536e-06,0.18003995455146,0.701139455628689,0.118820589819851,0.118820589819851,0.0612193647316099,0.999999992195716
2.15071373178262e-06,0.178226194789498,0.70389005397752,0.117883751232982,0.117883751232982,0.0603424435565164,0.999999992168799
2.22131317927155e-06,0.176424522231519,0.706627564705207,0.116947913063273,0.116947913063273,0.0594766091682459,0.999999992142178
2.2942301281146e-06,0.174634962988699,0.70935184285677,0.116013194154531,0.116013194154531,0.0586217688341685,0.999999992115851
2.36954065273895e-06,0.172857540313932,0.712062748247448,0.115079711438619,0.115079711438619,0.057777828875313,0.999999992089816
2.44732332479511e-06,0.171092274680664,0.71476014538784,0.114147579931495,0.114147579931495,0.0569446947491691,0.999999992064069
2.52765929513092e-06,0.169339183859966,0.71744390340957,0.113216912730464,0.113216912730464,0.0561222711295015,0.999999992038608
2.61063237845642e-06,0.167598282995857,0.720113895991531,0.112287821012611,0.112287821012611,0.0553104619832461,0.99999999201343
2.69632914078795e-06,0.165869584678908,0.722770001286743,0.111360414034349,0.111360414034349,0.0545091706445592,0.999999991988533
2.78483898976267e-06,0.164153099018121,0.725412101849848,0.11043479913203,0.11043479913203,0.053718299886091,0.999999991963913
2.87625426791775e-06,0.162448833711131,0.728040084565292,0.109511081723577,0.109511081723577,0.0529377519875538,0.999999991939569
2.9706703490316e-06,0.160756794112727,0.7306538405762,0.108589365311073,0.108589365311073,0.052167428801654,0.999999991915497
3.06818573762752e-06,0.159076983301738,0.733253265213983,0.107669751484279,0.107669751484279,0.0514072318174591,0.999999991891695
3.16890217174373e-06,0.157409402146283,0.735838257928701,0.106752339925016,0.106752339925016,0.0506570622212673,0.99999999186816
3.27292472907689e-06,0.15575404936743,0.73840872222019,0.10583722841238,0.10583722841238,0.0499168209550494,0.999999991844889
3.38036193660993e-06,0.154110921601273,0.740964565569983,0.104924512828744,0.104924512828744,0.0491864087725285,0.999999991821881
3.49132588383849e-06,0.152480013459469,0.743505699374029,0.104014287166502,0.104014287166502,0.0484657262929667,0.999999991799132
3.60593233971418e-06,0.150861317588241,0.74603203887624,0.103106643535519,0.103106643535519,0.0477546740527216,0.999999991776639
3.7243008734266e-06,0.14925482472589,0.748543503102861,0.10220167217125,0.10220167217125,0.0470531525546401,0.999999991754401
3.84655497915016e-06,0.147660523758837,0.751040014797677,0.101299461443486,0.101299461443486,0.0463610623153514,0.999999991732414
3.97282220488582e-06,0.146078401776221,0.753521500358081,0.100400097865698,0.100400097865698,0.0456783039105223,0.999999991710677
4.10323428553227e-06,0.144508444123079,0.755987889771979,0.0995036661049423,0.0995036661049424,0.0450047780181367,0.999999991689186
4.23792728032526e-06,0.142950634452145,0.758439116555569,0.0986102489922859,0.0986102489922859,0.0443403854598591,0.999999991667939
4.37704171478848e-06,0.141404954774282,0.760875117691978,0.0977199275337403,0.0977199275337403,0.0436850272405418,0.999999991646934
4.52072272734421e-06,0.139871385507587,0.76329583357076,0.0968327809216533,0.0968327809216532,0.0430386045859333,0.999999991626168
4.66912022073661e-06,0.138349905525187,0.765701207928272,0.0959488865465412,0.0959488865465412,0.0424010189786456,0.999999991605639
4.82238901842554e-06,0.136840492201766,0.768091187788903,0.0950683200093312,0.0950683200093312,0.041772172192435,0.999999991585344
4.9806890261143e-06,0.135343121458836,0.770465723407178,0.0941911551339856,0.0941911551339855,0.0411519663248509,0.999999991565281
5.14418539857963e-06,0.133857767808792,0.772824768210724,0.0933174639804846,0.0933174639804847,0.0405403038283071,0.999999991545448
5.31304871197807e-06,0.132384404397768,0.775168278744089,0.0924473168581428,0.0924473168581429,0.0399370875396251,0.999999991525842
5.48745514180847e-06,0.130923003047338,0.777496214613427,0.0915807823392352,0.0915807823392353,0.0393422207081028,0.99999999150646
5.6675866467163e-06,0.129473534295067,0.779808538432021,0.0907179272729113,0.0907179272729114,0.0387556070221558,0.999999991487301
5.85363115833159e-06,0.128035967433957,0.782105215766667,0.0898588167993761,0.0898588167993761,0.0381771506345804,0.999999991468363
6.04578277733839e-06,0.126610270550804,0.784386215084879,0.0890035143643175,0.0890035143643174,0.037606756186486,0.999999991449642
6.2442419759805e-06,0.125196410563502,0.786651507702937,0.0881520817335605,0.0881520817335605,0.0370443288299415,0.999999991431137
6.44921580721465e-06,0.123794353257312,0.788901067734757,0.087304579007931,0.087304579007931,0.0364897742493809,0.999999991412846
6.66091812072936e-06,0.122404063320121,0.79113487204157,0.0864610646383095,0.0864610646383095,0.0359429986818112,0.999999991394765
6.87956978605476e-06,0.121025504376727,0.793352900182412,0.0856215954408611,0.0856215954408611,0.0354039089358662,0.999999991376894
7.10539892299639e-06,0.119658639022167,0.79555513436541,0.0847862266124225,0.0847862266124225,0.0348724124097446,0.99999999135923
7.33864113963309e-06,0.118303428854109,0.797741559399857,0.0839550117460341,0.0839550117460341,0.034348417108075,0.99999999134177
7.57953977812749e-06,0.116959834504347,0.799912162649052,0.083128002846601,0.083128002846601,0.0338318316577456,0.999999991324513
7.82834616860541e-06,0.115627815669406,0.802066933983924,0.0823052503466702,0.0823052503466702,0.0333225653227359,0.999999991307456
8.0853198913693e-06,0.114307331140298,0.804205865737392,0.0814868031223104,0.0814868031223104,0.0328205280179876,0.999999991290598
8.35072904771889e-06,0.112998338831434,0.806328952659481,0.0806727085090841,0.0806727085090841,0.0323256303223504,0.999999991273936
8.62485053966196e-06,0.111700795808735,0.808436191873167,0.0798630123180979,0.0798630123180978,0.0318377834906371,0.999999991257468
8.90797035880684e-06,0.110414658316944,0.810527582830933,0.0790577588521229,0.0790577588521229,0.031356899464821,0.999999991241192
9.20038388473819e-06,0.109139881806182,0.812603127272045,0.0782569909217729,0.0782569909217729,0.0308828908844092,0.999999991225107
9.50239619318715e-06,0.107876420957754,0.814662829180514,0.0774607498617321,0.0774607498617322,0.0304156710960221,0.999999991209209
9.81432237431766e-06,0.106624229709234,0.816706694743743,0.076669075547023,0.0766690755470229,0.0299551541622112,0.999999991193498
1.01364878614607e-05,0.105383261278848,0.818734732311847,0.0758820064093049,0.0758820064093049,0.0295012548695427,0.999999991177971
1.04692287706399e-05,0.104153468189176,0.820746952357627,0.0750995794531975,0.0750995794531975,0.0290538887359785,0.999999991162626
1.08128922512416e-05,0.102934802290199,0.822743367437181,0.0743218302726197,0.0743218302726197,0.0286129720175792,0.999999991147462
1.11678368481974e-05,0.101727214781696,0.824723992151166,0.0735487930671375,0.0735487930671375,0.0281784217145588,0.999999991132476
1.15344328760545e-05,0.100530656235031,0.826688843106654,0.072780500658315,0.072780500658315,0.0277501555767159,0.999999991117666
1.19130628053258e-05,0.0993450766143283,0.82863793887961,0.072016984506062,0.072016984506062,0.0273280921082663,0.999999991103031
1.23041216615222e-05,0.0981704252970748,0.830571299977953,0.0712582747249721,0.0712582747249721,0.0269121505721027,0.999999991088569
1.27080174372841e-05,0.0970066510941509,0.832488948805202,0.0705044001006468,0.0705044001006468,0.0265022509935042,0.999999991074279
1.31251715180404e-05,0.0958537022693187,0.834390909624681,0.0697553881060003,0.0697553881060003,0.0260983141633183,0.999999991060157
1.35560191216418e-05,0.09471152655818,0.836277208524279,0.0690112649175407,0.0690112649175408,0.0257002616406393,0.999999991046203
1.40010097524237e-05,0.0935800711866242,0.838147873381753,0.0682720554316227,0.0682720554316227,0.0253080157550015,0.999999991032414
1.44606076701759e-05,0.0924592828887808,0.84000293383055,0.0675377832806695,0.0675377832806694,0.0249214996081113,0.999999991018789
1.49352923745053e-05,0.0913491079244936,0.841842421226148,0.0668084708493583,0.0668084708493583,0.0245406370751353,0.999999991005327
1.54255591050998e-05,0.0902494920963338,0.843666368612898,0.0660841392907683,0.0660841392907683,0.0241653528055655,0.999999990992025
1.59319193584122e-05,0.0891603807661663,0.845474810691348,0.0653648085424861,0.0653648085424861,0.0237955722236802,0.999999990978881
1.64549014213061e-05,0.088081718871285,0.847267783786047,0.0646504973426678,0.0646504973426678,0.0234312215286172,0.999999990965895
1.6995050922219e-05,0.0870134509401325,0.849045325813814,0.0639412232460539,0.063941223246054,0.0230722276940785,0.999999990953064
1.75529314004175e-05,0.0859555211076178,0.850807476252447,0.0632370026399351,0.0632370026399351,0.0227185184676827,0.999999990940387
1.8129124893939e-05,0.0849078731300479,0.852554276109885,0.0625378507600676,0.0625378507600675,0.0223700223699804,0.999999990927861
1.87242325468339e-05,0.0838704503996852,0.85428576789378,0.0618437817065352,0.0618437817065352,0.02202666869315,0.999999990915487
1.933887523634e-05,0.0828431959589454,0.856001995581497,0.0611548084595574,0.0611548084595574,0.021688387499388,0.999999990903261
1.99736942206459e-05,0.0818260525142489,0.85770300459051,0.060470942895241,0.060470942895241,0.0213551096190079,0.999999990891182
2.06293518079165e-05,0.0808189624495387,0.859388841749186,0.0597921958012753,0.0597921958012754,0.0210267666482634,0.99999999087925
2.13065320472813e-05,0.0798218678394764,0.861059555267955,0.0591185768925686,0.0591185768925687,0.0207032909469077,0.999999990867461
2.20059414425039e-05,0.0788347104623292,0.862715194710845,0.0584500948268253,0.0584500948268254,0.0203846156355039,0.999999990855815
2.27283096890798e-05,0.0778574318125596,0.864355810967377,0.057786757220063,0.0577867572200631,0.0200706745924966,0.99999999084431
2.34743904355287e-05,0.0768899731131288,0.865981456224802,0.0571285706620689,0.0571285706620689,0.0197614024510599,0.999999990832945
2.42449620696783e-05,0.0759322753275253,0.86759218394068,0.0564755407317943,0.0564755407317943,0.0194567345957311,0.999999990821718
2.50408285307579e-05,0.0749842791715294,0.869188048815784,0.055827672012687,0.055827672012687,0.0191566071588424,0.999999990810627
2.58628201481505e-05,0.0740459251247233,0.870769106767315,0.0551849681079614,0.0551849681079614,0.0188609570167619,0.999999990799672
2.67117945076771e-05,0.0731171534417584,0.872335414902436,0.0545474316558053,0.0545474316558054,0.018569721785953,0.99999999078885
2.75886373463177e-05,0.0721979041633882,0.873887031492088,0.0539150643445238,0.0539150643445238,0.0182828398188645,0.99999999077816
2.8494263476304e-05,0.0712881171272767,0.875424015945105,0.0532878669276186,0.0532878669276185,0.0180002501996581,0.999999990767602
2.94296177395436e-05,0.0703877319785916,0.876946428782603,0.0526658392388052,0.0526658392388051,0.0177218927397864,0.999999990757173
3.03956759933773e-05,0.0694966881803909,0.878454331612645,0.0520489802069643,0.0520489802069643,0.0174477079734266,0.999999990746872
3.13934461286925e-05,0.0686149250238118,0.879947787105158,0.0514372878710302,0.0514372878710302,0.0171776371527816,0.999999990736698
3.24239691214583e-05,0.0677423816380696,0.881426858967115,0.0508307593948149,0.0508307593948149,0.0169116222432548,0.999999990726649
3.34883201187784e-05,0.0668789970002748,0.882891611917958,0.0502293910817668,0.0502293910817668,0.016649605918508,0.999999990716724
3.45876095605948e-05,0.0660247099450756,0.884342111665258,0.0496331783896662,0.0496331783896662,0.0163915315554094,0.999999990706921
3.57229843382119e-05,0.0651794591741344,0.88577842488061,0.0490421159452556,0.0490421159452556,0.0161373432288788,0.99999999069724
3.68956289908515e-05,0.0643431832654435,0.887200619175751,0.0484561975588052,0.0484561975588053,0.0158869857066383,0.999999990687679
3.8106766941485e-05,0.063515820682488,0.888608763078898,0.0478754162386139,0.0478754162386139,0.0156404044438741,0.999999990678237
3.93576617732339e-05,0.0626973097832617,0.890002926011293,0.0472997642054453,0.0472997642054453,0.0153975455778164,0.999999990668912
4.06496185476687e-05,0.0618875888291434,0.891383178263958,0.0467292329068988,0.0467292329068988,0.0151583559222446,0.999999990659703
4.19839851663829e-05,0.061086595993637,0.892749590974648,0.0461638130317154,0.0461638130317154,0.0149227829619216,0.999999990650609
4.33621537772622e-05,0.0602942693709844,0.894102236104997,0.0456034945240182,0.0456034945240182,0.0146907748469662,0.999999990641629
4.47855622269155e-05,0.0595105469846531,0.89544118641786,0.0450482665974871,0.0450482665974871,0.0144622803871661,0.999999990632761
4.62556955607834e-05,0.0587353667957067,0.896766515454825,0.044498117749468,0.044498117749468,0.0142372490462386,0.999999990624005
4.77740875724904e-05,0.0579686667110604,0.898078297513923,0.0439530357750162,0.0439530357750162,0.0140156309360442,0.999999990615358
4.93423224040549e-05,0.0572103845916289,0.899376607627499,0.043413007780872,0.0434130077808721,0.0137973768107569,0.99999999060682
5.09620361986283e-05,0.056460458260368,0.900661521540261,0.0428780201993713,0.0428780201993714,0.0135824380609967,0.99999999059839
5.26349188074876e-05,0.0557188255102168,0.901933115687495,0.0423480588022878,0.0423480588022878,0.0133707667079291,0.999999990590066
5.43627155530606e-05,0.0549854241119425,0.90319146717345,0.0418231087146076,0.0418231087146075,0.0131623153973349,0.999999990581847
5.61472290498255e-05,0.0542601918218917,0.904436653749872,0.041303154428236,0.041303154428236,0.0129570373936557,0.999999990573733
5.79903210849829e-05,0.0535430663896532,0.905668753794711,0.0407881798156354,0.0407881798156354,0.0127548865740177,0.999999990565721
5.98939145608622e-05,0.0528339855656326,0.906887846290974,0.0402781681433938,0.0402781681433938,0.0125558174222388,0.999999990557811
6.18599955010908e-05,0.0521328871085445,0.908094010805733,0.0397731020857225,0.0397731020857225,0.012359785022822,0.999999990550002
6.38906151226174e-05,0.0514397087928233,0.909287327469292,0.0392729637378846,0.0392729637378845,0.0121667450549387,0.999999990542292
6.59878919757511e-05,0.050754388415955,0.910467876954495,0.0387777346295501,0.0387777346295502,0.0119766537864049,0.999999990534681
6.81540141544502e-05,0.0500768638057344,0.911635740456186,0.03828739573808,0.0382873957380801,0.0117894680676543,0.999999990527167
7.03912415791659e-05,0.0494070728274467,0.912790999670817,0.0378019275017361,0.0378019275017361,0.0116051453257106,0.99999999051975
7.27019083546226e-05,0.0487449533909784,0.913933736776205,0.0373213098328169,0.0373213098328169,0.0114236435581615,0.999999990512428
7.50884252049954e-05,0.0480904434578569,0.915064034411425,0.0368455221307182,0.0368455221307182,0.0112449213271386,0.999999990505199
7.75532819890234e-05,0.0474434810482219,0.91618197565686,0.0363745432949176,0.0363745432949176,0.0110689377533043,0.999999990498065
8.00990502976862e-05,0.0468040042477296,0.91728764401439,0.0359083517378807,0.0359083517378807,0.0108956525098489,0.999999990491022
8.27283861371507e-05,0.04617195121439,0.91838112338772,0.0354469253978895,0.0354469253978896,0.0107250258165005,0.99999999048407
8.54440326997885e-05,0.0455472601853399,0.91946249806287,0.0349902417517905,0.0349902417517905,0.0105570184335494,0.999999990477208
8.82488232261553e-05,0.0449298694835509,0.920531852688787,0.0345382778276617,0.0345382778276616,0.0103915916558892,0.999999990470435
9.11456839609173e-05,0.0443197175244748,0.921589272258128,0.0340910102173974,0.0340910102173975,0.0102287073070774,0.99999999046375
9.41376372058094e-05,0.0437167428226253,0.922634842088166,0.033648415089209,0.0336484150892089,0.0100683277334164,0.999999990457152
9.722780447281e-05,0.0431208839980975,0.923668647801862,0.0332104682000403,0.0332104682000403,0.00991041579805718,0.999999990450641
0.000100419409740822,0.0425320797830249,0.924690775309078,0.0327771449078969,0.032777144907897,0.00975493487512797,0.999999990444214
0.000103715782819255,0.0419502690279753,0.925701310787938,0.0323484201840869,0.0323484201840869,0.00960184884388844,0.999999990437871
0.00010712036282203,0.0413753907082836,0.926700340666345,0.0319242686253718,0.0319242686253718,0.00945112208291184,0.999999990431612
0.000110636701755609,0.0408073839303232,0.92768795160365,0.0315046644660269,0.0315046644660269,0.00930271946429627,0.999999990425435
0.000114268468224812,0.040246187937715,0.928664230472477,0.0310895815898085,0.0310895815898085,0.0091566063479065,0.999999990419339
0.000118019451260286,0.039691742117474,0.9296292643407,0.0306789935418264,0.0306789935418264,0.00901274857564759,0.999999990413323
0.000121893564271606,0.0391439860060931,0.930583140453585,0.0302728735403214,0.0302728735403214,0.00887111246577168,0.999999990407387
0.000125894849130144,0.0386028592955629,0.931525946216093,0.0298711944883439,0.0298711944883439,0.00873166480721903,0.999999990401529
0.000130027480385966,0.0380683018393285,0.932457769175337,0.0294739289853341,0.0294739289853342,0.00859437285399441,0.999999990395748
0.000134295769623147,0.0375402536581812,0.933378697003218,0.0290810493386012,0.0290810493386012,0.00845920431957995,0.999999990390045
0.000138704169958061,0.0370186549460843,0.934288817479217,0.028692527574699,0.028692527574699,0.00832612737138534,0.999999990384417
0.000143257280685323,0.0365034460759345,0.935188218473367,0.0283083354506983,0.0283083354506983,0.00819511062523623,0.999999990378864
0.000147959852076248,0.0359945676052542,0.936076987929393,0.0279284444653524,0.0279284444653524,0.00806612313990186,0.999999990373385
0.000152816790334818,0.0354919602818176,0.936955213848027,0.027552825870155,0.027552825870155,0.00793913441166257,0.99999999036798
0.000157833162716338,0.0349955650492071,0.937822984270504,0.0271814506802892,0.0271814506802892,0.00781411436891789,0.999999990362647
0.000163014202814114,0.0345053230522999,0.938680387262236,0.0268142896854639,0.0268142896854639,0.00769103336683597,0.999999990357385
0.000168365316019676,0.0340211756426839,0.939527510896677,0.0264513134606389,0.0264513134606389,0.00756986218204503,0.999999990352194
0.000173892085162232,0.0335430643840017,0.940364443239364,0.0260924923766345,0.0260924923766345,0.00745057200736724,0.999999990347072
0.000179600276333251,0.0330709310572207,0.941191272332154,0.025737796610625,0.025737796610625,0.0073331344465957,0.99999999034202
0.000185495844902237,0.0326047176658298,0.942008086177655,0.0253871961565149,0.0253871961565149,0.00721752150931495,0.999999990337036
0.000191584941729985,0.03214436644096,0.942814972723845,0.0250406608351945,0.0250406608351946,0.00710370560576552,0.999999990332119
0.00019787391958578,0.0316898198464288,0.943612019848895,0.024698160304676,0.024698160304676,0.00699165954175283,0.999999990327269
0.000204369339775265,0.0312410205837061,0.944399315346189,0.0243596640701053,0.0243596640701053,0.00688135651360081,0.999999990322485
0.000211077978985864,0.0307979115968018,0.945176946909547,0.0240251414936511,0.0240251414936511,0.00677277010315071,0.999999990317766
0.000218006836356915,0.0303604360770725,0.94594500211866,0.0236945618042673,0.0236945618042673,0.00666587427280522,0.99999999031311
0.000225163140781888,0.0299285374679472,0.946703568424724,0.023367894107329,0.023367894107329,0.00656064336061822,0.999999990308519
0.000232554358450312,0.0295021594695698,0.947452733136291,0.0230451073941395,0.0230451073941395,0.00645705207543038,0.99999999030399
0.000240188200637262,0.0290812460433584,0.948192583405334,0.0227261705513076,0.0227261705513076,0.00635507549205086,0.999999990299523
0.000248072631748554,0.0286657414164789,0.948923206213527,0.0224110523699937,0.0224110523699937,0.00625468904648513,0.999999990295117
0.00025621587763003,0.0282555900862328,0.949644688358744,0.0220997215550236,0.0220997215550236,0.00615586853120924,0.999999990290772
0.000264626434149599,0.0278507368243581,0.950357116441774,0.0217921467338677,0.0217921467338678,0.00605859009049036,0.999999990286486
0.000273313076060999,0.0274511266812407,0.951060576853273,0.0214882964654866,0.0214882964654866,0.00596283021575401,0.99999999028226
0.000282284866158518,0.0270567049900373,0.951755155760923,0.0211881392490396,0.0211881392490396,0.00586856574099776,0.999999990278091
0.000291551164732229,0.0266674173707079,0.952440939096836,0.0208916435324564,0.0208916435324564,0.00577577383825155,0.99999999027398
0.000301121639333601,0.0262832097339557,0.953118012545173,0.0205987777208712,0.0205987777208712,0.00568443201308458,0.999999990269927
0.000311006274861684,0.0259040282850758,0.953786461530007,0.0203095101849169,0.020309510184917,0.00559451810015885,0.999999990265929
0.000321215383980369,0.0255298195277096,0.95444637120341,0.0200238092688804,0.0200238092688804,0.00550601025882916,0.999999990261987
0.000331759617877626,0.0251605302675057,0.955097826433778,0.019741643298716,0.0197416432987161,0.00541888696878966,0.999999990258099
0.000342649977377904,0.024796107615685,0.955740911794397,0.0194629805899183,0.0194629805899183,0.00533312702576676,0.999999990254266
0.000353897824419325,0.0244364989925107,0.956375711552237,0.0191877894552524,0.0191877894552524,0.00524870953725837,0.999999990250486
0.000365514893907615,0.024081652130661,0.957002309656997,0.0189160382123416,0.0189160382123416,0.00516561391831936,0.999999990246759
0.000377513305959163,0.0237315150785048,0.957620789730383,0.0186476951911118,0.0186476951911118,0.00508381988739301,0.999999990243084
0.000389905578545969,0.0233860362032801,0.958231235055628,0.0183827287410916,0.0183827287410916,0.0050033074621885,0.99999999023946
0.000402704640555667,0.0230451641941727,0.958833728567259,0.0181211072385686,0.0181211072385685,0.00492405695560406,0.999999990235888
0.000415923845280274,0.0227088480652974,0.959428352841101,0.0178627990936016,0.0178627990936016,0.00484604897169577,0.999999990232365
0.000429576984347703,0.0223770371585786,0.960015190084535,0.0176077727568869,0.0176077727568869,0.0047692644016917,0.999999990228892
0.000443678302110607,0.0220496811465319,0.960594322126987,0.0173559967264805,0.0173559967264806,0.00469368442005138,0.999999990225468
0.000458242510507543,0.0217267300349452,0.96116583041068,0.0171074395543751,0.0171074395543751,0.00461929048057008,0.999999990222093
0.000473284804411975,0.0214081341654593,0.961729795981609,0.0168620698529313,0.0168620698529313,0.00454606431252802,0.999999990218765
0.00048882087748512,0.0210938442180483,0.962286299480788,0.0166198563011642,0.0166198563011642,0.00447398791688406,0.999999990215484
0.000504866938549183,0.020783811213399,0.962835421135716,0.0163807676508854,0.0163807676508854,0.00440304356251361,0.999999990212249
0.00052143972849806,0.0204779865151895,0.963377240752112,0.0161447727326988,0.0161447727326987,0.00433321378249075,0.999999990209061
0.000538556537763153,0.0201763218322671,0.96391183770588,0.0159118404618532,0.0159118404618532,0.00426448137041391,0.999999990205918
0.000556235224352518,0.0198787692207248,0.964439290935326,0.0156819398439495,0.0156819398439495,0.00419682937677529,0.999999990202819
0.000574494232482167,0.0195852810858782,0.964959678933617,0.0154550399805048,0.0154550399805048,0.00413024110537333,0.999999990199765
0.000593352611818965,0.0192958101841405,0.965473079741487,0.0152311100743723,0.0152311100743723,0.0040647001097682,0.999999990196755
0.000612830037355189,0.0190103096247984,0.965979570940183,0.0150101194350184,0.0150101194350184,0.00400019018977997,0.999999990193787
0.0006329468299355,0.0187287328716872,0.966479229644655,0.0147920374836582,0.0147920374836581,0.00393669538802908,0.999999990190862
0.000653723977457721,0.0184510337447666,0.966972132496986,0.0145768337582476,0.0145768337582476,0.00387419998651895,0.999999990187979
0.00067518315676957,0.0181771664215966,0.967458355660067,0.0143644779183364,0.0143644779183364,0.00381268850326017,0.999999990185137
0.000697346756284161,0.0179070854387155,0.967937974811505,0.0141549397497792,0.0141549397497792,0.00375214568893633,0.999999990182336
0.000720237899337892,0.0176407456929191,0.968411065137773,0.0139481891693083,0.0139481891693083,0.00369255652361077,0.999999990179575
0.000743880468315072,0.0173781024424417,0.968877701328591,0.0137441962289675,0.0137441962289675,0.00363390621347426,0.999999990176854
0.00076829912956448,0.0171191113080413,0.96933795757155,0.0135429311204083,0.0135429311204083,0.00357618018763303,0.999999990174173
0.000793519359133813,0.0168637282739867,0.969791907546964,0.0133443641790497,0.0133443641790497,0.00351936409493699,0.99999999017153
0.00081956746934892,0.0166119096889506,0.970239624422946,0.0131484658881029,0.013148465888103,0.00346344380084768,0.999999990168925
0.000846470636265502,0.0163636122668066,0.970681180850733,0.0129552068824608,0.0129552068824608,0.00340840538434579,0.999999990166358
0.000874256928021966,0.0161187930873327,0.971116648960212,0.0127645579524551,0.0127645579524551,0.0033542351348776,0.999999990163829
0.000902955334122976,0.0158774095968218,0.971546100355697,0.0125764900474815,0.0125764900474815,0.00330091954934036,0.999999990161336
0.000932595795684277,0.0156394196085996,0.971969606111907,0.0123909742794936,0.0123909742794936,0.00324844532910602,0.999999990158879
0.000963209236670323,0.0154047813034515,0.97238723677018,0.0122079819263685,0.0122079819263685,0.00319679937708302,0.999999990156458
0.000994827596157334,0.0151734532299593,0.972799062334897,0.0120274844351434,0.0120274844351434,0.00314596879481582,0.999999990154072
0.00102748386165541,0.0149453943047487,0.973205152270124,0.0118494534251269,0.0118494534251269,0.0030959408796218,0.999999990151721
0.00106121210352446,0.0147205638126491,0.973605575496467,0.0116738606908839,0.0116738606908839,0.00304670312176518,0.999999990149405
0.00109604751051993,0.0144989214067661,0.974000400388135,0.0115006782050985,0.0115006782050985,0.00299824320166764,0.999999990147122
0.00113202642650527,0.0142804271084687,0.974389694770218,0.0113298781213135,0.0113298781213135,0.00295054898715516,0.999999990144873
0.0011691863883696,0.0140650413072916,0.974773525916158,0.0111614327765506,0.0111614327765506,0.00290360853074091,0.999999990142657
0.00120756616519004,0.013852724760755,0.975151960545434,0.0109953146938113,0.0109953146938114,0.0028574100669437,0.999999990140473
0.00124720579867956,0.0136434385941022,0.975525064821437,0.0108314965844605,0.0108314965844604,0.00281194200964169,0.999999990138321
0.00128814664496261,0.013437144299956,0.975892904349549,0.010669951350495,0.010669951350495,0.00276719294946097,0.999999990136201
0.00133043141772207,0.0132338037378971,0.976255544175404,0.0105106520866984,0.0105106520866984,0.0027231516511987,0.999999990134113
0.00137410423276252,0.0130333791339637,0.976613048783353,0.0103535720826833,0.0103535720826833,0.00267980705128043,0.999999990132055
0.00141921065403636,0.012835833080075,0.976965482095101,0.0101986848248238,0.0101986848248239,0.00263714825525118,0.999999990130027
0.00146579774118084,0.0126411285333795,0.977312907468541,0.0100459639980794,0.0100459639980793,0.00259516453530012,0.99999999012803
0.0015139140986154,0.0124492288155302,0.977655387696758,0.00989538348771198,0.00989538348771203,0.00255384532781825,0.999999990126062
0.00156360992625089,0.0122600976118871,0.977992985007215,0.00974691738089829,0.00974691738089831,0.00251318023098886,0.999999990124123
0.00161493707186316,0.0120736989706495,0.978325761061111,0.00960053996823902,0.00960053996823904,0.00247315900241047,0.999999990122213
0.00166794908518602,0.0118899973019187,0.978653776952914,0.00945622574516693,0.00945622574516697,0.00243377155675177,0.999999990120331
0.0017227012737798,0.0117089573766938,0.978977093210051,0.00931394941325555,0.00931394941325552,0.00239500796343826,0.999999990118477
0.00177925076073385,0.0115305443258008,0.979295769792769,0.00917368588143047,0.00917368588143042,0.00235685844437033,0.99999999011665
0.00183765654426318,0.0113547236387573,0.979609866094158,0.00903541026708503,0.00903541026708504,0.00231931337167225,0.999999990114851
