1e-07,0.385041133390391,0.423276204687119,0.19168266192249,0.19168266192249,0.193358471467901,0.99999999626125
1.03282605511167e-07,0.382948579720937,0.42576177725269,0.191289643026373,0.191289643026373,0.191658936694564,0.999999996206105
1.06672966011754e-07,0.380841262400445,0.428272051004838,0.190886686594717,0.190886686594717,0.189954575805728,0.999999996150947
1.10174618672982e-07,0.378719671587735,0.430806590651599,0.190473737760667,0.190473737760667,0.188245933827068,0.999999996095794
1.13791216777448e-07,0.376584302422634,0.433364949202623,0.190050748374744,0.190050748374744,0.18653355404789,0.999999996040661
1.17526533530609e-07,0.374435654348861,0.435946668585975,0.189617677065164,0.189617677065164,0.184817977283697,0.999999995985565
1.21384465997369e-07,0.372274230445277,0.438551280271405,0.189174489283318,0.189174489283318,0.183099741161958,0.999999995930523
1.25369039167899e-07,0.370100536767317,0.441178305898091,0.188721157334592,0.188721157334592,0.181379379432725,0.999999995875549
1.29484410156922e-07,0.367915081700301,0.44382725790496,0.188257660394739,0.188257660394739,0.179657421305562,0.999999995820659
1.33734872540836e-07,0.365718375326197,0.4464976401617,0.187783984512103,0.187783984512103,0.177934390814094,0.999999995765867
1.38124860837214e-07,0.363510928805271,0.449188948598726,0.187300122596004,0.187300122596004,0.176210806209267,0.999999995711189
1.42658955131348e-07,0.361293253773959,0.451900671834351,0.18680607439169,0.18680607439169,0.174487179382269,0.999999995656637
1.47341885854664e-07,0.359065861760129,0.454632291797604,0.186301846442267,0.186301846442267,0.172764015317862,0.999999995602227
1.52178538719987e-07,0.356829263616796,0.457383284345128,0.185787452038077,0.185787452038077,0.171041811578719,0.999999995547971
1.57173959818823e-07,0.354583968975216,0.460153119870756,0.185262911154028,0.185262911154028,0.169321057821188,0.999999995493882
1.62333360885955e-07,0.352330485718163,0.462941263906429,0.184728250375408,0.184728250375408,0.167602235342754,0.999999995439973
1.67662124736861e-07,0.350069319474053,0.465747177713215,0.184183502812732,0.184183502812733,0.16588581666132,0.999999995386256
1.73165810883613e-07,0.347800973132486,0.4685703188613,0.183628708006214,0.183628708006214,0.164172265126272,0.999999995332743
1.78850161335136e-07,0.345525946381632,0.471410141797917,0.183063911820452,0.183063911820452,0.16246203456118,0.999999995279444
1.84721106587855e-07,0.34324473526779,0.474266098402273,0.182489166329938,0.182489166329938,0.160755568937852,0.999999995226372
1.90784771812997e-07,0.34095783177735,0.477137638526629,0.181904529696021,0.181904529696021,0.159053302081329,0.999999995173536
1.97047483246998e-07,0.338665723441261,0.480024210522807,0.181310066035932,0.181310066035932,0.157355657405329,0.999999995120946
2.03515774791681e-07,0.336368892962043,0.482925261753445,0.180705845284512,0.180705845284512,0.155663047677531,0.999999995068612
2.10196394831087e-07,0.33406781786327,0.485840239087468,0.180091943049263,0.180091943049263,0.153975874814007,0.999999995016544
2.17096313272088e-07,0.331762970161376,0.488768589379285,0.179468440459339,0.179468440459339,0.152294529702037,0.99999999496475
2.24222728816098e-07,0.32945481605957,0.491709759931326,0.178835424009103,0.178835424009103,0.150619392050467,0.999999994913238
2.31583076469505e-07,0.327143815663544,0.49466319893962,0.178192985396836,0.178192985396836,0.148950830266708,0.999999994862017
2.39185035300624e-07,0.324830422718636,0.497628355922162,0.177541221359202,0.177541221359202,0.147289201359435,0.999999994811094
2.47036536451289e-07,0.322515084368026,0.500604682129937,0.176880233502037,0.176880233502037,0.145634850865989,0.999999994760476
2.55145771411436e-07,0.320198240931486,0.503591630940482,0.176210128128032,0.176210128128032,0.143988112803453,0.999999994710171
2.63521200565298e-07,0.317880325704188,0.506588658233975,0.175531016061838,0.175531016061838,0.14234930964235,0.999999994660184
2.72171562018149e-07,0.315561764775005,0.509595222751877,0.174843012473118,0.174843012473118,0.140718752301888,0.999999994610522
2.81105880712787e-07,0.313242976863725,0.512610786438215,0.17414623669806,0.17414623669806,0.139096740165665,0.999999994561191
2.9033347784528e-07,0.310924373176554,0.515634814763631,0.173440812059815,0.173440812059815,0.137483561116739,0.999999994512195
2.99863980589793e-07,0.308606357279278,0.518666777032406,0.172726865688316,0.172726865688316,0.135879491590962,0.99999999446354
3.09707332142639e-07,0.306289324987421,0.521706146672651,0.172004528339928,0.172004528339928,0.134284796647493,0.999999994415231
3.19873802096042e-07,0.303973664272724,0.524752401509955,0.171273934217322,0.171273934217322,0.132699730055402,0.999999994367273
3.30373997152427e-07,0.301659755185259,0.527805024024774,0.170535220789967,0.170535220789967,0.131124534395292,0.999999994319667
3.41218872190416e-07,0.299347969790502,0.530863501593895,0.169788528615604,0.169788528615604,0.129559441174898,0.99999999427242
3.52419741694082e-07,0.297038672120651,0.533927326716313,0.169034001163036,0.169034001163036,0.128004670957615,0.999999994225534
3.63988291557374e-07,0.294732218139516,0.536995997223927,0.168271784636556,0.168271784636556,0.12646043350296,0.999999994179011
3.7593659127604e-07,0.292428955720276,0.540069016477424,0.1675020278023,0.1675020278023,0.124926927917976,0.999999994132856
3.88277106539761e-07,0.290129224635428,0.54314589354778,0.166724881816792,0.166724881816792,0.123404342818636,0.999999994087071
4.01022712237636e-07,0.287833356558257,0.546226143383799,0.165940500057944,0.165940500057944,0.121892856500313,0.999999994041657
4.14186705890581e-07,0.285541675075148,0.549309286966138,0.165149037958713,0.165149037958713,0.120392637116435,0.999999993996617
4.27782821524667e-07,0.283254495708109,0.552394851448248,0.164350652843643,0.164350652843643,0.118903842864467,0.999999993951953
4.41825243999864e-07,0.280972125946844,0.555482370284702,0.163545503768455,0.163545503768455,0.117426622178389,0.999999993907667
4.56328623809131e-07,0.278694865289776,0.558571383347354,0.16273375136287,0.16273375136287,0.115961113926905,0.999999993863758
4.71308092363324e-07,0.276423005293404,0.561661437029798,0.161915557676798,0.161915557676798,0.114507447616606,0.999999993820229
4.86779277777819e-07,0.274156829629406,0.564752084340578,0.161091086030016,0.161091086030016,0.11306574359939,0.999999993777081
5.02758321177375e-07,0.271896614148928,0.567842884985604,0.160260500865468,0.160260500865468,0.111636113283461,0.999999993734313
5.19261893536195e-07,0.269642626953498,0.570933405440248,0.159423967606254,0.159423967606254,0.110218659347244,0.999999993691927
5.36307213070806e-07,0.267395128472054,0.574023219011535,0.158581652516411,0.158581652516411,0.108813475955644,0.999999993649923
5.53912063203856e-07,0.265154371543559,0.577111905890912,0.157733722565528,0.157733722565528,0.107420648978031,0.9999999936083
5.72094811117606e-07,0.262920601504728,0.580199053198002,0.15688034529727,0.15688034529727,0.106040256207458,0.999999993567059
5.90874426916454e-07,0.260694056282396,0.583284255015784,0.156021688701819,0.156021688701819,0.104672367580577,0.9999999935262
6.10270503418493e-07,0.258474966490083,0.586367112417624,0.155157921092294,0.155157921092294,0.103317045397789,0.999999993485721
6.30303276596736e-07,0.25626355552832,0.589447233486556,0.154289210985124,0.154289210985124,0.101974344543196,0.999999993445623
6.50993646691368e-07,0.254060039688351,0.592524233327237,0.153415726984412,0.153415726984412,0.100644312703938,0.999999993405905
6.72363200015008e-07,0.251864628258804,0.595597734070931,0.152537637670265,0.152537637670265,0.0993269905885383,0.999999993366565
6.94434231473761e-07,0.24967752363498,0.598667364873945,0.151655111491075,0.151655111491075,0.0980224121439041,0.999999993327603
7.17229767827552e-07,0.247498921430409,0.60173276190985,0.150768316659741,0.150768316659741,0.0967306047706683,0.999999993289017
7.40773591713991e-07,0.245329010590349,0.604793568355869,0.149877421053782,0.149877421053782,0.0954515895365676,0.999999993250807
7.65090266460866e-07,0.243167973506914,0.607849434373762,0.148982592119323,0.148982592119323,0.0941853813875909,0.999999993212971
7.90205161713115e-07,0.241015986135545,0.610900017085561,0.148083996778894,0.148083996778894,0.0929319893566513,0.999999993175508
8.16144479901037e-07,0.238873218112556,0.613944980544447,0.147181801342997,0.147181801342997,0.0916914167695591,0.999999993138415
8.42935283577358e-07,0.236739832873485,0.616983995701126,0.14627617142539,0.14627617142539,0.0904636614480947,0.999999993101692
8.70605523651641e-07,0.234615987772027,0.620016740365947,0.145367271862026,0.145367271862026,0.0892487159100011,0.999999993065337
8.99184068551557e-07,0.232501834199315,0.623042899167106,0.144455266633579,0.144455266633579,0.0880465675657358,0.999999993029347
9.28700734341368e-07,0.230397517703337,0.626062163505168,0.143540318791495,0.143540318791495,0.0868571989118426,0.999999992993721
9.59186315829108e-07,0.228303178108311,0.629074231504194,0.142622590387495,0.142622590387495,0.0856805877208158,0.999999992958457
9.90672618694879e-07,0.226218949633814,0.632078807959724,0.141702242406461,0.141702242406461,0.0845167072273533,0.999999992923552
1.02319249267378e-06,0.224144961013526,0.635075604283852,0.140779434702622,0.140779434702622,0.0833655263109049,0.999999992889006
1.05677986582814e-06,0.222081335613405,0.638064338447629,0.139854325938966,0.139854325938967,0.0822270096744381,0.999999992854814
1.09146977994472e-06,0.220028191549172,0.641044734921017,0.138927073529811,0.138927073529811,0.0811011180193608,0.999999992820976
1.12729842709391e-06,0.217985641802973,0.644016524610601,0.137997833586426,0.137997833586426,0.0799878082165469,0.999999992787489
1.164303187389e-06,0.215953794339085,0.646979444795258,0.137066760865657,0.137066760865657,0.0788870334734285,0.99999999275435
1.20252266798493e-06,0.213932752218571,0.649933239059983,0.136134008721446,0.136134008721446,0.0777987434971254,0.999999992721558
1.24199674335724e-06,0.211922613712777,0.652877657228042,0.135199729059181,0.135199729059181,0.0767228846535959,0.999999992689109
1.2827665969032e-06,0.209923472415581,0.655812455291637,0.134264072292783,0.134264072292783,0.0756594001227981,0.999999992657002
1.32487476390855e-06,0.207935417354318,0.658737395341231,0.133327187304452,0.133327187304452,0.0746082300498661,0.999999992625233
1.36836517592468e-06,0.2059585330993,0.661652245493706,0.132389221406994,0.132389221406994,0.0735693116923062,0.999999992593801
1.41328320660248e-06,0.203992899871872,0.664556779819489,0.13145032030864,0.13145032030864,0.0725425795632318,0.999999992562702
1.45967571903081e-06,0.202038593650939,0.667450778268779,0.130510628080281,0.130510628080281,0.0715279655706578,0.999999992531934
1.50759111462889e-06,0.200095686277925,0.670334026597034,0.129570287125041,0.129570287125041,0.0705253991528842,0.999999992501495
1.55707938364357e-06,0.198164245560102,0.673206316289801,0.128629438150097,0.128629438150097,0.0695348074100046,0.999999992471382
1.6081921573043e-06,0.196244335372267,0.676067444487042,0.127688220140691,0.127688220140691,0.0685561152315765,0.999999992441592
1.66098276169013e-06,0.194336015756727,0.678917213907047,0.126746770336227,0.126746770336227,0.0675892454205,0.999999992412122
1.71550627336491e-06,0.192439343021556,0.681755432770039,0.125805224208405,0.125805224208405,0.0666341188131513,0.999999992382971
1.77181957683881e-06,0.190554369837123,0.684581914721578,0.124863715441299,0.124863715441299,0.0656906543958249,0.999999992354134
1.82998142391606e-06,0.18868114533085,0.687396478755837,0.123922375913314,0.123922375913314,0.0647587694175364,0.99999999232561
1.89005249499087e-06,0.186819715180195,0.690198949138857,0.122981335680948,0.122981335680948,0.0638383794992475,0.999999992297396
1.95209546235539e-06,0.184970121703863,0.692989155331846,0.122040722964292,0.122040722964292,0.0629293987395711,0.999999992269489
2.01617505558591e-06,0.18313240395121,0.6957669319146,0.12110066413419,0.12110066413419,0.0620317398170195,0.999999992241886
2.08235812907536e-06,0.18130659778987,0.698532118509121,0.120161283701009,0.120161283701009,0.0611453140888611,0.999999992214585
2.15071373178262e-06,0.179492735991582,0.701284559703487,0.119222704304931,0.119222704304931,0.0602700316866507,0.999999992187583
2.22131317927155e-06,0.177690848316227,0.704024104976047,0.118285046707726,0.118285046707726,0.0594058016085006,0.999999992160876
2.2942301281146e-06,0.175900961594087,0.706750608619987,0.117348429785926,0.117348429785926,0.0585525318081613,0.999999992134464
2.36954065273895e-06,0.17412309980633,0.709463929668322,0.116412970525349,0.116412970525349,0.0577101292809809,0.999999992108342
2.44732332479511e-06,0.172357284163722,0.712163931819367,0.11547878401691,0.11547878401691,0.0568785001468122,0.999999992082508
2.52765929513092e-06,0.170603533183606,0.714850483362726,0.114545983453668,0.114545983453668,0.056057549729938,0.99999999205696
2.61063237845642e-06,0.168861862765125,0.717523457105835,0.11361468012904,0.11361468012904,0.0552471826360854,0.999999992031694
2.69632914078795e-06,0.167132286262741,0.720182730301116,0.112684983436143,0.112684983436143,0.054447302826598,0.999999992006709
2.78483898976267e-06,0.165414814558044,0.722828184573749,0.111757000868206,0.111757000868206,0.0536578136898381,0.999999991982
2.87625426791775e-06,0.163709456129883,0.72545970585012,0.110830838019996,0.110830838019996,0.0528786181098872,0.999999991957567
2.9706703490316e-06,0.162016217122831,0.728077184286954,0.109906598590215,0.109906598590215,0.0521096185326157,0.999999991933405
3.06818573762752e-06,0.160335101414011,0.730680514201168,0.108984384384822,0.108984384384822,0.0513507170291893,0.999999991909513
3.16890217174373e-06,0.158666110678309,0.733269594000466,0.108064295321226,0.108064295321226,0.050601815357083,0.999999991885888
3.27292472907689e-06,0.157009244451985,0.735844326114698,0.107146429433316,0.107146429433317,0.0498628150186686,0.999999991862526
3.38036193660993e-06,0.155364500194722,0.738404616928,0.106230882877279,0.106230882877279,0.0491336173174429,0.999999991839426
3.49132588383849e-06,0.153731873350121,0.740950376711722,0.105317749938156,0.105317749938156,0.0484141234119649,0.999999991816586
3.60593233971418e-06,0.152111357404689,0.743481519558187,0.104407123037125,0.104407123037125,0.0477042343675641,0.999999991794002
3.7243008734266e-06,0.150502943945318,0.745997963315252,0.10349909273943,0.10349909273943,0.0470038512058879,0.999999991771671
3.84655497915016e-06,0.148906622715312,0.748499629521725,0.102593747762963,0.102593747762963,0.0463128749523482,0.999999991749592
3.97282220488582e-06,0.147322381668963,0.750986443343607,0.10169117498743,0.10169117498743,0.0456312066815324,0.999999991727762
4.10323428553227e-06,0.14575020702472,0.753458333511198,0.100791459464082,0.100791459464083,0.0449587475606374,0.999999991706178
4.23792728032526e-06,0.144190083316967,0.755915232257055,0.0998946844259776,0.0998946844259776,0.0442953988909895,0.999999991684838
4.37704171478848e-06,0.142641993446447,0.758357075254813,0.0990009312987399,0.0990009312987399,0.043641062147707,0.999999991663739
4.52072272734421e-06,0.141105918729349,0.760783801558865,0.0981102797117854,0.0981102797117855,0.0429956390175639,0.999999991642879
4.66912022073661e-06,0.139581838945098,0.763195353544915,0.0972228075099863,0.0972228075099863,0.0423590314351121,0.999999991622256
4.82238901842554e-06,0.138069732382862,0.765591676851393,0.096338590765745,0.096338590765745,0.0417311416171171,0.999999991601866
4.9806890261143e-06,0.136569575886813,0.767972720321735,0.0954577037914521,0.0954577037914521,0.0411118720953604,0.999999991581709
5.14418539857963e-06,0.135081344900165,0.770338435947534,0.0945802191523013,0.0945802191523013,0.0405011257478635,0.999999991561781
5.31304871197807e-06,0.133605013508022,0.77268877881254,0.0937062076794379,0.093706207679438,0.0398988058285836,0.99999999154208
5.48745514180847e-06,0.13214055447905,0.775023707037534,0.0928357384834168,0.0928357384834168,0.0393048159956327,0.999999991522603
5.6675866467163e-06,0.130687939306016,0.777343181726037,0.091968878967947,0.091968878967947,0.0387190603380687,0.999999991503349
5.85363115833159e-06,0.129247138245209,0.779647166910888,0.0911056948439025,0.0911056948439025,0.0381414434013067,0.999999991484315
6.04578277733839e-06,0.127818120354776,0.781935629501646,0.090246250143578,0.090246250143578,0.0375718702111981,0.999999991465498
6.2442419759805e-06,0.126400853531993,0.784208539232837,0.0893906072351701,0.08939060723517,0.0370102462968227,0.999999991446898
6.44921580721465e-06,0.124995304549503,0.786465868613031,0.0885388268374655,0.0885388268374655,0.0364564777120375,0.99999999142851
6.66091812072936e-06,0.123601439090546,0.788707592874735,0.0876909680347187,0.0876909680347187,0.0359104710558277,0.999999991410333
6.87956978605476e-06,0.122219221783202,0.790933689925096,0.086847088291702,0.086847088291702,0.0353721334914998,0.999999991392366
7.10539892299639e-06,0.120848616233671,0.793144140297418,0.0860072434689113,0.0860072434689113,0.0348413727647593,0.999999991374605
7.33864113963309e-06,0.119489585058626,0.795338927103459,0.0851714878379142,0.0851714878379142,0.0343180972207122,0.999999991357049
7.57953977812749e-06,0.118142089916653,0.797518035986524,0.0843398740968233,0.0843398740968233,0.0338022158198297,0.999999991339695
7.82834616860541e-06,0.116806091538797,0.799681455075319,0.0835124533858835,0.0835124533858836,0.0332936381529136,0.999999991322542
8.0853198913693e-06,0.115481549758257,0.801829174938584,0.0826892753031591,0.0826892753031591,0.0327922744550977,0.999999991305586
8.35072904771889e-06,0.114168423539232,0.803961188540461,0.0818703879203079,0.0818703879203078,0.0322980356189238,0.999999991288828
8.62485053966196e-06,0.112866671004955,0.806077491196613,0.0810558377984318,0.0810558377984318,0.0318108332065235,0.999999991272263
8.90797035880684e-06,0.111576249464934,0.808178080531072,0.0802456700039931,0.0802456700039931,0.0313305794609414,0.99999999125589
9.20038388473819e-06,0.110297115441416,0.810262956433801,0.0794399281247838,0.0794399281247838,0.0308571873166319,0.999999991239707
9.50239619318715e-06,0.109029224695102,0.812332121018956,0.0786386542859419,0.0786386542859419,0.0303905704091602,0.999999991223713
9.81432237431766e-06,0.107772532250141,0.814385578583857,0.0778418891660019,0.0778418891660019,0.0299306430841391,0.999999991207904
1.01364878614607e-05,0.106526992418404,0.816423335568623,0.0770496720129729,0.0770496720129729,0.029477320405431,0.99999999119228
1.04692287706399e-05,0.10529255882308,0.818445400516484,0.0762620406604364,0.0762620406604365,0.0290305181626433,0.999999991176838
1.08128922512416e-05,0.104069184421601,0.820451784034744,0.0754790315436549,0.0754790315436549,0.0285901528779463,0.999999991161576
1.11678368481974e-05,0.102856821527923,0.822442498756393,0.0747006797156847,0.0747006797156847,0.028156141812238,0.999999991146493
1.15344328760545e-05,0.101655421834173,0.82441755930234,0.0739270188634871,0.0739270188634871,0.0277284029706857,0.999999991131586
1.19130628053258e-05,0.100464936431697,0.826376982244272,0.0731580813240311,0.0731580813240311,0.027306855107666,0.999999991116854
1.23041216615222e-05,0.0992853158315116,0.828320786068107,0.0723938981003813,0.0723938981003813,0.0268914177311303,0.999999991102295
1.27080174372841e-05,0.0981165099841843,0.830248991138049,0.0716344988777669,0.0716344988777669,0.0264820111064174,0.999999991087906
1.31251715180404e-05,0.0969584682991643,0.83216161966121,0.0708799120396261,0.0708799120396261,0.0260785562595381,0.999999991073688
1.35560191216418e-05,0.0958111396635742,0.834058695652804,0.0701301646836214,0.0701301646836214,0.0256809749799528,0.999999991059636
1.40010097524237e-05,0.0946744724604845,0.835940244901894,0.0693852826376215,0.0693852826376215,0.025289189822863,0.99999999104575
1.44606076701759e-05,0.0935484145866857,0.837806294937668,0.0686452904756465,0.0686452904756465,0.0249031241110392,0.999999991032029
1.49352923745053e-05,0.0924329134699751,0.839656874996253,0.0679102115337715,0.0679102115337715,0.0245227019362036,0.999999991018469
1.54255591050998e-05,0.0913279160859751,0.841492015988037,0.0671800679259875,0.0671800679259875,0.0241478481599876,0.99999999100507
1.59319193584122e-05,0.0902333689744969,0.843311750465489,0.066454880560014,0.066454880560014,0.0237784884144829,0.99999999099183
1.64549014213061e-05,0.0891492182554668,0.84511611259147,0.0657346691530629,0.0657346691530629,0.0234145491024039,0.999999990978746
1.6995050922219e-05,0.0880754096444297,0.84690513810802,0.06501945224755,0.0650194522475501,0.0230559573968796,0.999999990965819
1.75529314004175e-05,0.0870118884676426,0.848678864305605,0.064309247226752,0.064309247226752,0.0227026412408906,0.999999990953045
1.8129124893939e-05,0.085958599676776,0.850437329992817,0.0636040703304071,0.0636040703304071,0.0223545293463689,0.999999990940423
1.87242325468339e-05,0.0849154878632336,0.852180575466508,0.0629039366702587,0.0629039366702586,0.022011551192975,0.999999990927952
1.933887523634e-05,0.083882497272106,0.853908642482356,0.0622088602455376,0.0622088602455375,0.0216736370265685,0.99999999091563
1.99736942206459e-05,0.0828595718157707,0.855621574225844,0.0615188539583849,0.061518853958385,0.0213407178573858,0.999999990903456
2.06293518079165e-05,0.0818466550871521,0.857319415283636,0.060833929629212,0.060833929629212,0.0210127254579401,0.999999990891427
2.13065320472813e-05,0.0808436903726537,0.859002211615349,0.0601540980119973,0.0601540980119973,0.0206895923606563,0.999999990879542
2.20059414425039e-05,0.0798506206647737,0.860670010525707,0.0594793688095191,0.0594793688095191,0.0203712518552546,0.9999999908678
2.27283096890798e-05,0.0788673886744187,0.862322860637058,0.0588097506885237,0.0588097506885238,0.020057637985895,0.9999999908562
2.34743904355287e-05,0.0778939368429235,0.863960811862249,0.0581452512948277,0.0581452512948277,0.0197486855480958,0.999999990844739
2.42449620696783e-05,0.0769302073537912,0.865583915377854,0.0574858772683547,0.0574858772683547,0.0194443300854365,0.999999990833417
2.50408285307579e-05,0.0759761421441633,0.867192223597731,0.0568316342581057,0.0568316342581058,0.0191445078860575,0.999999990822231
2.58628201481505e-05,0.0750316829160298,0.868785790146908,0.0561825269370625,0.0561825269370625,0.0188491559789672,0.999999990811181
2.67117945076771e-05,0.0740967711471913,0.870364669835784,0.0555385590170245,0.0555385590170245,0.0185582121301667,0.999999990800265
2.75886373463177e-05,0.0731713481019817,0.87192891863464,0.0548997332633788,0.0548997332633788,0.018271614838603,0.999999990789481
2.8494263476304e-05,0.0722553548417615,0.873478593648436,0.0542660515098022,0.0542660515098021,0.0179893033319594,0.999999990778828
2.94296177395436e-05,0.0713487322351914,0.875013753091911,0.0536375146728977,0.0536375146728977,0.0177112175622937,0.999999990768305
3.03956759933773e-05,0.070451420968295,0.876534456264942,0.0530141227667629,0.0530141227667629,0.017437298201532,0.99999999075791
3.13934461286925e-05,0.0695633615543194,0.878040763528189,0.0523958749174914,0.0523958749174913,0.017167486636828,0.999999990747642
3.24239691214583e-05,0.0686844943434026,0.87953273627899,0.0517827693776079,0.0517827693776079,0.0169017249657947,0.9999999907375
3.34883201187784e-05,0.0678147595320549,0.881010436927508,0.0511748035404367,0.0511748035404367,0.0166399559916182,0.999999990727481
3.45876095605948e-05,0.0669540971724635,0.882473928873134,0.050571973954403,0.0505719739544029,0.0163821232180605,0.999999990717586
3.57229843382119e-05,0.0661024471816264,0.883923276481105,0.0499742763372684,0.0499742763372684,0.016128170844358,0.999999990707813
3.68956289908515e-05,0.0652597493503249,0.885358545059375,0.0493817055903003,0.0493817055903003,0.0158780437600246,0.999999990698159
3.8106766941485e-05,0.0644259433519393,0.886779800835686,0.0487942558123749,0.048794255812375,0.0156316875395643,0.999999990688625
3.93576617732339e-05,0.0636009687511168,0.888187110934869,0.0482119203140147,0.0482119203140147,0.0153890484371021,0.999999990679208
4.06496185476687e-05,0.062784765012297,0.889580543356343,0.0476346916313602,0.0476346916313603,0.0151500733809368,0.999999990669908
4.19839851663829e-05,0.061977271508101,0.890960166951823,0.0470625615400764,0.0470625615400764,0.0149147099680247,0.999999990660722
4.33621537772622e-05,0.061178427527591,0.892326051403216,0.0464955210691933,0.0464955210691933,0.0146829064583976,0.999999990651651
4.47855622269155e-05,0.0603881722844048,0.893678267200713,0.0459335605148822,0.0459335605148821,0.0144546117695226,0.999999990642693
4.62556955607834e-05,0.0596064449247726,0.895016885621062,0.0453766694541652,0.0453766694541652,0.0142297754706074,0.999999990633846
4.77740875724904e-05,0.0588331845354187,0.89634197870602,0.0448248367585615,0.0448248367585614,0.0140083477768573,0.999999990625109
4.93423224040549e-05,0.0580683301513555,0.897653619240978,0.0442780506076664,0.0442780506076664,0.0137902795436892,0.999999990616481
5.09620361986283e-05,0.0573118207635729,0.89895188073376,0.043736298502667,0.043736298502667,0.0135755222609058,0.999999990607962
5.26349188074876e-05,0.0565635953266277,0.900236837393581,0.0431995672797913,0.0431995672797913,0.0133640280468364,0.999999990599548
5.43627155530606e-05,0.0558235927661388,0.901508564110169,0.0426678431236922,0.0426678431236922,0.0131557496424465,0.999999990591241
5.61472290498255e-05,0.0550917519861894,0.902767136433045,0.0421411115807661,0.0421411115807661,0.0129506404054232,0.999999990583038
5.79903210849829e-05,0.0543680118766425,0.904012630550952,0.0416193575724053,0.0416193575724054,0.0127486543042372,0.999999990574938
5.98939145608622e-05,0.053652311320372,0.905245123271444,0.0411025654081843,0.0411025654081844,0.0125497459121876,0.999999990566941
6.18599955010908e-05,0.0529445892004123,0.906464692000608,0.0405907187989797,0.0405907187989797,0.0123538704014326,0.999999990559044
6.38906151226174e-05,0.052244784407031,0.907671414722946,0.0400838008700227,0.0400838008700228,0.0121609835370083,0.999999990551248
6.59878919757511e-05,0.0515528358447259,0.908865369981389,0.0395817941738851,0.0395817941738851,0.0119710416708407,0.99999999054355
6.81540141544502e-05,0.0508686824391496,0.910046636857454,0.0390846807033963,0.0390846807033963,0.0117840017357533,0.99999999053595
7.03912415791659e-05,0.0501922631439653,0.911215294951542,0.0385924419044924,0.0385924419044923,0.0115998212394729,0.999999990528446
7.27019083546226e-05,0.0495235169476331,0.912371424363371,0.0381050586889959,0.0381050586889959,0.0114184582586372,0.999999990521039
7.50884252049954e-05,0.048862382880133,0.913515105672541,0.0376225114473262,0.0376225114473262,0.0112398714328068,0.999999990513726
7.75532819890234e-05,0.0482088000196221,0.91464641991924,0.0371447800611381,0.037144780061138,0.011064019958484,0.999999990506506
8.00990502976862e-05,0.0475627074990314,0.915765448585078,0.0366718439158902,0.0366718439158903,0.0108908635831411,0.999999990499379
8.27283861371507e-05,0.046924044512601,0.916872273574059,0.0362036819133405,0.0362036819133405,0.0107203625992605,0.999999990492343
8.54440326997885e-05,0.0462927503223569,0.917966977193675,0.0357402724839681,0.0357402724839681,0.0105524778383888,0.999999990485398
8.82488232261553e-05,0.0456687642645296,0.919049642136148,0.0352815935993221,0.0352815935993221,0.0103871706652075,0.999999990478542
9.11456839609173e-05,0.0450520257559154,0.920120351459791,0.0348276227842936,0.0348276227842936,0.0102244029716218,0.999999990471775
9.41376372058094e-05,0.044442474300182,0.921179188570505,0.0343783371293125,0.0343783371293126,0.0100641371708695,0.999999990465095
9.722780447281e-05,0.0438400494941187,0.922226237203415,0.0339337133024661,0.033933713302466,0.00990633619165267,0.999999990458501
0.000100419409740822,0.0432446910338314,0.92326158140463,0.033493727561539,0.033493727561539,0.0097509634722924,0.999999990451993
0.000103715782819255,0.0426563387208835,0.924285305513143,0.0330583557659737,0.0330583557659737,0.00959798295490981,0.99999999044557
0.00010712036282203,0.0420749324683823,0.925297494142869,0.0326275733887486,0.0326275733887486,0.00944735907963371,0.99999999043923
0.000110636701755609,0.041500412307012,0.926298232164813,0.0322013555281748,0.0322013555281748,0.0092990567788372,0.999999990432972
0.000114268468224812,0.0409327183910118,0.927287604689381,0.0317796769196077,0.0317796769196077,0.00915304147140411,0.999999990426797
0.000118019451260286,0.040371791004101,0.928265697048825,0.031362511947074,0.031362511947074,0.00900927905702698,0.999999990420702
0.000121893564271606,0.0398175705653489,0.92923259477984,0.0309498346548115,0.0309498346548115,0.00886773591053747,0.999999990414687
0.000125894849130144,0.0392699976349909,0.930188383606289,0.0305416187587202,0.0305416187587202,0.00872837887627072,0.999999990408752
0.000130027480385966,0.038729012920189,0.931133149422087,0.0301378376577244,0.0301378376577244,0.00859117526246458,0.999999990402894
0.000134295769623147,0.0381945572807372,0.93206697827422,0.0297384644450425,0.0297384644450424,0.00845609283569475,0.999999990397113
0.000138704169958061,0.037666571734711,0.932989956345925,0.0293434719193641,0.0293434719193641,0.0083230998153469,0.999999990391409
0.000143257280685323,0.0371449974640598,0.933902169940007,0.0289528325959332,0.0289528325959331,0.00819216486812662,0.99999999038578
0.000147959852076248,0.0366297758201418,0.934803705462324,0.0285665187175337,0.0285665187175337,0.00806325710260807,0.999999990380225
0.000152816790334818,0.0361208483292013,0.935694649405419,0.0281845022653792,0.0281845022653792,0.00793634606382215,0.999999990374744
0.000157833162716338,0.0356181566977861,0.936575088332313,0.0278067549699012,0.0278067549699013,0.00781140172788484,0.999999990369337
0.000163014202814114,0.0351216428181049,0.937445108860457,0.0274332483214383,0.0274332483214383,0.00768839449666658,0.999999990364001
0.000168365316019676,0.034631248773324,0.938304797645855,0.0270639535808209,0.0270639535808209,0.00756729519250311,0.999999990358736
0.000173892085162232,0.0341469168428018,0.939154241367345,0.0266988417898533,0.0266988417898533,0.00744807505294852,0.999999990353541
0.000179600276333251,0.0336685895072592,0.939993526711053,0.0263378837816882,0.0263378837816882,0.00733070572557099,0.999999990348416
0.000185495844902237,0.0331962094538872,0.940822740355017,0.0259810501910954,0.0259810501910954,0.00721515926279173,0.99999999034336
0.000191584941729985,0.032729719581387,0.941641968953993,0.0256283114646195,0.0256283114646195,0.00710140811676752,0.999999990338372
0.00019787391958578,0.0322690630049457,0.942451299124426,0.0252796378706283,0.0252796378706283,0.0069894251343174,0.999999990333451
0.000204369339775265,0.0318141830611417,0.94325081742961,0.0249349995092481,0.0249349995092481,0.00687918355189366,0.999999990328596
0.000211077978985864,0.0313650233127827,0.944040610365032,0.024594366322185,0.0245943663221849,0.00677065699059773,0.999999990323806
0.000218006836356915,0.0309215275536722,0.944820764343897,0.0242577081024312,0.0242577081024312,0.00666381945124102,0.999999990319082
0.000225163140781888,0.0304836398133051,0.945591365682841,0.023924994503854,0.0239249945038539,0.00655864530945117,0.999999990314421
0.000232554358450312,0.0300513043614899,0.946352500587844,0.0235961950506661,0.0235961950506662,0.00645510931082378,0.999999990309824
0.000240188200637262,0.0296244657128966,0.947104255140327,0.0232712791467767,0.0232712791467767,0.00635318656611996,0.999999990305289
0.000248072631748554,0.0292030686315297,0.94784671528345,0.02295021608502,0.02295021608502,0.00625285254650973,0.999999990300815
0.00025621587763003,0.0287870581351239,0.948579966808614,0.0226329750562624,0.0226329750562624,0.00615408307886154,0.999999990296403
0.000264626434149599,0.0283763794994624,0.949304095342153,0.0223195251583845,0.0223195251583845,0.00605685434107789,0.999999990292051
0.000273313076060999,0.0279709782626156,0.950019186332246,0.0220098354051383,0.0220098354051383,0.00596114285747724,0.999999990287759
0.000282284866158518,0.0275708002290995,0.950725325036023,0.0217038747348773,0.0217038747348774,0.0058669254942222,0.999999990283525
0.000291551164732229,0.0271757914739533,0.951422596506887,0.0214016120191592,0.0214016120191592,0.00577417945479411,0.999999990279349
0.000301121639333601,0.0267858983467333,0.952111085582047,0.0211030160712194,0.0211030160712194,0.00568288227551387,0.999999990275231
0.000311006274861684,0.0264010674754233,0.952790876870263,0.0208080556543141,0.0208080556543141,0.00559301182110916,0.99999999027117
0.000321215383980369,0.0260212457702608,0.953462054739806,0.0205166994899328,0.0205166994899328,0.00550454628032803,0.999999990267164
0.000331759617877626,0.0256463804274767,0.954124703306645,0.0202289162658781,0.0202289162658781,0.00541746416159858,0.999999990263214
0.000342649977377904,0.0252764189329477,0.95477890642284,0.0199446746442128,0.0199446746442127,0.00533174428873492,0.999999990259319
0.000353897824419325,0.0249113090657618,0.955424747665165,0.0196639432690726,0.0196639432690727,0.00524736579668921,0.999999990255477
0.000365514893907615,0.0245509989016944,0.956062310323961,0.0193866907743447,0.0193866907743447,0.00516430812734966,0.999999990251689
0.000377513305959163,0.0241954368165942,0.956691677392196,0.0191128857912098,0.0191128857912099,0.00508255102538434,0.999999990247954
0.000389905578545969,0.0238445714896799,0.957312931554771,0.0188424969555491,0.0188424969555491,0.00500207453413073,0.99999999024427
0.000402704640555667,0.0234983519067444,0.957926155178042,0.0185754929152135,0.0185754929152135,0.00492285899153086,0.999999990240638
0.000415923845280274,0.0231567273632675,0.958531430299577,0.0183118423371557,0.0183118423371557,0.00484488502611175,0.999999990237057
0.000429576984347703,0.0228196474674359,0.959128838618139,0.0180515139144248,0.0180515139144248,0.00476813355301112,0.999999990233525
0.000443678302110607,0.0224870621430699,0.959718461483908,0.0177944763730218,0.0177944763730218,0.00469258577004809,0.999999990230043
0.000458242510507543,0.0221589216324557,0.960300379888927,0.0175406984786171,0.0175406984786171,0.00461822315383861,0.999999990226611
0.000473284804411975,0.0218351764990845,0.960874674457787,0.0172901490431289,0.0172901490431289,0.00454502745595559,0.999999990223226
0.00048882087748512,0.0215157776302952,0.961441425438543,0.017042796931162,0.017042796931162,0.00447298069913323,0.999999990219889
0.000504866938549183,0.0212006762398237,0.962000712693868,0.0167986110663081,0.0167986110663081,0.00440206517351563,0.999999990216599
0.00052143972849806,0.0208898238702548,0.962552615692439,0.0165575604373057,0.0165575604373058,0.00433226343294906,0.999999990213355
0.000538556537763153,0.02058317239538,0.963097213500558,0.0163196141040619,0.0163196141040619,0.00426355829131801,0.999999990210157
0.000556235224352518,0.0202806740224579,0.963634584774009,0.0160847412035335,0.0160847412035335,0.00419593281892445,0.999999990207005
0.000574494232482167,0.0199822812943799,0.964164807750151,0.0158529109554696,0.0158529109554696,0.00412937033891023,0.999999990203897
0.000593352611818965,0.0196879470917379,0.964687960240246,0.0156240926680157,0.0156240926680157,0.00406385442372217,0.999999990200833
0.000612830037355189,0.0193976246347977,0.965204119622024,0.015398255743178,0.015398255743178,0.00399936889161974,0.999999990197813
0.0006329468299355,0.0191112674853748,0.965713362832475,0.01517536968215,0.01517536968215,0.00393589780322482,0.999999990194836
0.000653723977457721,0.0188288295486147,0.966215766360884,0.0149554040905012,0.0149554040905012,0.00387342545811346,0.999999990191901
0.00067518315676957,0.0185502650746769,0.966711406242095,0.0147383286832278,0.0147383286832278,0.00381193639144914,0.999999990189009
0.000697346756284161,0.0182755286603243,0.967200358050009,0.0145241132896669,0.0145241132896669,0.00375141537065733,0.999999990186157
0.000720237899337892,0.0180045752504152,0.967682696891311,0.0143127278582742,0.0143127278582742,0.00369184739214102,0.999999990183347
0.000743880468315072,0.0177373601393025,0.968158497399432,0.0141041424612657,0.0141041424612657,0.00363321767803682,0.999999990180576
0.00076829912956448,0.0174738389721365,0.968627833728739,0.013898327299125,0.013898327299125,0.00357551167301148,0.999999990177846
0.000793519359133813,0.0172139677460741,0.96909077954895,0.0136952527049759,0.0136952527049759,0.00351871504109825,0.999999990175155
0.00081956746934892,0.0169577028113948,0.969547408039783,0.0134948891488218,0.0134948891488218,0.00346281366257296,0.999999990172502
0.000846470636265502,0.0167050008725225,0.969997791885825,0.013297207241653,0.013297207241653,0.00340779363086945,0.999999990169888
0.000874256928021966,0.0164558189889558,0.970442003271622,0.013102177739422,0.013102177739422,0.00335364124953381,0.999999990167311
0.000902955334122976,0.016210114576106,0.970880113877005,0.0129097715468886,0.0129097715468886,0.00330034302921745,0.999999990164772
0.000932595795684277,0.015967845406044,0.97131219487262,0.0127199597213357,0.0127199597213358,0.00324788568470827,0.999999990162269
0.000963209236670323,0.0157289696081568,0.971738316915686,0.0125327134761569,0.0125327134761569,0.0031962561319999,0.999999990159803
0.000994827596157334,0.0154934456697148,0.972158550145969,0.0123480041843163,0.0123480041843164,0.00314544148539845,0.999999990157373
0.00102748386165541,0.0152612324363502,0.972572964181966,0.0121658033816837,0.0121658033816837,0.0030954290546665,0.999999990154977
0.00106121210352446,0.0150322891124478,0.972981628117308,0.0119860827702438,0.0119860827702438,0.00304620634220406,0.999999990152617
0.00109604751051993,0.0148065752614493,0.973384610517367,0.0118088142211833,0.0118088142211833,0.00299776104026596,0.999999990150291
0.00113202642650527,0.0145840508060709,0.973781979416074,0.0116339697778554,0.0116339697778554,0.00295008102821549,0.999999990147999
0.0011691863883696,0.0143646760284376,0.974173802312939,0.0114615216586237,0.0114615216586237,0.00290315436981388,0.99999999014574
0.00120756616519004,0.0141484115701328,0.97456014617028,0.0112914422595876,0.0112914422595876,0.00285696931054518,0.999999990143514
0.00124720579867956,0.0139352184321657,0.974941077410645,0.0111237041571893,0.0111237041571893,0.00281151427497639,0.999999990141321
0.00128814664496261,0.0137250579748578,0.975316661914437,0.0109582801107056,0.0109582801107055,0.00276677786415225,0.999999990139161
0.00133043141772207,0.0135178919176483,0.975686965017728,0.0107951430646238,0.0107951430646238,0.00272274885302446,0.999999990137031
0.00137410423276252,0.0133136823388216,0.976052051510272,0.0106342661509065,0.0106342661509065,0.00267941618791508,0.999999990134933
0.00141921065403636,0.0131123916751565,0.976411985633701,0.010475622691143,0.010475622691143,0.00263676898401347,0.999999990132866
0.00146579774118084,0.0129139827214991,0.976766831079908,0.0103191861985924,0.0103191861985924,0.0025947965229067,0.999999990130829
0.0015139140986154,0.0127184186302609,0.977116650989621,0.010164930380118,0.010164930380118,0.00255348825014293,0.999999990128823
0.00156360992625089,0.0125256629108428,0.977461507951142,0.0100128291380153,0.0100128291380153,0.00251283377282745,0.999999990126845
0.00161493707186316,0.0123356794289866,0.977801463999278,0.00986285657173557,0.00986285657173557,0.00247282285725104,0.999999990124897
0.00166794908518602,0.0121484324060563,0.978136580614438,0.00971498697950609,0.00971498697950614,0.00243344542655023,0.999999990122978
0.0017227012737798,0.0119638864182487,0.978466918721902,0.00956919485984953,0.00956919485984954,0.00239469155839921,0.999999990121088
0.00177925076073385,0.0117820063957366,0.97879253869126,0.00942545491300364,0.00942545491300366,0.002356551482733,0.999999990119225
0.00183765654426318,0.0116027576217449,0.979113500336012,0.00928374204224333,0.00928374204224329,0.00231901557950152,0.99999999011739
