1e-07,0.378627156504742,0.440396967261247,0.361951752468022,0.197651280270731,0.999999996093397
1.03282605511167e-07,0.376446100992075,0.442988944910025,0.361129908195801,0.195881146894174,0.999999996037106
1.06672966011754e-07,0.374250623140451,0.445605453357763,0.360287847003573,0.194106699638665,0.999999995980839
1.10174618672982e-07,0.372041249584872,0.448246008437282,0.359425483955692,0.192328507607026,0.999999995924613
1.13791216777448e-07,0.369818511263566,0.450910114570255,0.358542748332357,0.190547137097387,0.999999995868444
1.17526533530609e-07,0.367582942704085,0.453597265442093,0.357639583707643,0.188763150850264,0.99999999581235
1.21384465997369e-07,0.365335081320962,0.456306944680734,0.356715947996608,0.186977107322658,0.999999995756346
1.25369039167899e-07,0.363075466726727,0.459038626537269,0.355771813472008,0.185189559990723,0.999999995700447
1.29484410156922e-07,0.360804640057978,0.461791776566387,0.35480716675127,0.183401056682343,0.999999995644669
1.33734872540836e-07,0.358523143318015,0.464565852304737,0.353822008754496,0.181612138940767,0.999999995589027
1.38124860837214e-07,0.35623151873745,0.467360303945374,0.352816354634352,0.179823341420274,0.999999995533535
1.42658955131348e-07,0.35393030815403,0.470174575006566,0.351790233678809,0.178035191314626,0.999999995478206
1.47341885854664e-07,0.351620052412785,0.473008102993336,0.350743689187759,0.176248207818905,0.999999995423056
1.52178538719987e-07,0.349301290787456,0.475860320050227,0.349676778324633,0.174462901625139,0.999999995368096
1.57173959818823e-07,0.346974560424039,0.478730653603877,0.348589571944167,0.172679774451956,0.999999995313339
1.62333360885955e-07,0.344640395807129,0.481618526994093,0.347482154397556,0.170899318608351,0.999999995258798
1.67662124736861e-07,0.342299328249619,0.484523360092253,0.346354623316256,0.169122016591491,0.999999995204485
1.73165810883613e-07,0.339951885406199,0.487444569905943,0.345207089375717,0.167348340718341,0.999999995150411
1.78850161335136e-07,0.337598590810946,0.490381571168859,0.34403967604039,0.165578752790751,0.999999995096586
1.84721106587855e-07,0.335239963439223,0.493333776915113,0.342852519291326,0.16381370379356,0.999999995043022
1.90784771812997e-07,0.332876517293956,0.496300599037183,0.341645767337722,0.162053633625095,0.999999994989728
1.97047483246998e-07,0.330508761016278,0.499281448826848,0.340419580313747,0.160298970859405,0.999999994936715
2.03515774791681e-07,0.328137197520439,0.502275737498562,0.339174129961998,0.15855013253944,0.999999994883991
2.10196394831087e-07,0.325762323652765,0.505282876694782,0.337909599304905,0.156807524000313,0.999999994831565
2.17096313272088e-07,0.323384629874403,0.508302278972909,0.336626182305375,0.155071538721716,0.999999994779445
2.24222728816098e-07,0.321004599967483,0.511333358273527,0.33532408351798,0.153342558208494,0.99999999472764
2.31583076469505e-07,0.318622710764281,0.514375530369765,0.334003517731908,0.151620951898327,0.999999994676157
2.39185035300624e-07,0.316239431898902,0.517428213297639,0.332664709606919,0.149907077095443,0.999999994625002
2.47036536451289e-07,0.313855225580939,0.520490827767332,0.331307893303457,0.148201278929211,0.999999994574184
2.55145771411436e-07,0.311470546390537,0.523562797555426,0.329933312108075,0.146503890336499,0.999999994523707
2.63521200565298e-07,0.309085841094218,0.526643549878162,0.32854121805524,0.144815232066598,0.999999994473578
2.72171562018149e-07,0.306701548480835,0.52973251574587,0.327131871546589,0.143135612707541,0.999999994423802
2.81105880712787e-07,0.30431809921694,0.532829130298757,0.325705540968606,0.141465328732637,0.999999994374386
2.9033347784528e-07,0.301935915720873,0.535932833124285,0.324262502309684,0.139804664566031,0.999999994325332
2.99863980589793e-07,0.299555412054833,0.539043068556438,0.322803038777457,0.138153892666105,0.999999994276647
3.09707332142639e-07,0.297176993834199,0.542159285957175,0.321327440417254,0.136513273625572,0.999999994228333
3.19873802096042e-07,0.294801058153326,0.545280939980446,0.319836003732456,0.134883056287098,0.999999994180396
3.30373997152427e-07,0.292427993527091,0.548407490819151,0.318329031307516,0.133263477873333,0.999999994132837
3.41218872190416e-07,0.290058179847402,0.551538404435444,0.316806831434309,0.131654764130247,0.999999994085661
3.52419741694082e-07,0.287691988353928,0.554673152774835,0.315269717742475,0.13005712948269,0.999999994038871
3.63988291557374e-07,0.285329781618301,0.557811213964538,0.313718008834322,0.12847077720114,0.999999993992468
3.7593659127604e-07,0.282971913541042,0.560952072496532,0.312152027924852,0.126895899578616,0.999999993946455
3.88277106539761e-07,0.280618729360481,0.564095219395825,0.310572102487388,0.125332678116787,0.999999993900834
4.01022712237636e-07,0.27827056567296,0.56724015237441,0.308978563905261,0.123781283720329,0.999999993855608
4.14186705890581e-07,0.275927750463602,0.570386375971422,0.307371747129952,0.122241876898626,0.999999993810776
4.27782821524667e-07,0.273590603146978,0.573533401679994,0.305751990346057,0.120714607973949,0.999999993766342
4.41825243999864e-07,0.271259434616989,0.576680748061313,0.304119634643396,0.119199617295291,0.999999993722305
4.56328623809131e-07,0.268934547305325,0.579827940846409,0.302475023696531,0.117697035457059,0.999999993678666
4.71308092363324e-07,0.266616235247864,0.582974513026153,0.300818503451965,0.116206983521882,0.999999993635426
4.86779277777819e-07,0.264304784158417,0.586120004929986,0.299150421823196,0.114729573246819,0.999999993592585
5.02758321177375e-07,0.262000471509216,0.589263964293872,0.297471128393824,0.113264907312304,0.999999993550144
5.19261893536195e-07,0.259703566617613,0.592405946317963,0.295780974128848,0.111813079553189,0.999999993508102
5.36307213070806e-07,0.25741433073841,0.595545513714465,0.29408031109425,0.110374175191285,0.99999999346646
5.53912063203856e-07,0.255133017161343,0.598682236746171,0.292369492184971,0.108948271068858,0.999999993425216
5.72094811117606e-07,0.252859871313201,0.601815693256141,0.290648870861317,0.107535435882542,0.99999999338437
5.90874426916454e-07,0.250595130864117,0.604945468688963,0.28891880089384,0.106135730417197,0.999999993343922
6.10270503418493e-07,0.248339025837591,0.60807115610406,0.287179636116698,0.104749207779242,0.99999999330387
6.30303276596736e-07,0.246091778723802,0.611192356181459,0.285431730189479,0.103375913629062,0.999999993264214
6.50993646691368e-07,0.24385360459582,0.614308677220447,0.283675436367466,0.102015886412087,0.999999993224952
6.72363200015008e-07,0.241624711228333,0.617419735131524,0.281911107280285,0.100669157588191,0.999999993186083
6.94434231473761e-07,0.239405299218524,0.620525153422039,0.280139094718872,0.0993357518590884,0.999999993147607
7.17229767827552e-07,0.237195562108758,0.623624563175899,0.278359749430687,0.0980156873934143,0.99999999310952
7.40773591713991e-07,0.234995686510762,0.626717603027707,0.276573420923061,0.0967089760492317,0.999999993071822
7.65090266460866e-07,0.232805852231002,0.629803919131701,0.274780457274593,0.0954156235937061,0.99999999303451
7.90205161713115e-07,0.230626232396958,0.632883165125815,0.272981204954453,0.0941356299197318,0.999999992997584
8.16144479901037e-07,0.228456993584052,0.635955002091203,0.271176008649491,0.0928689892593059,0.99999999296104
8.42935283577358e-07,0.22629829594297,0.639019098507536,0.269365211098989,0.0916156903934751,0.999999992924878
8.70605523651641e-07,0.22415029332716,0.642075130204376,0.267549152936929,0.0903757168586953,0.999999992889094
8.99184068551557e-07,0.222013133420277,0.645122780308914,0.265728172541619,0.0891490471494676,0.999999992853687
9.28700734341368e-07,0.219886957863392,0.648161739190347,0.263902605892522,0.087935654917131,0.999999992818655
9.59186315829108e-07,0.217771902381774,0.651191704401162,0.262072786434128,0.0867355091647094,0.999999992783995
9.90672618694879e-07,0.215668096911074,0.654212380615577,0.260239044946697,0.0855485744377255,0.999999992749704
1.02319249267378e-06,0.21357566572277,0.657223479565374,0.258401709423712,0.0843748110109134,0.999999992715781
1.05677986582814e-06,0.211494727548702,0.660224719973364,0.256561104955868,0.0832141750707685,0.999999992682223
1.09146977994472e-06,0.209425395704604,0.663215827484687,0.254717553621418,0.0820666188938948,0.999999992649028
1.12729842709391e-06,0.207367778212473,0.66619653459617,0.252871374382715,0.0809320910211154,0.999999992616192
1.164303187389e-06,0.205321977921704,0.669166580583918,0.251022882988756,0.0798105364273256,0.999999992583713
1.20252266798493e-06,0.203288092628866,0.672125711429347,0.249172391883573,0.0787018966870798,0.999999992551588
1.24199674335724e-06,0.20126621519605,0.675073679743812,0.247320210120277,0.0776061101359109,0.999999992519816
1.2827665969032e-06,0.199256433667686,0.678010244692017,0.245466643280594,0.0765231120273887,0.999999992488392
1.32487476390855e-06,0.197258831385794,0.68093517191435,0.243611993399712,0.075452834685938,0.999999992457315
1.36836517592468e-06,0.195273487103573,0.683848233448289,0.241756558896275,0.0743952076554355,0.999999992426582
1.41328320660248e-06,0.193300475097289,0.68674920764904,0.239900634507341,0.0733501578436184,0.999999992396189
1.45967571903081e-06,0.191339865276417,0.689637879109508,0.23804451122815,0.0723176096623423,0.999999992366134
1.50759111462889e-06,0.189391723291989,0.692514038579749,0.236188476256523,0.0712974851637273,0.999999992336415
1.55707938364357e-06,0.187456110643117,0.695377482886009,0.234332812941747,0.0702897041722435,0.999999992307028
1.6081921573043e-06,0.185533084781664,0.698228014849455,0.23247780073776,0.0692941844127843,0.999999992277969
1.66098276169013e-06,0.183622699215036,0.701065443204713,0.230623715160501,0.0683108416347857,0.999999992249238
1.71550627336491e-06,0.181725003607078,0.703889582518293,0.228770827749259,0.0673395897324485,0.99999999222083
1.77181957683881e-06,0.179840043877065,0.706700253106997,0.226919406031874,0.0663803408611282,0.999999992192743
1.82998142391606e-06,0.177967862296775,0.709497280956405,0.22506971349364,0.0654330055499552,0.999999992164974
1.89005249499087e-06,0.176108497585635,0.712280497639485,0.22322200954976,0.0644974928107552,0.99999999213752
1.95209546235539e-06,0.174261985003952,0.715049740235434,0.221376549521228,0.0635737102433378,0.999999992110379
2.01617505558591e-06,0.172428356444213,0.717804851248798,0.219533584613979,0.0626615641372234,0.999999992083546
2.08235812907536e-06,0.17060764052048,0.720545678528925,0.217693361901191,0.061760959569884,0.99999999205702
2.15071373178262e-06,0.168799862655868,0.723272075189833,0.215856124308598,0.0608718005015686,0.999999992030797
2.22131317927155e-06,0.167005045168134,0.725983899530522,0.214022110602689,0.0599939898667893,0.999999992004874
2.2942301281146e-06,0.165223207353379,0.728681014955784,0.212191555381673,0.0591274296625427,0.99999999197925
2.36954065273895e-06,0.163454365567887,0.731363289897569,0.210364689069089,0.0582720210333424,0.99999999195392
2.44732332479511e-06,0.161698533308107,0.734030597736923,0.208541737909939,0.0574276643531379,0.999999991928883
2.52765929513092e-06,0.159955721288818,0.736682816726561,0.206722923969243,0.0565942593041966,0.999999991904134
2.61063237845642e-06,0.158225937519472,0.739319829914079,0.204908465132897,0.0557717049530235,0.999999991879672
2.69632914078795e-06,0.156509187378763,0.74194152506587,0.203098575110735,0.0549598998233956,0.999999991855494
2.78483898976267e-06,0.154805473687425,0.744547794591733,0.201293463441684,0.0541587419665834,0.999999991831596
2.87625426791775e-06,0.153114796779303,0.747138535470232,0.19949333550093,0.0533681290288376,0.999999991807976
2.9706703490316e-06,0.151437154570702,0.749713649174807,0.197698392508982,0.0525879583162111,0.999999991784631
3.06818573762752e-06,0.149772542628069,0.752273041600655,0.195908831542553,0.0518181268567923,0.999999991761558
3.16890217174373e-06,0.148120954234004,0.754816622992412,0.194124845547168,0.0510585314604198,0.999999991738756
3.27292472907689e-06,0.146482380451657,0.757344307872638,0.19234662335141,0.0503090687759524,0.99999999171622
3.38036193660993e-06,0.144856810187524,0.759856014971114,0.190574349682725,0.049569635346161,0.999999991693948
3.49132588383849e-06,0.143244230252671,0.762351667154974,0.18880820518471,0.048840127660316,0.999999991671938
3.60593233971418e-06,0.141644625422433,0.764831191359669,0.187048366435797,0.0481204422045347,0.999999991650186
3.7243008734266e-06,0.140057978494595,0.767294518520767,0.185295005969275,0.0474104755099581,0.999999991628691
3.84655497915016e-06,0.138484270346106,0.769741583506611,0.183548292294567,0.046710124198822,0.999999991607449
3.97282220488582e-06,0.13692347998834,0.772172325051808,0.181808389919705,0.0460192850284875,0.999999991586458
4.10323428553227e-06,0.135375584620954,0.774586685691585,0.180075459374922,0.0453378549334928,0.999999991565715
4.23792728032526e-06,0.133840559684355,0.776984611696982,0.178349657237327,0.0446657310656912,0.999999991545218
4.37704171478848e-06,0.132318378910818,0.779366053010897,0.17663113615657,0.0440028108325334,0.999999991524964
4.52072272734421e-06,0.130809014374287,0.78173096318498,0.174920044881465,0.0433489919335547,0.999999991504951
4.66912022073661e-06,0.129312436538881,0.784079299317365,0.17321652828751,0.0427041723951258,0.999999991485176
4.82238901842554e-06,0.127828614306144,0.786411021991235,0.171520727405242,0.042068250603523,0.999999991465636
4.9806890261143e-06,0.12635751506107,0.788726095214233,0.169832779449394,0.0414411253363731,0.99999999144633
5.14418539857963e-06,0.124899104716924,0.791024486358683,0.168152817848787,0.04082269579253,0.999999991427254
5.31304871197807e-06,0.123453347758899,0.793306166102634,0.166480972276935,0.0402128616204312,0.999999991408406
5.48745514180847e-06,0.122020207286635,0.79557110837172,0.16481736868329,0.03961152294499,0.999999991389784
5.6675866467163e-06,0.12059964505563,0.797819290281811,0.163162129325118,0.039018580393071,0.999999991371385
5.85363115833159e-06,0.119191621517567,0.800050692082465,0.161515372799936,0.0384339351175996,0.999999991353207
6.04578277733839e-06,0.117796095859599,0.802265297101153,0.159877214078496,0.037857488820351,0.999999991335248
6.2442419759805e-06,0.116413026042602,0.804463091688264,0.158247764538268,0.0372891437734681,0.999999991317505
6.44921580721465e-06,0.115042368838442,0.806644065162867,0.156627131997383,0.0367288028397501,0.999999991299976
6.66091812072936e-06,0.11368407986627,0.808808209759219,0.155015420749022,0.0361763694917584,0.999999991282658
6.87956978605476e-06,0.112338113627881,0.810955520574018,0.153412731596201,0.0356317478297809,0.999999991265551
7.10539892299639e-06,0.111004423542161,0.813085995514374,0.15181916188693,0.0350948425986961,0.99999999124865
7.33864113963309e-06,0.109682961978639,0.815199635246501,0.15023480554972,0.034565559203779,0.999999991231954
7.57953977812749e-06,0.10837368029019,0.817296443145106,0.148659753129408,0.0340438037254857,0.999999991215461
7.82834616860541e-06,0.107076528844896,0.819376425243464,0.147094091823281,0.0335294829332556,0.999999991199168
8.0853198913693e-06,0.105791457057096,0.821439590184176,0.145537905517455,0.0330225042983688,0.999999991183074
8.35072904771889e-06,0.104518413417654,0.823485949170584,0.143991274823523,0.032522776005893,0.999999991167175
8.62485053966196e-06,0.10325734552346,0.825515515918837,0.142454277115407,0.0320302069657562,0.999999991151471
8.90797035880684e-06,0.102008200106191,0.827528306610593,0.14092698656643,0.0315447068229763,0.999999991135959
9.20038388473819e-06,0.100770923060367,0.829524339846349,0.139409474186567,0.0310661859670837,0.999999991120637
9.50239619318715e-06,0.0995454594706952,0.831503636599375,0.13790180785986,0.0305945555407651,0.999999991105502
9.81432237431766e-06,0.0983317536387577,0.833466220170246,0.136404052381992,0.0301297274477616,0.999999991090553
1.01364878614607e-05,0.0971297491090404,0.835412116141968,0.134916269497983,0.0296716143600489,0.999999991075788
1.04692287706399e-05,0.0959393886943351,0.837341352335659,0.133438517940012,0.0292201297243293,0.999999991061205
1.08128922512416e-05,0.0947606145005303,0.839253958766803,0.131970853465334,0.0287751877678635,0.999999991046801
1.11678368481974e-05,0.093593367950814,0.84114996760204,0.130513328894292,0.0283367035036682,0.999999991032576
1.15344328760545e-05,0.092437589809305,0.843029413116496,0.129065994148398,0.027904592735106,0.999999991018526
1.19130628053258e-05,0.0912932202041331,0.844892331651626,0.127628896288481,0.0274787720598925,0.99999999100465
1.23041216615222e-05,0.0901601986499861,0.846738761573574,0.12620207955288,0.0270591588735462,0.999999990990946
1.27080174372841e-05,0.0890384640701416,0.848568743232019,0.124785585395678,0.0266456713723024,0.999999990977412
1.31251715180404e-05,0.0879279548180001,0.850382318919516,0.123379452524969,0.0262382285555157,0.999999990964046
1.35560191216418e-05,0.0868286086981372,0.852179532831298,0.121983716941129,0.0258367502275727,0.999999990950847
1.40010097524237e-05,0.0857403629868914,0.853960431025553,0.120598411975111,0.0254411569993361,0.999999990937812
1.44606076701759e-05,0.0846631544525028,0.855725061384135,0.119223568326725,0.0250513702891403,0.99999999092494
1.49352923745053e-05,0.0835969193748167,0.857473473573725,0.117859214102916,0.0246673123233586,0.999999990912229
1.54255591050998e-05,0.0825415935645706,0.859205719007421,0.116505374856018,0.0242889061365617,0.999999990899677
1.59319193584122e-05,0.0814971123822755,0.860921850806734,0.115162073621981,0.0239160755712852,0.999999990887282
1.64549014213061e-05,0.0804634107567078,0.862621923764009,0.113829330958567,0.0235487452774244,0.999999990875043
1.6995050922219e-05,0.0794404232030234,0.864305994305227,0.112507164983499,0.0231868407112736,0.999999990862958
1.75529314004175e-05,0.0784280838405084,0.86597412045321,0.111195591412564,0.0228302881342263,0.999999990851025
1.8129124893939e-05,0.0774263264099797,0.867626361791193,0.109894623597654,0.0224790146111528,0.999999990839243
1.87242325468339e-05,0.0764350842908449,0.86926277942678,0.10860427256475,0.0221329480084698,0.999999990827609
1.933887523634e-05,0.0754542905178357,0.870883435956247,0.107324547051834,0.0217920169919186,0.999999990816123
1.99736942206459e-05,0.0744838777974256,0.872488395429213,0.106055453546724,0.0214561510240638,0.999999990804782
2.06293518079165e-05,0.0735237785239417,0.874077723313645,0.104796996324826,0.0211252803615289,0.999999990793585
2.13065320472813e-05,0.0725739247953829,0.875651486461215,0.103549177486803,0.0207993360519812,0.999999990782531
2.20059414425039e-05,0.0716342484289515,0.877209753072975,0.102311996996148,0.0204782499308776,0.999999990771617
2.27283096890798e-05,0.0707046809763119,0.878752592665362,0.101085452716652,0.0201619546179858,0.999999990760842
2.34743904355287e-05,0.0697851537385817,0.880280076036529,0.0998695404497794,0.019850383513692,0.999999990750205
2.42449620696783e-05,0.0688755977810666,0.881792275232973,0.0986642539719211,0.019543470795106,0.999999990739703
2.50408285307579e-05,0.0679759439477463,0.883289263516483,0.0974695850715405,0.0192411514119761,0.999999990729337
2.58628201481505e-05,0.0670861228755201,0.884771115331383,0.0962855235861947,0.0189433610824227,0.999999990719103
2.67117945076771e-05,0.0662060650082189,0.886237906272066,0.0951120574394309,0.0186500362885035,0.999999990709001
2.75886373463177e-05,0.0653357006103927,0.887689713050831,0.0939491726775517,0.0183611142716168,0.999999990699028
2.8494263476304e-05,0.064474959780878,0.889126613466,0.0927968535062441,0.018076533027756,0.999999990689185
2.94296177395436e-05,0.0636237724661545,0.890548686370312,0.0916550823270671,0.017796231302621,0.999999990679468
3.03956759933773e-05,0.0627820684734953,0.891956011639608,0.0905238397737929,0.0175201485865988,0.999999990669877
3.13934461286925e-05,0.0619497774839167,0.893348670141785,0.0894031047485969,0.0172482251096182,0.99999999066041
3.24239691214583e-05,0.0611268290649354,0.894726743706019,0.0882928544580903,0.0169804018358902,0.999999990651066
3.34883201187784e-05,0.0603131526831345,0.896090315092269,0.0871930644491925,0.0167166204585383,0.999999990641843
3.45876095605948e-05,0.0595086777165477,0.897439467961035,0.0861037086448351,0.0164568233941302,0.99999999063274
3.57229843382119e-05,0.0587133334668627,0.898774286843389,0.0850247593794958,0.0162009537771148,0.999999990623756
3.68956289908515e-05,0.0579270491714498,0.900094857111273,0.083956187434554,0.0159489554541728,0.999999990614889
3.8106766941485e-05,0.0571497540152204,0.901401264948047,0.0828979620734656,0.0157007729784876,0.999999990606138
3.93576617732339e-05,0.0563813771423176,0.902693597319308,0.0818500510767497,0.0154563516039428,0.999999990597502
4.06496185476687e-05,0.0556218476676445,0.903971941943963,0.0808124207767842,0.0152156372792524,0.999999990588978
4.19839851663829e-05,0.0548710946882309,0.905236387265568,0.0797850360924029,0.0149785766420295,0.999999990580567
4.33621537772622e-05,0.0541290472944436,0.906487022423911,0.0787678605632908,0.0147451170127982,0.999999990572267
4.47855622269155e-05,0.0533956345810432,0.907723937226871,0.0777608563841714,0.0145152063889575,0.999999990564075
4.62556955607834e-05,0.0526707856580875,0.908947222122522,0.0767639844387814,0.0142887934386968,0.999999990555992
4.77740875724904e-05,0.0519544296616872,0.910156968171499,0.0757772043336268,0.0140658274948739,0.999999990548016
4.93423224040549e-05,0.0512464957646131,0.911353267019629,0.0748004744315158,0.0138462585488552,0.999999990540145
5.09620361986283e-05,0.050546913186759,0.912536210870809,0.0738337518848638,0.0136300372443271,0.999999990532379
5.26349188074876e-05,0.0498556112054605,0.913705892460158,0.0728769926687633,0.0134171148710788,0.999999990524716
5.43627155530606e-05,0.0491725191656718,0.91486240502742,0.0719301516138162,0.0132074433587637,0.999999990517155
5.61472290498255e-05,0.0484975664900027,0.916005842290637,0.0709931824387208,0.0130009752706423,0.999999990509694
5.79903210849829e-05,0.0478306826886149,0.91713629842008,0.0700660377826097,0.01279766379731,0.999999990502334
5.98939145608622e-05,0.0471717973689811,0.918253868012452,0.0691486692371337,0.0125974627504142,0.999999990495071
6.18599955010908e-05,0.046520840245506,0.919358646065352,0.0682410273782846,0.0124003265563637,0.999999990487906
6.38906151226174e-05,0.045877741149011,0.920450727952012,0.067343061797954,0.012206210250034,0.999999990480837
6.59878919757511e-05,0.0452424300360824,0.921530209396307,0.0664547211352217,0.0120150694684716,0.999999990473863
6.81540141544502e-05,0.0446148369982844,0.922597186448031,0.0655759531073691,0.0118268604445998,0.999999990466983
7.03912415791659e-05,0.0439948922712362,0.923651755458458,0.0647067045406121,0.0116415400009301,0.999999990460195
7.27019083546226e-05,0.043382526243555,0.924694013056171,0.0638469214005486,0.0114590655432807,0.999999990453499
7.50884252049954e-05,0.0427776694656634,0.925724056123178,0.0629965488223166,0.011279395054505,0.999999990446894
7.75532819890234e-05,0.0421802526584624,0.926741981771309,0.0621555311404569,0.011102487088234,0.999999990440378
8.00990502976862e-05,0.0415902067218696,0.927747887318893,0.0613238119184751,0.0109283007626321,0.99999999043395
8.27283861371507e-05,0.0410074627432217,0.928741870267728,0.0605013339781007,0.0107567957541713,0.99999999042761
8.54440326997885e-05,0.0404319520055433,0.929724028280339,0.0596880394282355,0.0105879322914256,0.999999990421356
8.82488232261553e-05,0.0398636059956786,0.930694459157527,0.0588838696935888,0.0104216711488842,0.999999990415187
9.11456839609173e-05,0.0393023564122891,0.931653260816214,0.0580887655429944,0.010257973640792,0.999999990409102
9.41376372058094e-05,0.0387481351737141,0.932600531267584,0.0573026671174047,0.0100968016150117,0.999999990403101
9.722780447281e-05,0.038200874425695,0.933536368595526,0.0565255139575583,0.00993811744691582,0.999999990397181
0.000100419409740822,0.037660506548963,0.934460870935379,0.0557572450313154,0.00978188403330531,0.999999990391343
0.000103715782819255,0.0371269641666894,0.935374136452981,0.0549977987606597,0.00962806478635957,0.999999990385585
0.00010712036282203,0.0366001801517977,0.936276263324022,0.0542471130483599,0.0094766236276177,0.999999990379906
0.000110636701755609,0.0360800876341375,0.937167349713718,0.053505125304289,0.009327524981993,0.999999990374306
0.000114268468224812,0.03556662000752,0.938047493756782,0.0527717724713969,0.00918073377182158,0.999999990368783
0.000118019451260286,0.0350597109366132,0.93891679353772,0.052046991051333,0.00903621541094674,0.999999990363336
0.000121893564271606,0.034559294363698,0.939775347071444,0.0513307171297155,0.00889393579884018,0.999999990357964
0.000125894849130144,0.0340653045152831,0.940623252284195,0.0506228864010444,0.00875386131476089,0.999999990352667
0.000130027480385966,0.0335776759085798,0.941460606994793,0.0499234341932536,0.00861595881195302,0.999999990347443
0.000134295769623147,0.0330963433578345,0.942287508896214,0.0492322954919023,0.00848019561188335,0.999999990342292
0.000138704169958061,0.0326212419805191,0.943104055537481,0.0485494049639994,0.00834653949851942,0.999999990337213
0.000143257280685323,0.0321523072033803,0.943910344305889,0.0478746969814609,0.00821495871264988,0.999999990332204
0.000147959852076248,0.0316894747683446,0.944706472409557,0.0472081056441967,0.00808542194624624,0.999999990327265
0.000152816790334818,0.0312326807382802,0.945492536860307,0.046549564802825,0.00795789833686764,0.999999990322396
0.000157833162716338,0.0307818615026165,0.946268634456877,0.045899008081012,0.00783235746211054,0.999999990317595
0.000163014202814114,0.0303369537828181,0.947034861768465,0.0452563688974346,0.00770876933410074,0.999999990312861
0.000168365316019676,0.029897894637715,0.947791315118602,0.0446215804873661,0.00758710439403198,0.999999990308193
0.000173892085162232,0.0294646214686897,0.94853809056937,0.0439945759238808,0.00746733350674927,0.999999990303591
0.000179600276333251,0.0290370720247166,0.949275283905944,0.0433752881386788,0.00734942795537723,0.999999990299054
0.000185495844902237,0.0286151844072601,0.950002990621476,0.0427636499425274,0.00723335943599643,0.999999990294581
0.000191584941729985,0.0281988970750247,0.950721305902315,0.0421595940453201,0.00711910005236467,0.999999990290171
0.00019787391958578,0.0277881488485625,0.951430324613561,0.041563053075752,0.00700662231068652,0.999999990285824
0.000204369339775265,0.0273828789147337,0.952130141284962,0.0409739596006092,0.00689589911442912,0.999999990281538
0.000211077978985864,0.0269830268310239,0.952820850097139,0.040392246143675,0.00678690375918645,0.999999990277313
0.000218006836356915,0.026588532529716,0.953502544868159,0.0398178452042496,0.00667960992759122,0.999999990273148
0.000225163140781888,0.0261993363219169,0.95417531904044,0.0392506892752856,0.00657399168427409,0.999999990269042
0.000232554358450312,0.0258153789014412,0.95483926566799,0.038690710861138,0.00647002347087214,0.999999990264995
0.000240188200637262,0.0254366013485494,0.955494477403986,0.0381378424949295,0.00636768010108461,0.999999990261005
0.000248072631748554,0.0250629451335444,0.95614104648869,0.0375920167555319,0.0062669367557784,0.999999990257072
0.00025621587763003,0.0246943521202229,0.956779064737695,0.0370531662841641,0.0061677689781409,0.999999990253196
0.000264626434149599,0.0243307645691853,0.957408623530511,0.0365212238006073,0.00607015266888163,0.999999990249375
0.000273313076060999,0.0239721251410034,0.958029813799477,0.0359961221190395,0.00597406408148367,0.999999990245609
0.000282284866158518,0.0236183768992464,0.958642726019009,0.0354777941634887,0.00587947981750208,0.999999990241897
0.000291551164732229,0.0232694633133661,0.95924745019518,0.0349661729829084,0.00578637682191195,0.999999990238238
0.000301121639333601,0.022925328261443,0.959844075855619,0.0344611917658755,0.00569473237850522,0.999999990234632
0.000311006274861684,0.0225859160327918,0.960432692039752,0.0339627838549129,0.00560452410533533,0.999999990231078
0.000321215383980369,0.0222511713304301,0.961013387289351,0.0334708827604385,0.00551572995021084,0.999999990227575
0.000331759617877626,0.021921039273409,0.961586249639419,0.0329854221743432,0.00542832818623741,0.999999990224123
0.000342649977377904,0.0215954653990076,0.962151366609393,0.0325063359831997,0.00534229740740773,0.999999990220721
0.000353897824419325,0.0212743956647924,0.962708825194655,0.0320335582811043,0.00525761652424028,0.999999990217368
0.000365514893907615,0.0209577764505428,0.96325871185838,0.0315670233821554,0.00517426475946512,0.999999990214064
0.000377513305959163,0.0206455545600432,0.963801112523672,0.0311066658325693,0.00509222164375852,0.999999990210808
0.000389905578545969,0.020337677222744,0.964336112566036,0.0306524204224391,0.00501146701152442,0.999999990207599
0.000402704640555667,0.0200340920952925,0.964863796806139,0.0302042221971366,0.00493198099672418,0.999999990204437
0.000415923845280274,0.019734747262934,0.965384249502885,0.0297620064683626,0.00485374402875269,0.99999999020132
0.000429576984347703,0.019439591240786,0.96589755434679,0.0293257088248477,0.00477673682836218,0.99999999019825
0.000443678302110607,0.019148572974987,0.966403794453659,0.0288952651427074,0.0047009404036333,0.999999990195224
0.000458242510507543,0.0188616418437185,0.966903052358554,0.0284706115954549,0.00462633604599108,0.999999990192242
0.000473284804411975,0.018578747658107,0.967395410010055,0.0280516846636753,0.00455290532626934,0.999999990189305
0.00048882087748512,0.0182998406630021,0.967880948764816,0.0276384211443645,0.00448063009081986,0.99999999018641
0.000504866938549183,0.0180248715376362,0.968359749382395,0.0272307581599373,0.00440949245766758,0.999999990183557
0.00052143972849806,0.0177537913961662,0.96883189202038,0.0268286331669085,0.00433947481271194,0.999999990180747
0.000538556537763153,0.0174865517880974,0.969297456229778,0.02643198396425,0.00427055980597237,0.999999990177978
0.000556235224352518,0.0172231046985954,0.96975652095069,0.0260407487014299,0.00420273034788045,0.999999990175249
0.000574494232482167,0.0169634025486822,0.97020916450825,0.0256548658861358,0.00413596960561432,0.999999990172561
0.000593352611818965,0.0167073981953245,0.970655464608831,0.0252742743916882,0.00407026099948038,0.999999990169913
0.000612830037355189,0.0164550449314099,0.971095498336516,0.0248989134641474,0.00400558819933621,0.999999990167303
0.0006329468299355,0.0162062964856186,0.971529342149822,0.0245287227291186,0.0039419351210593,0.999999990164733
0.000653723977457721,0.0159611070221881,0.971957071878682,0.0241636421982599,0.00387928592305811,0.9999999901622
0.00067518315676957,0.0157194311405752,0.972378762721676,0.0238036122754974,0.00381762500282647,0.999999990159705
0.000697346756284161,0.0154812238750169,0.972794489243507,0.0234485737629521,0.00375693699354079,0.999999990157246
0.000720237899337892,0.0152464406939917,0.973204325372717,0.0230984678665837,0.00369720676069983,0.999999990154825
0.000743880468315072,0.0150150374995835,0.973608344399639,0.0227532362015552,0.00363841939880586,0.999999990152439
0.00076829912956448,0.0147869706267503,0.974006618974588,0.0224128207973241,0.00358056022808829,0.999999990150089
0.000793519359133813,0.0145621968425004,0.974399221106268,0.0220771641024637,0.00352361479126854,0.999999990147774
0.00081956746934892,0.0143406733449756,0.974786222160414,0.0217462089892206,0.00346756885036524,0.999999990145493
0.000846470636265502,0.0141223577624472,0.975167692858647,0.0214198987578125,0.00341240838354088,0.999999990143246
0.000874256928021966,0.0139072081522239,0.975543703277541,0.021098177140471,0.00335811958198837,0.999999990141033
0.000902955334122976,0.0136951829994754,0.975914322847907,0.0207809883052352,0.00330468884685775,0.999999990138853
0.000932595795684277,0.0134862412159718,0.976279620354278,0.0204682768595,0.00325210278622179,0.999999990136706
0.000963209236670323,0.0132803421387446,0.976639663934593,0.0201599878533248,0.00320034821208215,0.999999990134591
0.000994827596157334,0.0130774455286661,0.97699452108008,0.0198560667825069,0.00314941213741264,0.999999990132507
0.00102748386165541,0.0128775115689549,0.977344258635333,0.0195564595914248,0.00309928177324249,0.999999990130455
0.00106121210352446,0.0126805008636049,0.977688942798567,0.0192611126756567,0.00304994452577653,0.999999990128434
0.00109604751051993,0.0124863744357431,0.978028639122068,0.0189699728843783,0.00300138799355395,0.999999990126442
0.00113202642650527,0.0122950937259172,0.97836341251281,0.0186829875225457,0.00295359996464433,0.999999990124481
0.0011691863883696,0.0121066205903133,0.978693327233253,0.0184001043528671,0.00290656841387978,0.99999999012255
0.00120756616519004,0.0119209172989098,0.979018446902305,0.0181212715975703,0.00286028150012469,0.999999990120647
0.00124720579867956,0.0117379465335653,0.979338834496451,0.017846437939968,0.00281472756358127,0.999999990118773
0.00128814664496261,0.0115576713860452,0.979654552351041,0.0175755525258281,0.0027698951231312,0.999999990116928
0.00133043141772207,0.0113800553559889,0.979965662161735,0.0173085649645531,0.00272577287371237,0.99999999011511
0.00137410423276252,0.0112050623488177,0.980272224986096,0.0170454253301727,0.00268234968373138,0.99999999011332
0.00141921065403636,0.0110326566735875,0.980574301245335,0.0167860841621554,0.0026396145925098,0.999999990111557
0.00146579774118084,0.0108628030407876,0.980871950726191,0.0165304924660428,0.00259755680776616,0.999999990109821
0.0015139140986154,0.0106954665600871,0.981165232582957,0.0162786017139128,0.00255616570313069,0.999999990108111
0.00156360992625089,0.0105306127380315,0.981454205339631,0.0160303638446742,0.0025154308156944,0.999999990106427
0.00161493707186316,0.0103682074756916,0.981738926892209,0.0157857312641996,0.00247534184359177,0.999999990104768
0.00166794908518602,0.0102082170662646,0.982019454511086,0.0155446568452989,0.00243588864361513,0.999999990103135
0.0017227012737798,0.010050608192633,0.982295844843597,0.0153070939275405,0.00239706122886272,0.999999990101526
0.00177925076073385,0.00989534792488005,0.982568153916659,0.015072996316922,0.00235884976641906,0.999999990099942
0.00183765654426318,0.00974240371776418,0.982836437139537,0.0148423182853966,0.00232124457506585,0.999999990098382
0.0018979795592615,0.00959174340815557,0.983100749306715,0.0146150145702596,0.00228423612302578,0.999999990096846
0.00196028274087464,0.00944333521243521,0.983361144600866,0.0143910403733974,0.00224781502573652,0.999999990095333
0.00202463109016106,0.00929714772385921,0.983617676595938,0.0141703513604062,0.00221197204365611,0.999999990093844
0.00209109174190749,0.00915314990988932,0.98387039826032,0.0139529036595821,0.00217669808009828,0.999999990092377
0.00215973403467091,0.00901131110949178,0.984119361960114,0.0137386538607878,0.00214198417909786,0.999999990090932
0.00223062958311957,0.0088716010304066,0.984364619462493,0.0135275590142006,0.00210782152330629,0.99999999008951
0.00230385235274878,0.00873398974638798,0.98460622193914,0.0133195766289439,0.00207420143191601,0.999999990088109
0.00237947873704927,0.00859844769441858,0.984844219969777,0.0131146646716086,0.00204111535861428,0.99999999008673
0.0024575876372087,0.00846494567189794,0.985078663545769,0.0129127815646659,0.00200855488956499,0.999999990085372
0.00253826054442948,0.0083334548338086,0.985309602073803,0.0127138861847774,0.00197651174141989,0.999999990084035
0.00262158162494871,0.00820394668985915,0.985537084379638,0.0125179378610049,0.00194497775935669,0.999999990082718
0.00270763780784902,0.0080763931016074,0.98576115871193,0.0123248963729242,0.00191394491514529,0.999999990081421
0.00279651887575192,0.00795076627956491,0.985981872746112,0.0121347219486465,0.00188340530524165,0.999999990080145
0.00288831755848819,0.00782703878028332,0.986199273588341,0.0119473752627511,0.00185335114890779,0.999999990078888
0.00298312962984313,0.00770518350342531,0.986413407779508,0.0117628174341324,0.0018237747863591,0.99999999007765
0.00308105400747763,0.00758517368882093,0.986624321299296,0.0115810100237659,0.00179466867693798,0.999999990076431
0.00318219285612913,0.00746698291351056,0.986832059570292,0.0114019150323947,0.00176602539731319,0.999999990075231
0.0032866516942004,0.00735058508877571,0.987036667462153,0.0112254948981419,0.00173783763970477,0.99999999007405
0.00339453950384709,0.00723595445715967,0.987238189295815,0.0110517124940503,0.00171009821013454,0.999999990072887
0.00350596884467913,0.00712306558947879,0.987436668847744,0.0108805311255543,0.00168280002670165,0.999999990071742
0.00362105597119437,0.00701189338182603,0.987632149354231,0.0107119145278858,0.0016559361178831,0.999999990070614
0.00373992095406725,0.00690241305256657,0.987824673515724,0.010545826863418,0.0016294996208576,0.999999990069504
0.00386268780541876,0.00679460013932936,0.988014283501196,0.010382232718949,0.00160348377985486,0.999999990068411
0.00398948460819862,0.00668843049599327,0.988201020952541,0.0102210971029305,0.00157788194452801,0.999999990067335
0.00412044364981452,0.00658388028966979,0.98838492698901,0.0100623854426412,0.00155268756834917,0.999999990066275
0.00425570156014788,0.00648092599768426,0.98856604221166,0.00990606358131059,0.00152789420702897,0.999999990065232
0.00439539945410012,0.00637954440455556,0.988744406707847,0.00975209777519395,0.00150349551695858,0.999999990064205
0.00453968307881823,0.0062797125989754,0.988920060055723,0.0096004546906026,0.0014794852536741,0.999999990063194
0.00468870296575304,0.00618140797078881,0.989093041328766,0.00945110140089089,0.00145585727034337,0.999999990062198
0.00484261458770911,0.00608460820797707,0.989263389100321,0.00930400538340327,0.00143260551627543,0.999999990061218
0.00500157852104985,0.00598929129364234,0.989431141448166,0.0091591345163835,0.00140972403545059,0.999999990060254
0.00516576061322719,0.00589543550299686,0.989596335959079,0.00901645707584866,0.00138720696507253,0.999999990059304
0.00533533215581069,0.00580301940035683,0.989759009733428,0.00887594173243011,0.00136504853414177,0.999999990058369
0.00551047006319642,0.00571202183614159,0.989919199389766,0.00873755754818389,0.00134324306204964,0.999999990057448
0.00569135705718213,0.00562242194387908,0.990076941069435,0.00860127397337273,0.00132178495719272,0.999999990056542
0.0058781818576014,0.00553419913721889,0.99023227044117,0.00846706084322174,0.00130066871560802,0.99999999005565
0.00607113937921545,0.00544733310695323,0.990385222705722,0.00833488837465012,0.00127988891962817,0.999999990054772
0.00627043093506823,0.00536180381804601,0.990535832600464,0.00820472716298071,0.00125944023655566,0.999999990053907
0.00647626444651671,0.00527759150667271,0.990684134404012,0.00807654817862962,0.0012393174173579,0.999999990053056
0.00668885466015583,0.00519467667726881,0.990830161940842,0.00795032276377761,0.00121951529538,0.999999990052218
0.00690842337186408,0.00511304009959081,0.990973948585896,0.0078260226290254,0.0012000287850781,0.999999990051393
0.00713519965820367,0.00503266280578734,0.991115527269195,0.00770361985003455,0.00118085288077006,0.999999990050581
0.00736942011541665,0.00495352608748337,0.991254930480439,0.0075830868641557,0.00116198265540552,0.999999990049782
0.00761132910626638,0.00487561149287686,0.9913921902736,0.00746439646704598,0.00114341325935387,0.999999990048995
0.00786117901498177,0.00479890082384888,0.991527338271513,0.00734752180927721,0.00112513991921027,0.99999999004822
0.00811923051057029,0.00472337613308764,0.991660405670444,0.0072324363929365,0.00110715793661938,0.999999990047458
0.00838575281877464,0.00464901972122685,0.991791423244663,0.00711911406822082,0.00108946268711644,0.999999990046707
0.0086610240029566,0.00457581413399934,0.991920421350987,0.00700752903002708,0.0010720496189858,0.999999990045968
0.00894533125420117,0.00450374215940604,0.992047429933324,0.00689765581453913,0.00105491425213647,0.999999990045241
0.00923897119094376,0.00443278682490102,0.992172478527192,0.00678946929581323,0.0010380521769944,0.999999990044525
