1e-07,0.387249903311688,0.417336926722562,0.390826339931499,0.191836733345939,0.999999996319867
1.03282605511167e-07,0.385188556131138,0.419784577795322,0.39005373214708,0.190161690057598,0.999999996265149
1.06672966011754e-07,0.383112357635974,0.422256937791536,0.389261409144982,0.188481653063483,0.999999996210407
1.10174618672982e-07,0.381021785643891,0.424753587615804,0.38844925348061,0.186797158903586,0.999999996155657
1.13791216777448e-07,0.378917323165161,0.427274096407361,0.387617160854956,0.185108742737683,0.999999996100916
1.17526533530609e-07,0.376799457738458,0.429818022137215,0.386765040248654,0.183416937614132,0.999999996046199
1.21384465997369e-07,0.37466868077401,0.432384912212544,0.385892814026892,0.181722273760564,0.999999995991523
1.25369039167899e-07,0.372525486905872,0.434974304086414,0.385000418015428,0.180025277898157,0.999999995936902
1.29484410156922e-07,0.370370373355039,0.437585725870917,0.384087801548088,0.178326472580995,0.999999995882353
1.33734872540836e-07,0.368203839304964,0.440218696951913,0.383154927486246,0.176626375561842,0.99999999582789
1.38124860837214e-07,0.366026385290941,0.442872728603613,0.382201772210891,0.174925499185495,0.999999995773527
1.42658955131348e-07,0.363838512604693,0.445547324601321,0.381228325587972,0.173224349810708,0.999999995719279
1.47341885854664e-07,0.361640722715378,0.448241981830719,0.380234590907806,0.171523427261475,0.99999999566516
1.52178538719987e-07,0.359433516708077,0.450956190892202,0.379220584799443,0.169823224308356,0.999999995611182
1.57173959818823e-07,0.357217394740743,0.453689436698808,0.378186337120897,0.168124226180295,0.999999995557359
1.62333360885955e-07,0.354992855520434,0.456441199066424,0.377131890826283,0.166426910107293,0.999999995503704
1.67662124736861e-07,0.352760395799538,0.45921095329501,0.376057301810903,0.164731744894087,0.999999995450229
1.73165810883613e-07,0.350520509892597,0.461998170739706,0.374962638735394,0.1630391905249,0.999999995396945
1.78850161335136e-07,0.348273689214193,0.464802319370759,0.373847982830096,0.161349697799145,0.999999995343864
1.84721106587855e-07,0.346020421838286,0.467622864321313,0.372713427680803,0.159663707997884,0.999999995290997
1.90784771812997e-07,0.343761192079239,0.470459268422206,0.371559078997109,0.157981652580685,0.999999995238355
1.97047483246998e-07,0.341496480094724,0.473310992722997,0.370385054364558,0.156303952912445,0.999999995185948
2.03515774791681e-07,0.339226761510549,0.476177496998541,0.36919148298182,0.154631020019639,0.999999995133785
2.10196394831087e-07,0.336952507067407,0.479058240240532,0.367978505384121,0.152963254375346,0.999999995081876
2.17096313272088e-07,0.334674182289427,0.481952681133506,0.366746273154135,0.151301045712359,0.99999999503023
2.24222728816098e-07,0.332392247174357,0.484860278514867,0.365494948621552,0.14964477286358,0.999999994978855
2.31583076469505e-07,0.330107155905119,0.487780491818628,0.364224704552505,0.147994803628866,0.99999999492776
2.39185035300624e-07,0.327819356582424,0.490712781502562,0.362935723830027,0.146351494667411,0.999999994876953
2.47036536451289e-07,0.325529290978068,0.493656609458596,0.361628199126671,0.144715191414732,0.999999994826441
2.55145771411436e-07,0.323237394308482,0.496611439406309,0.360302332570417,0.143086228023273,0.99999999477623
2.63521200565298e-07,0.320944095028062,0.499576737269476,0.358958335404925,0.141464927325599,0.999999994726328
2.72171562018149e-07,0.318649814641758,0.502551971535648,0.357596427645188,0.139851600819164,0.999999994676741
2.81105880712787e-07,0.316354967536377,0.505536613598834,0.356216837729579,0.138246548671588,0.999999994627474
2.9033347784528e-07,0.314059960830008,0.508530138085363,0.354819802169257,0.13665005974538,0.999999994578534
2.99863980589793e-07,0.311765194238969,0.511532023163109,0.353405565195845,0.135062411641046,0.999999994529925
3.09707332142639e-07,0.309471059961635,0.514541750834241,0.351974378408247,0.133483870757511,0.999999994481652
3.19873802096042e-07,0.307177942578524,0.517558807211751,0.350526500419448,0.1319146923688,0.999999994433721
3.30373997152427e-07,0.304886218967953,0.520582682780017,0.34906219650406,0.130355120715923,0.999999994386134
3.41218872190416e-07,0.302596258236621,0.523612872639699,0.34758173824736,0.128805389112941,0.999999994338896
3.52419741694082e-07,0.300308421664436,0.526648876737308,0.346085403196511,0.127265720066181,0.999999994292011
3.63988291557374e-07,0.298023062662929,0.529690200079771,0.3445734745146,0.125736325405629,0.999999994245482
3.7593659127604e-07,0.295740526746556,0.532736352934396,0.343046240638096,0.124217406427508,0.999999994199312
3.88277106539761e-07,0.293461151516256,0.535786851014601,0.341503994938286,0.122709154047113,0.999999994153503
4.01022712237636e-07,0.29118526665458,0.538841215651823,0.339947035387193,0.121211748960984,0.999999994108059
4.14186705890581e-07,0.288913193931755,0.541898973954027,0.338375664228435,0.119725361817538,0.999999994062981
4.27782821524667e-07,0.286645247222034,0.54495965895123,0.336790187653472,0.118250153395299,0.999999994018271
4.41825243999864e-07,0.28438173252972,0.548022809728482,0.335190915483597,0.116786274787921,0.99999999397393
4.56328623809131e-07,0.282122948024232,0.551087971546748,0.333578160858041,0.115333867595211,0.999999993929962
4.71308092363324e-07,0.279869184083642,0.554154695952116,0.331952239928484,0.113893064119399,0.999999993886366
4.86779277777819e-07,0.277620723346079,0.557222540873795,0.330313471560253,0.112463987565952,0.999999993843143
5.02758321177375e-07,0.275377840768456,0.560291070711327,0.328662177040433,0.11104675224824,0.999999993800295
5.19261893536195e-07,0.27314080369197,0.563359856411471,0.326998679793116,0.109641463795412,0.999999993757823
5.36307213070806e-07,0.270909871913849,0.566428475535182,0.325323305101937,0.108248219362881,0.999999993715725
5.53912063203856e-07,0.268685297764847,0.569496512315124,0.323636379840057,0.106867107844819,0.999999993674004
5.72094811117606e-07,0.266467326191999,0.572563557704145,0.321938232207711,0.105498210088144,0.999999993632658
5.90874426916454e-07,0.264256194846169,0.575629209415135,0.320229191477392,0.104141599107473,0.999999993591688
6.10270503418493e-07,0.262052134173952,0.578693071952667,0.318509587746762,0.102797340300571,0.999999993551093
6.30303276596736e-07,0.259855367513499,0.581754756636846,0.31677975169931,0.101465491663844,0.999999993510873
6.50993646691368e-07,0.257666111193861,0.584813881619741,0.315040014372796,0.100146104007463,0.999999993471027
6.72363200015008e-07,0.255484574637475,0.587870071894794,0.313290706935462,0.0988392211697441,0.999999993431555
6.94434231473761e-07,0.253310960465407,0.590922959299586,0.311532160470014,0.0975448802304004,0.999999993392456
7.17229767827552e-07,0.25114546460503,0.593972182512307,0.309764705765325,0.096263111722368,0.999999993353728
7.40773591713991e-07,0.248988276399785,0.597017387042309,0.307988673115813,0.0949939398418786,0.999999993315371
7.65090266460866e-07,0.246839578720728,0.600058225215057,0.306204392128429,0.0937373826565133,0.999999993277384
7.90205161713115e-07,0.244699548079571,0.603094356151836,0.304412191537185,0.0924934523109784,0.999999993239764
8.16144479901037e-07,0.242568354742933,0.606125445744511,0.302612399025113,0.0912621552303767,0.999999993202511
8.42935283577358e-07,0.240446162847549,0.609151166625664,0.300805341053574,0.0900434923207614,0.999999993165624
8.70605523651641e-07,0.238333130516193,0.612171198134404,0.298991342698806,0.0888374591667896,0.999999993129099
8.99184068551557e-07,0.236229409974089,0.615185226278127,0.297170727495569,0.0876440462263045,0.999999993092937
9.28700734341368e-07,0.234135147665594,0.618192943690511,0.295343817287791,0.0864632390216984,0.999999993057134
9.59186315829108e-07,0.232050484370958,0.62119404958601,0.293510932086064,0.085295018327926,0.999999993021689
9.90672618694879e-07,0.229975555322981,0.624188249711091,0.291672389931856,0.0841393603570529,0.999999992986601
1.02319249267378e-06,0.227910490323389,0.627175256292465,0.289828506768294,0.0829962369392417,0.999999992951866
1.05677986582814e-06,0.225855413858773,0.630154787982544,0.287979596317366,0.0818656157000897,0.999999992917483
1.09146977994472e-06,0.223810445215953,0.633126569802343,0.286125969963406,0.0807474602342503,0.999999992883451
1.12729842709391e-06,0.221775698596623,0.636090333082035,0.284267936642684,0.0796417302752804,0.999999992849766
1.164303187389e-06,0.219751283231149,0.639045815399369,0.282405802738963,0.0785483818616677,0.999999992816426
1.20252266798493e-06,0.217737303491433,0.641992760516139,0.280539871984856,0.0774673674990056,0.999999992783429
1.24199674335724e-06,0.215733859002703,0.644930918312885,0.278670445368823,0.0763986363182912,0.999999992750773
1.2827665969032e-06,0.213741044754162,0.647860044722009,0.276797821047658,0.0753421342303332,0.999999992718456
1.32487476390855e-06,0.211758951208406,0.650779901659451,0.274922294264285,0.0742978040762635,0.999999992686474
1.36836517592468e-06,0.209787664409521,0.653690256955116,0.273044157270725,0.0732655857741591,0.999999992654826
1.41328320660248e-06,0.207827266089811,0.656590884282159,0.27116369925606,0.0722454164617813,0.999999992623509
1.45967571903081e-06,0.205877833775075,0.659481563085303,0.269281206279243,0.0712372306354534,0.999999992592521
1.50759111462889e-06,0.203939440888393,0.662362078508311,0.267396961206591,0.0702409602850981,0.999999992561858
1.55707938364357e-06,0.202012156852369,0.66523222132073,0.265511243653802,0.0692565350254684,0.999999992531519
1.6081921573043e-06,0.200096047189784,0.668091787844035,0.263624329932362,0.0682838822236032,0.999999992501501
1.66098276169013e-06,0.19819117362263,0.670940579877291,0.261736493000158,0.0673229271225509,0.999999992471801
1.71550627336491e-06,0.19629759416949,0.673778404622422,0.259848002416174,0.0663735929614031,0.999999992442416
1.77181957683881e-06,0.194415363241245,0.676605074609199,0.257959124299113,0.0654358010916883,0.999999992413345
1.82998142391606e-06,0.19254453173507,0.679420407620036,0.256070121289789,0.0645094710901754,0.999999992384584
1.89005249499087e-06,0.190685147126728,0.682224226614687,0.25418125251717,0.0635945208681428,0.99999999235613
1.95209546235539e-06,0.188837253561126,0.685016359654919,0.252292773567911,0.0626908667771703,0.999999992327982
2.01617505558591e-06,0.187000891941138,0.687796639829237,0.250404936459251,0.0617984237115122,0.999999992300136
2.08235812907536e-06,0.185176100014682,0.690564905177749,0.248517989615136,0.0609171052071144,0.99999999227259
2.15071373178262e-06,0.183362912460061,0.693320998617217,0.246632177845445,0.0600468235373381,0.999999992245341
2.22131317927155e-06,0.181561360969544,0.696064767866368,0.244747742328177,0.0591874898054554,0.999999992218387
2.2942301281146e-06,0.179771474331226,0.698796065371529,0.24286492059449,0.0583390140339812,0.999999992191724
2.36954065273895e-06,0.17799327850914,0.70151474823263,0.24098394651646,0.0575013052509099,0.999999992165351
2.44732332479511e-06,0.176226796721649,0.704220678129626,0.239105050297451,0.0566742715729231,0.999999992139263
2.52765929513092e-06,0.174472049518122,0.706913721249394,0.237228458464969,0.0558578202856375,0.99999999211346
2.61063237845642e-06,0.172729054853909,0.709593748213142,0.235354393865898,0.0550518579209597,0.999999992087938
2.69632914078795e-06,0.170997828163624,0.71226063400437,0.233483075664013,0.0542562903316174,0.999999992062695
2.78483898976267e-06,0.169278382432761,0.714914257897414,0.23161471933965,0.0534710227629366,0.999999992037727
2.87625426791775e-06,0.167570728267652,0.717554503386627,0.229749536691442,0.0526959599219309,0.999999992013033
2.9706703490316e-06,0.165874873963785,0.720181258116201,0.227887735840027,0.0519310060437714,0.999999991988609
3.06818573762752e-06,0.164190825572513,0.722794413810681,0.226029521233612,0.0511760649557075,0.999999991964453
3.16890217174373e-06,0.162518586966164,0.725393866206175,0.224175093655323,0.0504310401385019,0.999999991940563
3.27292472907689e-06,0.16085815990157,0.727979514982309,0.222324650232242,0.0496958347854493,0.999999991916936
3.38036193660993e-06,0.159209544082061,0.730551263694922,0.220478384446035,0.0489703518590436,0.99999999189357
3.49132588383849e-06,0.15757273721791,0.733109019709538,0.218636486145103,0.0482544941453587,0.999999991870461
3.60593233971418e-06,0.155947735085293,0.735652694135623,0.216799141558169,0.0475481643062081,0.999999991847607
3.7243008734266e-06,0.154334531583753,0.738182201761638,0.214966533309217,0.0468512649291451,0.999999991825007
3.84655497915016e-06,0.152733118792225,0.740697460990918,0.213138840433715,0.0461636985753673,0.999999991802656
3.97282220488582e-06,0.151143487023613,0.743198393778362,0.21131623839605,0.0454853678255884,0.999999991780554
4.10323428553227e-06,0.149565624877982,0.745684925567969,0.209498899108098,0.0448161753239333,0.999999991758697
4.23792728032526e-06,0.147999519294357,0.748156985231208,0.20768699094887,0.0441560238199215,0.999999991737083
4.37704171478848e-06,0.146445155601174,0.750614505006245,0.205880678785163,0.0435048162085921,0.999999991715709
4.52072272734421e-06,0.14490251756541,0.75305742043801,0.204080123993158,0.0428624555688314,0.999999991694573
4.66912022073661e-06,0.143371587440409,0.75548567031914,0.202285484480903,0.0422288451999571,0.999999991673673
4.82238901842554e-06,0.141852346012427,0.757899196631761,0.200496914711625,0.0416038886566147,0.999999991653006
4.9806890261143e-06,0.140344772645946,0.760297944490147,0.198714565727815,0.0409874897820386,0.99999999163257
5.14418539857963e-06,0.13884884532775,0.762681862084234,0.196938585176033,0.0403795527397333,0.999999991612363
5.31304871197807e-06,0.137364540709816,0.765050900623991,0.195169117332386,0.0397799820436233,0.999999991592382
5.48745514180847e-06,0.135891834151032,0.767405014284658,0.19340630312862,0.0391886825867219,0.999999991572625
5.6675866467163e-06,0.134430699757771,0.769744160152828,0.1916502801788,0.0386055596683712,0.99999999155309
5.85363115833159e-06,0.13298111042335,0.772068298173397,0.189901182806507,0.0380305190200962,0.999999991533774
6.04578277733839e-06,0.131543037866389,0.774377391097346,0.188159142072529,0.0374634668301241,0.999999991514675
6.2442419759805e-06,0.130116452668115,0.77667140443038,0.186424285803009,0.0369043097666107,0.999999991495791
6.44921580721465e-06,0.128701324308614,0.778950306382394,0.184696738617984,0.0363529549996217,0.99999999147712
6.66091812072936e-06,0.127297621202064,0.78121406781778,0.182976621960312,0.0358093102219083,0.99999999145866
6.87956978605476e-06,0.125905310730987,0.783462662206548,0.18126405412493,0.0352732836685223,0.999999991440408
7.10539892299639e-06,0.124524359279517,0.785696065576275,0.179559150288415,0.0347447841353094,0.999999991422362
7.33864113963309e-06,0.123154732265732,0.787914256464857,0.177862022538821,0.0342237209963218,0.999999991404521
7.57953977812749e-06,0.121796394173064,0.790117215874061,0.176172779905751,0.0337100042201883,0.999999991386881
7.82834616860541e-06,0.120449308580804,0.792304927223871,0.17449152839065,0.0332035443854789,0.999999991369441
8.0853198913693e-06,0.119113438193742,0.794477376307619,0.172818370997279,0.0327042526951021,0.999999991352199
8.35072904771889e-06,0.117788744870942,0.796634551247883,0.17115340776235,0.0322120409897677,0.999999991335153
8.62485053966196e-06,0.116475189653699,0.798776442453155,0.169496735786292,0.0317268217605532,0.999999991318301
8.90797035880684e-06,0.115172732792672,0.800903042575258,0.167848449264139,0.0312485081606029,0.999999991301641
9.20038388473819e-06,0.113881333774247,0.803014346467503,0.1662086395165,0.0307770140159967,0.99999999128517
9.50239619318715e-06,0.112600951346116,0.805110351143584,0.1645773950206,0.0303122538358162,0.999999991268887
9.81432237431766e-06,0.111331543542128,0.807191055737186,0.162954801441372,0.0298541428214414,0.99999999125279
1.01364878614607e-05,0.110073067706398,0.80925646146231,0.161340941662584,0.0294025968751058,0.999999991236878
1.04692287706399e-05,0.108825480516726,0.811306571574287,0.159735895817973,0.0289575326077399,0.999999991221147
1.08128922512416e-05,0.107588738007323,0.813341391331484,0.158139741322385,0.0285188673461307,0.999999991205596
1.11678368481974e-05,0.10636279559087,0.815360927957683,0.156552552902894,0.0280865191394229,0.999999991190223
1.15344328760545e-05,0.105147608079936,0.817365190605117,0.154974402629893,0.0276604067649898,0.999999991175027
1.19130628053258e-05,0.103943129707765,0.819354190318169,0.153405359948133,0.027240449733698,0.999999991160006
1.23041216615222e-05,0.102749314148451,0.821327939997688,0.15184549170772,0.0268265682945913,0.999999991145157
1.27080174372841e-05,0.10156611453653,0.823286454365955,0.150294862195029,0.0264186834390157,0.999999991130479
1.31251715180404e-05,0.100393483485984,0.825229749932243,0.148753533163546,0.0260167169042108,0.999999991115971
1.35560191216418e-05,0.099231373108702,0.827157844958985,0.147221563864627,0.0256205911763887,0.99999999110163
1.40010097524237e-05,0.0980797350323939,0.829070759428533,0.145699011078145,0.0252302294933212,0.999999991087454
1.44606076701759e-05,0.0969385204179827,0.830968515010492,0.144185929143051,0.0248455558464571,0.999999991073443
1.49352923745053e-05,0.0958076799764897,0.83285113502961,0.1426823699878,0.0244664949825899,0.999999991059594
1.54255591050998e-05,0.0946871639854298,0.834718644434234,0.141188383160672,0.0240929724050936,0.999999991045905
1.59319193584122e-05,0.0935769223047297,0.836571069765288,0.139704015859964,0.0237249143747478,0.999999991032376
1.64549014213061e-05,0.0924769043921879,0.838408439125792,0.13822931296404,0.0233622479101678,0.999999991019003
1.6995050922219e-05,0.0913870593184879,0.840230782150884,0.136764317061257,0.0230049007878596,0.999999991005786
1.75529314004175e-05,0.0903073357817824,0.84203812997835,0.135309068479735,0.0226528015419149,0.999999990992723
1.8129124893939e-05,0.0892376821218595,0.843830515219643,0.133863605316995,0.0223058794633622,0.999999990979813
1.87242325468339e-05,0.0881780463339087,0.845607971931375,0.132427963469432,0.0219640645991928,0.999999990967053
1.933887523634e-05,0.0871283760818968,0.847370535587279,0.131002176661648,0.0216272877510728,0.999999990954443
1.99736942206459e-05,0.0860886187115692,0.84911824305062,0.129586276475621,0.0212954804737587,0.99999999094198
2.06293518079165e-05,0.0850587212630891,0.850851132547052,0.128180292379718,0.0209685750732299,0.999999990929663
2.13065320472813e-05,0.0840386304833275,0.852569243637897,0.126784251757552,0.0206465046045515,0.999999990917491
2.20059414425039e-05,0.0830282928378157,0.85427261719385,0.125398179936669,0.020329202869481,0.999999990905462
2.27283096890798e-05,0.0820276545223736,0.855961295369084,0.124022100217084,0.0200166044138314,0.999999990893574
2.34743904355287e-05,0.0810366614744251,0.857635321575754,0.122656033899642,0.019708644524604,0.999999990881827
2.42449620696783e-05,0.080055259384012,0.859294740458876,0.121300000314224,0.0194052592269001,0.999999990870218
2.50408285307579e-05,0.0790833937045176,0.860939597871591,0.119954016847782,0.0191063852806264,0.999999990858746
2.58628201481505e-05,0.0781210096631118,0.862569940850779,0.118618098972219,0.0188119601770025,0.999999990847411
2.67117945076771e-05,0.0771680522709285,0.864185817593026,0.117292260272091,0.0185219221348829,0.999999990836209
2.75886373463177e-05,0.0762244663329829,0.865787277430936,0.115976512472163,0.0182362100969015,0.99999999082514
2.8494263476304e-05,0.0752901964578439,0.867374370809764,0.114670865464785,0.0179547637254515,0.999999990814203
2.94296177395436e-05,0.0743651870670671,0.868947149264373,0.11337532733712,0.017677523398507,0.999999990803397
3.03956759933773e-05,0.0734493824043999,0.870505665396498,0.112089904398205,0.0174044302052976,0.999999990792719
3.13934461286925e-05,0.0725427265447679,0.872049972852308,0.110814601205848,0.0171354259418441,0.999999990782168
3.24239691214583e-05,0.0716451634030515,0.87358012630026,0.109549420593377,0.016870453106363,0.999999990771743
3.34883201187784e-05,0.0707566367426623,0.875096181409225,0.108294363696226,0.0166094548945493,0.999999990761443
3.45876095605948e-05,0.0698770901839259,0.876598194826893,0.107049429978363,0.0163523751947445,0.999999990751267
3.57229843382119e-05,0.0690064672122824,0.878086224158433,0.10581461725857,0.0160991585829975,0.999999990741213
3.68956289908515e-05,0.0681447111863088,0.879560327945407,0.104589921736568,0.015849750318025,0.99999999073128
3.8106766941485e-05,0.0672917653455756,0.881020565644929,0.103375338018991,0.0156040963360802,0.999999990721466
3.93576617732339e-05,0.0664475728183411,0.882466997609052,0.102170859145214,0.015362143245734,0.999999990711771
4.06496185476687e-05,0.0656120766290934,0.883899685064391,0.100976476613032,0.0151238383225774,0.999999990702193
4.19839851663829e-05,0.0647852197059458,0.885318690091958,0.0997921804041932,0.0148891295038491,0.999999990692731
4.33621537772622e-05,0.0639669448878922,0.886724075607212,0.0986179590097922,0.0146579653829961,0.999999990683383
4.47855622269155e-05,0.0631571949319316,0.888115905340308,0.0974537994555198,0.0144302952041717,0.999999990674149
4.62556955607834e-05,0.0623559125200641,0.889494243816549,0.0962996873267732,0.0142060688566775,0.999999990665027
4.77740875724904e-05,0.0615630402661672,0.890859156337018,0.0951556067936293,0.0139852368693525,0.999999990656017
4.93423224040549e-05,0.0607785207227581,0.892210708959401,0.0940215406356817,0.0137677504049172,0.999999990647116
5.09620361986283e-05,0.0600022963876469,0.893548968478982,0.0928974702667428,0.0135535612542755,0.999999990638324
5.26349188074876e-05,0.0592343097104859,0.894874002409807,0.0917833757594138,0.013342621830779,0.999999990629639
5.43627155530606e-05,0.0584745030992209,0.896185878966017,0.0906792358695239,0.013134885164459,0.999999990621061
5.61472290498255e-05,0.05772281892645,0.897484667043331,0.0895850280604387,0.0129303048962307,0.999999990612588
5.79903210849829e-05,0.0569791995356922,0.898770436200687,0.0885007285272412,0.0127288352720716,0.99999999060422
5.98939145608622e-05,0.0562435872475736,0.900043256642033,0.087426312220786,0.0125304311371806,0.999999990595954
6.18599955010908e-05,0.0555159243659331,0.901303199198254,0.0863617528716268,0.0123350479301196,0.999999990587791
6.38906151226174e-05,0.0547961531838524,0.902550335309237,0.0853070230138206,0.012142641676942,0.999999990579728
6.59878919757511e-05,0.0540842159896147,0.903784737006082,0.0842620940086071,0.0119531689853112,0.999999990571766
6.81540141544502e-05,0.0533800550725952,0.905006476893422,0.0832269360679661,0.0117665870386121,0.999999990563902
7.03912415791659e-05,0.0526836127290867,0.906215628131887,0.0822015182780533,0.0115828535900601,0.999999990556135
7.27019083546226e-05,0.0519948312680648,0.907412264420678,0.0811858086225136,0.011401926956808,0.999999990548466
7.50884252049954e-05,0.0513136530168935,0.908596459980269,0.080179774005675,0.011223766014056,0.999999990540892
7.75532819890234e-05,0.0506400203269771,0.909768289535212,0.0791833802756218,0.0110483301891662,0.999999990533412
8.00990502976862e-05,0.0499738755793586,0.910927828297068,0.0781965922471474,0.0108755794557849,0.999999990526026
8.27283861371507e-05,0.0493151611902677,0.912075151947439,0.0772193737245875,0.0107054743279739,0.999999990518733
8.54440326997885e-05,0.0486638196166221,0.913210336621111,0.0762516875245337,0.0105379758543552,0.999999990511531
8.82488232261553e-05,0.0480197933614821,0.914333458889305,0.0752934954984269,0.0103730456122686,0.99999999050442
9.11456839609173e-05,0.0473830249794624,0.915444595743023,0.0743447585550302,0.0102106457019473,0.999999990497398
9.41376372058094e-05,0.0467534570821017,0.916543824576507,0.0734054366827818,0.0100507387407107,0.999999990490465
9.722780447281e-05,0.0461310323431918,0.917631223170795,0.0724754889720266,0.0098932878571785,0.99999999048362
0.000100419409740822,0.0455156935040689,0.918706869677369,0.0715548736371251,0.00973825668550632,0.999999990476862
0.000103715782819255,0.0449073833788661,0.919770842601913,0.0706435480384415,0.00958560935964538,0.999999990470189
0.00010712036282203,0.0443060448597316,0.920823220788165,0.0697414687042065,0.00943531050762832,0.999999990463601
0.000110636701755609,0.0437116209220091,0.921864083401863,0.0688485913522566,0.00928732524588083,0.999999990457097
0.000114268468224812,0.0431240546293863,0.92289350991479,0.0679648709116472,0.00914161917356271,0.999999990450675
0.000118019451260286,0.0425432891390078,0.923911580088923,0.0670902615441386,0.00899815836693846,0.999999990444336
0.000121893564271606,0.0419692677065562,0.924918373960667,0.0662247166655541,0.00885690937377916,0.999999990438078
0.000125894849130144,0.0414019336912997,0.925913971825197,0.0653681889670068,0.0087178392077963,0.999999990431901
0.000130027480385966,0.0408412305611074,0.926898454220895,0.0645206304359961,0.00858091534310933,0.999999990425802
0.000134295769623147,0.0402871018974329,0.927871901913882,0.0636819923773693,0.00844610570874828,0.999999990419783
0.000138704169958061,0.0397394914002653,0.92883439588266,0.0628522254341485,0.00831337868319099,0.999999990413841
0.000143257280685323,0.0391983428930479,0.929786017302842,0.0620312796082204,0.00818270308893768,0.999999990407975
0.000147959852076248,0.038663600327565,0.930726847531992,0.0612191042808852,0.00805404818712243,0.999999990402186
0.000152816790334818,0.0381352077887961,0.931656968094571,0.0604156482332651,0.00792738367216354,0.999999990396472
0.000157833162716338,0.0376131094997361,0.93257646066698,0.0596208596665685,0.00780267966645189,0.999999990390831
0.000163014202814114,0.0370972498261835,0.933485407062713,0.0588346862222065,0.00767990671508026,0.999999990385265
0.000168365316019676,0.0365875732814932,0.934383889217625,0.0580570750017626,0.00755903578061195,0.99999999037977
0.000173892085162232,0.0360840245312959,0.9352719891753,0.057287972586809,0.00744003823789139,0.999999990374348
0.000179600276333251,0.0355865483981804,0.936149789072534,0.0565273250585704,0.0073228858688952,0.999999990368997
0.000185495844902237,0.0350950898663419,0.937017371124943,0.05577507801743,0.00720755085762687,0.999999990363715
0.000191584941729985,0.034609594086191,0.93787481761267,0.0550311766022771,0.00709400578505247,0.999999990358504
0.00019787391958578,0.0341300063789261,0.938722210866228,0.0542955655096915,0.00698222362408037,0.99999999035336
0.000204369339775265,0.0336562722410663,0.939559633252452,0.053568189012964,0.00687217773458428,0.999999990348285
0.000211077978985864,0.033188337348944,0.940387167160582,0.0528489909809481,0.00676384185846992,0.999999990343276
0.000218006836356915,0.0327261475631562,0.941204894988473,0.0521379148967418,0.00665719011478531,0.999999990338334
0.000225163140781888,0.0322696489329745,0.942012899128928,0.0514349038761955,0.00655219699487674,0.999999990333457
0.000232554358450312,0.0318187877007096,0.942811261956169,0.0507399006862436,0.00644883735758784,0.999999990328645
0.000240188200637262,0.0313735103060327,0.943600065812439,0.0500528477630558,0.00634708642450479,0.999999990323897
0.000248072631748554,0.0309337633902495,0.944379392994747,0.0493736872300078,0.00624691977524561,0.999999990319212
0.00025621587763003,0.0304994938005278,0.94514932574174,0.0487023609154649,0.00614831334279539,0.99999999031459
0.000264626434149599,0.030070648594076,0.945909946220735,0.0480388103703786,0.00605124340888674,0.999999990310029
0.000273313076060999,0.0296471750422705,0.946661336514884,0.0473829768856916,0.00595568659942473,0.99999999030553
0.000282284866158518,0.0292290206347332,0.947403578610492,0.0467348015095488,0.00586161987995878,0.999999990301091
0.000291551164732229,0.0288161330833555,0.948136754384488,0.0460942250643121,0.00576902055119947,0.999999990296711
0.000301121639333601,0.0284084603262674,0.948860945592045,0.0454611881633745,0.00567786624458009,0.999999990292391
0.000311006274861684,0.0280059505317521,0.949576233854362,0.0448356312277728,0.00558813491786569,0.999999990288129
0.000321215383980369,0.0276085521021029,0.9502827006466,0.0442174945025943,0.00549980485080579,0.999999990283924
0.000331759617877626,0.027216213677422,0.95098042728599,0.0436067180731765,0.00541285464083373,0.999999990279777
0.000342649977377904,0.0268288841393588,0.951669494920093,0.0430032418810957,0.00532726319881099,0.999999990275685
0.000353897824419325,0.026446512614789,0.95234998451524,0.0424070057399426,0.00524300974481771,0.999999990271649
0.000365514893907615,0.0260690484794288,0.95302197684513,0.0418179493508831,0.00516007380398723,0.999999990267668
0.000377513305959163,0.025696441361387,0.953685552479613,0.0412360123180001,0.00507843520238692,0.999999990263741
0.000389905578545969,0.0253286411446516,0.95434079177364,0.0406611341634161,0.00499807406294354,0.999999990259868
0.000402704640555667,0.02496559797251,0.954987774856394,0.0400932543421921,0.0049189708014139,0.999999990256048
0.000415923845280274,0.0246072622509015,0.955626581620597,0.0395323122570034,0.00484110612239982,0.99999999025228
0.000429576984347703,0.0242535846517012,0.956257291712005,0.0389782472725867,0.00476446101540781,0.999999990248564
0.000443678302110607,0.0239045161159339,0.956879984519086,0.0384309987299601,0.0046890167509538,0.999999990244899
0.000458242510507543,0.0235600078569169,0.957494739162877,0.0378905059604114,0.00461475487671115,0.999999990241285
0.000473284804411975,0.0232200113633302,0.958101634487043,0.0373567082992545,0.00454165721370296,0.99999999023772
0.00048882087748512,0.0228844784022146,0.95870074904811,0.0368295450993513,0.00446970585253898,0.999999990234204
0.000504866938549183,0.0225533610218938,0.959292161105907,0.0363089557443983,0.00439888314969464,0.999999990230737
0.00052143972849806,0.0222266115548224,0.95987594861419,0.0357948796619758,0.00432917172383451,0.999999990227319
0.000538556537763153,0.0219041826203579,0.960452189211463,0.0352872563363587,0.00426055445217857,0.999999990223947
0.000556235224352518,0.0215860271274546,0.961020960212002,0.0347860253210875,0.0041930144669108,0.999999990220622
0.000574494232482167,0.0212720982772807,0.96158233859707,0.0342911262512985,0.00412653515163148,0.999999990217344
0.000593352611818965,0.0209623495657563,0.962136401006338,0.0338024988558123,0.00406110013785011,0.999999990214112
0.000612830037355189,0.0206567347860115,0.962683223729499,0.0333200829689794,0.0039966933015218,0.999999990210924
0.0006329468299355,0.020355208030766,0.963222882698093,0.0328438185422826,0.00393329875962473,0.999999990207781
0.000653723977457721,0.0200577236946267,0.963755453477526,0.0323736456556953,0.00387090086677903,0.999999990204683
0.00067518315676957,0.0197642364763041,0.964281011259298,0.0319095045287949,0.00380948421190667,0.999999990201627
0.000697346756284161,0.0194747013807484,0.964799630853436,0.0314513355316318,0.00374903361493251,0.999999990198615
0.000720237899337892,0.0191890737212022,0.965311386681121,0.030999079195353,0.0036895341235257,0.999999990195645
0.000743880468315072,0.0189073091211713,0.965816352767539,0.0305526762225804,0.00363097100988105,0.999999990192717
0.00076829912956448,0.0186293635163126,0.966314602734916,0.0301120674975437,0.00357332976754073,0.99999999018983
0.000793519359133813,0.0183551931562391,0.966806209795777,0.0296771940959685,0.00351659610825481,0.999999990186984
0.00081956746934892,0.0180847546062415,0.967291246746399,0.0292479972947191,0.00346075595888193,0.999999990184178
0.000846470636265502,0.0178180047489265,0.967769785960475,0.0288244185811972,0.00340579545832786,0.999999990181412
0.000874256928021966,0.0175549007857718,0.96824189938298,0.0284063996624964,0.00335170095452358,0.999999990178686
0.000902955334122976,0.0172954002385973,0.968707658524246,0.0279938824743131,0.00329845900144079,0.999999990175998
0.000932595795684277,0.0170394609509534,0.969167134454239,0.0275868091896151,0.0032460563561458,0.999999990173348
0.000963209236670323,0.0167870410894252,0.969620397797041,0.0271851222270685,0.0031944799758909,0.999999990170736
0.000994827596157334,0.0165380991448542,0.970067518725534,0.0267887642592234,0.00314371701524248,0.999999990168162
0.00102748386165541,0.0162925939334767,0.970508566956293,0.0263976782204603,0.00309375482324657,0.999999990165624
0.00106121210352446,0.0160504845979795,0.970943611744672,0.0260118073146976,0.00304458094063068,0.999999990163123
0.00109604751051993,0.0158117306084734,0.971372721880095,0.0256310950228629,0.00299618309704193,0.999999990160657
0.00113202642650527,0.0155762917633841,0.971795965681552,0.0252554851101272,0.00294854920832048,0.999999990158227
0.0011691863883696,0.0153441281902622,0.972213410993285,0.0248849216329059,0.00290166737380927,0.999999990155832
0.00120756616519004,0.0151152003465115,0.972625125180675,0.0245193489456272,0.00285552587369792,0.999999990153472
0.00124720579867956,0.014889469020037,0.973031175126328,0.0241587117072693,0.0028101131664024,0.999999990151145
0.00128814664496261,0.014666895329813,0.973431627226353,0.0238029548876689,0.00276541788597851,0.999999990148852
0.00133043141772207,0.0144474407263707,0.973826547386828,0.0234520237736027,0.00272142883956931,0.999999990146592
0.00137410423276252,0.0142310669922087,0.974216001020469,0.0231058639746439,0.00267813500488672,0.999999990144365
0.00141921065403636,0.0140177362421243,0.974600053043478,0.0227644214287957,0.00263552552772645,0.99999999014217
0.00146579774118084,0.0138074109234675,0.97497876787258,0.0224276424079043,0.00259358971951541,0.999999990140007
0.0015139140986154,0.0136000538163195,0.975352209422254,0.0220954735228536,0.00255231705489274,0.999999990137876
0.00156360992625089,0.013395628033594,0.975720441102134,0.0217678617285438,0.00251169716932214,0.999999990135775
0.00161493707186316,0.013194097021065,0.976083525814607,0.0214447543286562,0.00247171985673689,0.999999990133705
0.00166794908518602,0.0129954245573203,0.976441525952576,0.0211260989802077,0.00243237506721649,0.999999990131665
0.0017227012737798,0.0127995747536422,0.97679450339741,0.0208118436978958,0.00239365290469428,0.999999990129655
0.00177925076073385,0.0126065120538155,0.977142519517065,0.020501936858239,0.00235554362469601,0.999999990127674
0.00183765654426318,0.0124162012338658,0.977485635164378,0.0201963272035131,0.00231803763210927,0.999999990125723
0.0018979795592615,0.0122286074017275,0.977823910675529,0.019894963845488,0.00228112547898345,0.9999999901238
0.00196028274087464,0.0120436959968419,0.978157405868675,0.0195977962689665,0.00224479786235871,0.999999990121905
0.00202463109016106,0.0118614327896898,0.978486180042746,0.0193047743351287,0.00220904562212543,0.999999990120038
0.00209109174190749,0.0116817838812552,0.978810291976402,0.0190158482846851,0.00217385973891268,0.999999990118199
0.00215973403467091,0.0115047157024258,0.979129799927154,0.0187309687408406,0.0021392313320055,0.999999990116386
0.00223062958311957,0.0113301950133273,0.979444761630636,0.0184500867120732,0.00210515165729068,0.9999999901146
0.00230385235274878,0.0111581889025962,0.979755234300039,0.0181731535947299,0.00207161210523126,0.999999990112841
0.00237947873704927,0.0109886647865901,0.980061274625688,0.0179001211754432,0.00203860419886849,0.999999990111108
0.0024575876372087,0.0108215904085373,0.980362938774777,0.0176309416333718,0.00200611959185142,0.9999999901094
0.00253826054442948,0.010656933837628,0.980660282391238,0.0173655675422672,0.00197415006649442,0.999999990107717
0.00262158162494871,0.0104946634680461,0.980953360595768,0.0171039518723711,0.00194268753186058,0.99999999010606
0.00270763780784902,0.010334748017946,0.981242227985981,0.0168460479921457,0.00191172402187312,0.999999990104427
0.00279651887575192,0.0101771565283718,0.981526938636708,0.0165918096698407,0.00188125169345146,0.999999990102818
0.00288831755848819,0.010021858362125,0.981807546100425,0.0163411910748997,0.00185126282467517,0.999999990101233
0.00298312962984313,0.00986882320257667,0.982084103407818,0.0160941467792099,0.00182174981297171,0.999999990099672
0.00308105400747763,0.00971802105243043,0.982356663068471,0.0158506317581977,0.00179270517333156,0.999999990098134
0.00318219285612913,0.00956942223243364,0.982625277071679,0.0156106013917745,0.0017641215365464,0.999999990096619
0.0032866516942004,0.00942299738004062,0.982889996887392,0.0153740114651341,0.00173599164747355,0.999999990095126
0.00339453950384709,0.00927871744802844,0.983150873467268,0.0151408181694079,0.00170830836332447,0.999999990093656
0.00350596884467913,0.00913655370306594,0.983407957245845,0.0149109781021778,0.00168106465197705,0.999999990092208
0.00362105597119437,0.00899647772423856,0.983661298141835,0.0146844482678527,0.00165425359031223,0.999999990090781
0.00373992095406725,0.00885846140152914,0.983910945559515,0.0144611860779109,0.0016278683625737,0.999999990089376
0.00386268780541876,0.00872247693425752,0.984156948390237,0.0142411493510115,0.00160190225875175,0.999999990087992
0.00398948460819862,0.00858849682947838,0.984399355014032,0.0140242963129784,0.00157634867298917,0.999999990086629
0.00412044364981452,0.0084564939003399,0.98463821330133,0.0138105855966596,0.00155120110201007,0.999999990085286
0.00425570156014788,0.00832644126440484,0.984873570614762,0.0135999762416663,0.00152645314357168,0.999999990083963
0.00439539945410012,0.00819831234193421,0.985105473811069,0.0133924276939932,0.00150209849493759,0.999999990082661
0.00453968307881823,0.00807208085413573,0.985333969243102,0.013187899805525,0.00147813095137326,0.999999990081378
0.00468870296575304,0.00794772082137784,0.985559102761907,0.0129863528334304,0.00145454440466264,0.999999990080114
0.00484261458770911,0.00782520656137144,0.985780919718904,0.0127877474394493,0.00143133284164679,0.999999990078869
0.00500157852104985,0.00770451268731943,0.985999464968144,0.012592044689073,0.00140849034278292,0.999999990077643
0.00516576061322719,0.00758561410603602,0.986214782868652,0.0123992060506238,0.0013860110807241,0.999999990076436
0.00533533215581069,0.00746848601603781,0.986426917286845,0.0122091933942347,0.00136388931892046,0.999999990075247
0.00551047006319642,0.00735310390560542,0.986635911599028,0.0120219689907332,0.00134211941023882,0.999999990074076
0.00569135705718213,0.00723944355082054,0.986841808693963,0.0118374955104327,0.00132069579560418,0.999999990072922
0.0058781818576014,0.00712748101357621,0.987044650975507,0.0116557360218332,0.00129961300265963,0.999999990071786
0.00607113937921545,0.00701719263956369,0.987244480365319,0.0114766539902351,0.00127886564444613,0.999999990070668
0.00627043093506823,0.00690855505623611,0.987441338305629,0.0113002132762694,0.00125844841810142,0.999999990069566
0.00647626444651671,0.00680154517075065,0.987635265762076,0.0111263781343457,0.0012383561035778,0.999999990068481
0.00668885466015583,0.00669614016789023,0.987826303226598,0.0109551132110226,0.00121858356237893,0.999999990067413
0.00690842337186408,0.00659231750796501,0.988014490720384,0.0107863835433019,0.00119912573631408,0.999999990066361
0.00713519965820367,0.0064900549246971,0.988199867796878,0.0106201545568501,0.00117997764627205,0.999999990065324
0.00736942011541665,0.00638933042308679,0.988382473544838,0.01045639206415,0.00116113439101179,0.999999990064304
0.00761132910626638,0.0062901222772632,0.988562346591445,0.0102950622625842,0.00114259114597111,0.999999990063299
0.00786117901498177,0.00619240902831995,0.988739525105453,0.0101361317324542,0.00112434316209283,0.99999999006231
0.00811923051057029,0.00609616948213733,0.988914046800394,0.00997956743493742,0.00110638576466862,0.999999990061336
0.00838575281877464,0.00600138270719075,0.989085948937817,0.00982533670998364,0.00108871435219893,0.999999990060376
0.0086610240029566,0.00590802803234825,0.989255268330574,0.00967340727415532,0.00107132439527059,0.999999990059431
0.00894533125420117,0.00581608504465636,0.989422041346137,0.00952374721841243,0.00105421143545015,0.999999990058501
0.00923897119094376,0.0057255335871169,0.98958630390996,0.00937632500584521,0.00103737108419429,0.999999990057585
