1e-07,0.413956430146368,0.34344706425403,0.485193011199203,0.171359924546767,0.999999997063578
1.03282605511167e-07,0.412299216163933,0.345392209775273,0.484617148121588,0.169990642103139,0.999999997015461
1.06672966011754e-07,0.410627208009974,0.347360286357902,0.484025011264248,0.16861470237785,0.99999999696719
1.10174618672982e-07,0.408940744579768,0.349351041803276,0.483416427233911,0.167232530962813,0.999999996918777
1.13791216777448e-07,0.407240171807995,0.351364212268686,0.482791231846637,0.165844555884677,0.999999996870239
1.17526533530609e-07,0.405525842171649,0.353399522640853,0.482149270374994,0.164451206984152,0.999999996821589
1.21384465997369e-07,0.403798114189565,0.355456686923246,0.481490397774377,0.163052915302377,0.999999996772842
1.25369039167899e-07,0.40205735192015,0.357535408635821,0.480814478888058,0.161650112476121,0.999999996724012
1.29484410156922e-07,0.400303924458884,0.359635381225795,0.480121388630641,0.160243230143564,0.999999996675113
1.33734872540836e-07,0.398538205437104,0.361756288488057,0.479411012149677,0.158832699362266,0.99999999662616
1.38124860837214e-07,0.396760572523509,0.363897804993822,0.478683244965338,0.15741895004084,0.999999996577166
1.42658955131348e-07,0.394971406929781,0.36605959652617,0.477937993088099,0.156002410385732,0.999999996528144
1.47341885854664e-07,0.393171092921642,0.368241320521109,0.477175173114499,0.154583506364392,0.999999996479109
1.52178538719987e-07,0.391360017336578,0.370442626512851,0.476394712301141,0.153162661186008,0.999999996430074
1.57173959818823e-07,0.389538569109409,0.372663156582015,0.475596548617153,0.151740294800832,0.999999996381051
1.62333360885955e-07,0.38770713880678,0.374902545805497,0.474780630775447,0.150316823419056,0.999999996332054
1.67662124736861e-07,0.385866118171591,0.377160422706826,0.473946918243166,0.148892659050008,0.999999996283094
1.73165810883613e-07,0.384015899678276,0.379436409705833,0.473095381231782,0.147468209062385,0.999999996234185
1.78850161335136e-07,0.382156876099772,0.381730123566536,0.472226000667385,0.146043875766079,0.999999996185338
1.84721106587855e-07,0.38028944008693,0.384041175842194,0.471338768141752,0.144620056016054,0.999999996136565
1.90784771812997e-07,0.378413983761044,0.386369173316531,0.470433685844851,0.143197140838619,0.999999996087878
1.97047483246998e-07,0.376530898320076,0.388713718440197,0.469510766479455,0.141775515080348,0.999999996039287
2.03515774791681e-07,0.374640573659084,0.391074409761599,0.468570033158634,0.140355557079766,0.999999995990804
2.10196394831087e-07,0.372743398005286,0.393450842351279,0.46761151928687,0.138937638361851,0.999999995942439
2.17096313272088e-07,0.370839757568105,0.395842608219086,0.466635268425618,0.137522123355297,0.999999995894202
2.24222728816098e-07,0.36893003620447,0.398249296723462,0.465641334144136,0.136109369132402,0.999999995846103
2.31583076469505e-07,0.367014615099578,0.400670494972202,0.464629779856441,0.134699725171357,0.999999995798153
2.39185035300624e-07,0.365093872463259,0.403105788214119,0.463600678645244,0.133293533140637,0.99999999575036
2.47036536451289e-07,0.363168183242013,0.405554760221112,0.462554113073749,0.131891126705139,0.999999995702733
2.55145771411436e-07,0.361237918846731,0.408016993660177,0.461490174986184,0.130492831353639,0.999999995655281
2.63521200565298e-07,0.359303446896052,0.410492070454966,0.460408965297964,0.129098964247071,0.999999995608013
2.72171562018149e-07,0.357365130975275,0.412979572136562,0.459310593776327,0.127709834087111,0.999999995560936
2.81105880712787e-07,0.355423330410655,0.415479080183169,0.458195178812352,0.126325741004479,0.999999995514058
2.9033347784528e-07,0.353478400058917,0.417990176348497,0.457062847185173,0.12494697646633,0.999999995467387
2.99863980589793e-07,0.351530690111733,0.420512442978632,0.455913733819271,0.123573823202098,0.99999999542093
3.09707332142639e-07,0.349580545914913,0.42304546331727,0.454747981535633,0.122206555147097,0.999999995374694
3.19873802096042e-07,0.347628307801991,0.425588821799204,0.453565740797609,0.120845437403187,0.999999995328685
3.30373997152427e-07,0.345674310941878,0.428142104332008,0.452367169452227,0.119490726215765,0.999999995282909
3.41218872190416e-07,0.34371888520023,0.430704898565898,0.451152432467743,0.118142668966359,0.999999995237373
3.52419741694082e-07,0.341762355014136,0.433276794151798,0.449921701668133,0.116801504180069,0.999999995192082
3.63988291557374e-07,0.339805039279732,0.43585738298764,0.448675155465257,0.115467461547103,0.999999995147041
3.7593659127604e-07,0.337847251252327,0.438446259453003,0.447412978589341,0.114140761957656,0.999999995102256
3.88277106539761e-07,0.335889298458598,0.441043020632183,0.446135361818438,0.112821617549379,0.999999995057731
4.01022712237636e-07,0.333931482620421,0.44364726652584,0.444842501707477,0.111510231766682,0.99999999501347
4.14186705890581e-07,0.331974099589882,0.446258600251379,0.443534600317477,0.110206799431144,0.999999994969479
4.27782821524667e-07,0.330017439295022,0.44887662823224,0.442211864945477,0.108911506822283,0.999999994925762
4.41825243999864e-07,0.32806178569584,0.451500960376307,0.440874507855705,0.107624531767988,0.999999994882321
4.56328623809131e-07,0.326107416750118,0.454131210243652,0.43952274601246,0.106346043743887,0.99999999483916
4.71308092363324e-07,0.324154604388578,0.456766995203831,0.438156800815183,0.105076203980986,0.999999994796283
4.86779277777819e-07,0.322203614498947,0.459407936582999,0.436776897836107,0.103815165580894,0.999999994753693
5.02758321177375e-07,0.320254706918454,0.462053659801086,0.435383266560919,0.102563073637995,0.999999994711393
5.19261893536195e-07,0.318308135434319,0.464703794499299,0.433976140132764,0.101320065367937,0.999999994669384
5.36307213070806e-07,0.316364147791797,0.467357974658234,0.432555755099937,0.100086270241829,0.99999999462767
5.53912063203856e-07,0.314422985709345,0.470015838706869,0.431122351167572,0.0988618101255591,0.999999994586253
5.72094811117606e-07,0.312484884900481,0.472677029622721,0.429676170953596,0.0976467994236824,0.999999994545135
5.90874426916454e-07,0.310550075101932,0.475341195023465,0.428217459749207,0.0964413452273285,0.999999994504317
6.10270503418493e-07,0.308618780107666,0.478007987250291,0.426746465284087,0.0952455474656226,0.9999999944638
6.30303276596736e-07,0.306691217808411,0.480677063443304,0.42526343749657,0.0940594990601259,0.999999994423588
6.50993646691368e-07,0.304767600236287,0.483348085609255,0.423768628308916,0.0928832860818285,0.999999994383679
6.72363200015008e-07,0.302848133614187,0.486020720681879,0.422262291407868,0.0917169879102526,0.999999994344077
6.94434231473761e-07,0.300933018409545,0.488694640575155,0.4207446820306,0.0905606773942451,0.999999994304781
7.17229767827552e-07,0.299022449392156,0.49136952222975,0.419216056756188,0.0894144210140621,0.999999994265792
7.40773591713991e-07,0.297116615695715,0.494045047652944,0.417676673302681,0.0882782790443747,0.999999994227111
7.65090266460866e-07,0.295215700882762,0.496720903952314,0.416126790329849,0.0871523057178379,0.999999994188738
7.90205161713115e-07,0.293319883012731,0.499396783363439,0.414566667247661,0.0860365493889002,0.999999994150674
8.16144479901037e-07,0.29142933471281,0.50207238327192,0.412996564030541,0.0849310526975393,0.999999994112918
8.42935283577358e-07,0.289544223251343,0.504747406229952,0.41141674103741,0.0838358527326379,0.999999994075471
8.70605523651641e-07,0.287664710613502,0.507421559967728,0.409827458837539,0.0827509811947326,0.999999994038333
8.99184068551557e-07,0.285790953578985,0.510094557399915,0.408228978042201,0.0816764645578845,0.999999994001503
9.28700734341368e-07,0.283923103801494,0.512766116627457,0.4066215591421,0.0806123242304437,0.999999993964981
9.59186315829108e-07,0.282061307889778,0.515435960934938,0.405005462350569,0.0795585767144937,0.999999993928766
9.90672618694879e-07,0.28020570749002,0.518103818783743,0.403380947452475,0.0785152337637823,0.999999993892858
1.02319249267378e-06,0.278356439369359,0.52076942380124,0.401748273658801,0.0774823025399584,0.999999993857256
1.05677986582814e-06,0.276513635500373,0.523432514766207,0.400107699466839,0.0764597857669532,0.999999993821961
1.09146977994472e-06,0.274677423146325,0.526092835590709,0.398459482525932,0.0754476818833587,0.999999993786969
1.12729842709391e-06,0.272847924947014,0.528750135298641,0.396803879508691,0.0744459851926684,0.999999993752281
1.164303187389e-06,0.271025259005069,0.531404168001123,0.395141145987617,0.0734546860112609,0.999999993717896
1.20252266798493e-06,0.269209538972533,0.534054692868954,0.393471536317026,0.0724737708140198,0.999999993683813
1.24199674335724e-06,0.267400874137601,0.536701474102294,0.39179530352021,0.0715032223774956,0.99999999365003
1.2827665969032e-06,0.265599369511382,0.53934428089776,0.390112699181715,0.0705430199205248,0.999999993616546
1.32487476390855e-06,0.263805125914564,0.541982887413108,0.388423973344657,0.0695931392422354,0.99999999358336
1.36836517592468e-06,0.262018240063859,0.544617072729658,0.386729374412966,0.0686535528573765,0.99999999355047
1.41328320660248e-06,0.260238804658144,0.547246620812631,0.38502914905845,0.0677242301289188,0.999999993517876
1.45967571903081e-06,0.258466908464171,0.54987132046954,0.383323542132576,0.0668051373978831,0.999999993485575
1.50759111462889e-06,0.256702636401793,0.552490965306777,0.38161279658286,0.0658962381103625,0.999999993453566
1.55707938364357e-06,0.254946069628582,0.555105353684546,0.379897153373744,0.0649974929417101,0.999999993421847
1.6081921573043e-06,0.253197285623802,0.557714288670269,0.378176851411858,0.0641088599178733,0.999999993390417
1.66098276169013e-06,0.251456358271638,0.560317577990586,0.376452127475553,0.0632302945338617,0.999999993359274
1.71550627336491e-06,0.249723357943632,0.562915033982079,0.37472321614858,0.0623617498693418,0.999999993328417
1.77181957683881e-06,0.247998351580265,0.565506473540829,0.372990349757811,0.0615031767013592,0.999999993297843
1.82998142391606e-06,0.246281402771634,0.568091718070924,0.371253758314885,0.0606545236141911,0.999999993267551
1.89005249499087e-06,0.244572571837168,0.570670593432004,0.369513669461655,0.0598157371063403,0.999999993237539
1.95209546235539e-06,0.242871915904357,0.573242929885972,0.367770308419341,0.0589867616946865,0.999999993207805
2.01617505558591e-06,0.241179488986437,0.575808562042936,0.366023897941255,0.0581675400158098,0.999999993178347
2.08235812907536e-06,0.239495342059012,0.578367328806489,0.364274658268998,0.0573580129245133,0.999999993149163
2.15071373178262e-06,0.237819523135577,0.580919073318414,0.362522807092018,0.0565581195895684,0.999999993120252
2.22131317927155e-06,0.236152077341916,0.58346364290288,0.360768559510408,0.0557677975867119,0.999999993091611
2.2942301281146e-06,0.234493046989354,0.586000889010221,0.35901212800085,0.054986982988929,0.999999993063239
2.36954065273895e-06,0.232842471646846,0.588530667160364,0.357253722385581,0.0542156104540552,0.999999993035132
2.44732332479511e-06,0.231200388211882,0.59105283688597,0.355493549804296,0.0534536133097341,0.999999993007291
2.52765929513092e-06,0.229566830980204,0.593567261675366,0.353731814688861,0.0527009236357731,0.999999992979711
2.61063237845642e-06,0.227941831714309,0.596073808915315,0.351968718740752,0.0519574723439324,0.999999992952392
2.69632914078795e-06,0.226325419710753,0.598572349833691,0.350204460911112,0.0512231892551965,0.999999992925331
2.78483898976267e-06,0.224717621866229,0.601062759442108,0.348439237383326,0.0504980031745666,0.999999992898526
2.87625426791775e-06,0.223118462742434,0.603544916478555,0.346673241558023,0.0497818419634223,0.999999992871975
2.9706703490316e-06,0.221527964629701,0.606018703350096,0.344906664040407,0.0490746326094973,0.999999992845677
3.06818573762752e-06,0.219946147609429,0.608484006075658,0.343139692629826,0.0483763012945164,0.999999992819628
3.16890217174373e-06,0.218373029615286,0.61094071422897,0.341372512311489,0.0476867734595418,0.999999992793827
3.27292472907689e-06,0.216808626493197,0.613388720881682,0.339605305250242,0.0470059738680755,0.999999992768271
3.38036193660993e-06,0.21525295206013,0.615827922546708,0.337838250786323,0.0463338266669688,0.999999992742959
3.49132588383849e-06,0.213706018161683,0.618258219121818,0.336071525432997,0.0456702554451849,0.999999992717889
3.60593233971418e-06,0.212167834728473,0.62067951383352,0.334305302876015,0.0450151832904657,0.999999992693059
3.7243008734266e-06,0.210638409831345,0.62309171318126,0.33253975397479,0.0443685328439503,0.999999992668465
3.84655497915016e-06,0.209117749735414,0.625494726881968,0.330775046765237,0.043730226352795,0.999999992644107
3.97282220488582e-06,0.207605858952935,0.627888467814974,0.329011346464182,0.043100185720844,0.999999992619982
4.10323428553227e-06,0.206102740295039,0.63027285196732,0.327248815475283,0.0424783325573977,0.999999992596088
4.23792728032526e-06,0.20460839492232,0.632647798379488,0.325487613396383,0.0418645882241282,0.999999992572423
4.37704171478848e-06,0.203122822394307,0.635013229091575,0.323727897028235,0.0412588738801902,0.999999992548985
4.52072272734421e-06,0.20164602071783,0.637369069089914,0.321969820384513,0.040661110525573,0.999999992525772
4.66912022073661e-06,0.200177986394283,0.639715246254176,0.320213534703081,0.0400712190427427,0.999999992502781
4.82238901842554e-06,0.198718714465825,0.642051691304969,0.318459188458413,0.0394891202366186,0.999999992480012
4.9806890261143e-06,0.197268198560502,0.644378337751928,0.316706927375139,0.0389147348729326,0.999999992457461
5.14418539857963e-06,0.195826430936336,0.646695121842341,0.314956894442645,0.0383479837150135,0.999999992435126
5.31304871197807e-06,0.194393402524377,0.64900198251029,0.313209229930666,0.0377887875590439,0.999999992413007
5.48745514180847e-06,0.192969102970743,0.651298861326345,0.311464071405824,0.0372370672678309,0.999999992391099
5.6675866467163e-06,0.191553520677667,0.653585702447802,0.309721553749062,0.0366927438031353,0.999999992369403
5.85363115833159e-06,0.190146642843557,0.655862452569488,0.30798180917391,0.036155738256602,0.999999992347914
6.04578277733839e-06,0.188748455502102,0.658129060875126,0.306244967245544,0.0356259718793305,0.999999992326633
6.2442419759805e-06,0.187358943560428,0.660385478989276,0.304511154900593,0.035103366110131,0.999999992305556
6.44921580721465e-06,0.185978090836321,0.66263166092986,0.302780496467638,0.0345878426025015,0.999999992284682
6.66091812072936e-06,0.184605880094549,0.66486756306127,0.301053113688362,0.0340793232503679,0.999999992264008
6.87956978605476e-06,0.183242293082285,0.667093144048056,0.299329125739319,0.0335777302126252,0.999999992243533
7.10539892299639e-06,0.181887310563648,0.669308364809221,0.297608649254263,0.0330829859365163,0.999999992223255
7.33864113963309e-06,0.180540912353394,0.671513188473098,0.295891798347015,0.0325950131798866,0.999999992203172
7.57953977812749e-06,0.179203077349759,0.673707580332833,0.294178684634817,0.03211373503235,0.999999992183282
7.82834616860541e-06,0.177873783566473,0.675891507802455,0.292469417262145,0.0316390749354004,0.999999992163582
8.0853198913693e-06,0.176553008163973,0.678064940373559,0.290764102924936,0.0311709567015044,0.999999992144072
8.35072904771889e-06,0.175240727479817,0.680227849572575,0.289062845895216,0.0307093045322091,0.99999999212475
8.62485053966196e-06,0.173936917058328,0.68238020891864,0.287365748046064,0.0302540430352955,0.999999992105613
8.90797035880684e-06,0.172641551679469,0.684521993882074,0.285672908876914,0.0298050972410116,0.999999992086659
9.20038388473819e-06,0.171354605386987,0.686653181843441,0.283984425539143,0.0293623926174155,0.999999992067888
9.50239619318715e-06,0.170076051515822,0.688773752053215,0.282300392861926,0.0289258550848593,0.999999992049297
9.81432237431766e-06,0.168805862718805,0.690883685592032,0.280620903378327,0.0284954110296415,0.999999992030884
1.01364878614607e-05,0.167544010992662,0.692982965331537,0.278946047351603,0.0280709873168599,0.999999992012647
1.04692287706399e-05,0.166290467703337,0.695071575895817,0.277275912801693,0.0276525113024901,0.999999991994585
1.08128922512416e-05,0.165045203610651,0.697149503623416,0.275610585531866,0.0272399108447182,0.999999991976696
1.11678368481974e-05,0.16380818889231,0.699216736529934,0.273950149155512,0.0268331143145537,0.999999991958978
1.15344328760545e-05,0.162579393167272,0.701273264271205,0.272294685123045,0.0264320506057497,0.99999999194143
1.19130628053258e-05,0.161358785518505,0.703319078107043,0.270644272748904,0.0260366491440527,0.99999999192405
1.23041216615222e-05,0.160146334515124,0.705354170865562,0.268998989238628,0.0256468398958098,0.999999991906836
1.27080174372841e-05,0.158942008233947,0.70737853690806,0.267358909715986,0.0252625533759537,0.999999991889786
1.31251715180404e-05,0.157745774280465,0.709392172094462,0.265724107250146,0.0248837206553915,0.9999999918729
1.35560191216418e-05,0.156557599809248,0.71139507374932,0.264094652882863,0.0245102733678165,0.999999991856174
1.40010097524237e-05,0.155377451543802,0.713387240628363,0.262470615655669,0.0241421437159676,0.999999991839608
1.44606076701759e-05,0.15420529579588,0.715368672885595,0.26085206263705,0.0237792644773552,0.9999999918232
1.49352923745053e-05,0.153041098484273,0.717339372040929,0.259239058949596,0.0234215690094755,0.999999991806948
1.54255591050998e-05,0.151884825153086,0.719299340948359,0.25763166779711,0.0230689912545309,0.999999991790851
1.59319193584122e-05,0.150736440989508,0.721248583764664,0.256029950491657,0.0227214657436792,0.999999991774908
1.64549014213061e-05,0.149595910841097,0.723187105918632,0.254433966480543,0.0223789276008255,0.999999991759115
1.6995050922219e-05,0.148463199232589,0.725114914080802,0.252843773373218,0.02204131254598,0.999999991743473
1.75529314004175e-05,0.147338270382234,0.727032016133726,0.25125942696808,0.0217085568981937,0.99999999172798
1.8129124893939e-05,0.146221088217683,0.728938421142728,0.249680981279178,0.0213805975780946,0.999999991712634
1.87242325468339e-05,0.145111616391432,0.730834139327172,0.248108488562792,0.0210573721100356,0.999999991697433
1.933887523634e-05,0.144009818295825,0.732719182032224,0.246541999343902,0.0207388186238737,0.999999991682377
1.99736942206459e-05,0.142915657077648,0.734593561701098,0.244981562442508,0.0204248758563941,0.999999991667463
2.06293518079165e-05,0.141829095652301,0.736457291847793,0.243427224999813,0.0201154831523942,0.99999999165269
2.13065320472813e-05,0.14075009671757,0.738310387030302,0.241879032504256,0.0198105804654423,0.999999991638058
2.20059414425039e-05,0.139678622767015,0.740152862824295,0.24033702881738,0.0195101083583248,0.999999991623563
2.27283096890798e-05,0.138614636102964,0.741984735797267,0.238801256199537,0.0192140080031956,0.999999991609206
2.34743904355287e-05,0.137558098849146,0.743806023483146,0.237271755335414,0.0189222211814393,0.999999991594984
2.42449620696783e-05,0.136508972962957,0.745616744357351,0.235748565359385,0.0186346902832643,0.999999991580896
2.50408285307579e-05,0.135467220247367,0.747416917812299,0.234231723880668,0.0183513583070327,0.999999991566941
2.58628201481505e-05,0.134432802362492,0.74920656413336,0.232721267008296,0.0180721688583438,0.999999991553118
2.67117945076771e-05,0.133405680836824,0.750985704475233,0.231217229375887,0.0177970661488801,0.999999991539425
2.75886373463177e-05,0.132385817078131,0.752754360838765,0.229719644166209,0.0175259949950261,0.99999999152586
2.8494263476304e-05,0.131373172384044,0.754512556048185,0.228228543135542,0.0172589008162736,0.999999991512423
2.94296177395436e-05,0.130367707952331,0.756260313728757,0.226743956637824,0.0169957296334192,0.999999991499113
3.03956759933773e-05,0.12936938489086,0.757997658284849,0.225265913648582,0.016736428066569,0.999999991485927
3.13934461286925e-05,0.128378164227279,0.759724614878397,0.223794441788648,0.0164809433329554,0.999999991472865
3.24239691214583e-05,0.127394006918399,0.761441209407781,0.222329567347641,0.0162292232445787,0.999999991459926
3.34883201187784e-05,0.126416873859298,0.763147468487084,0.220871315307235,0.0159812162056805,0.999999991447107
3.45876095605948e-05,0.125446725892155,0.764843419425748,0.219419709364194,0.0157368712100579,0.999999991434409
3.57229843382119e-05,0.124483523814813,0.766529090208602,0.217974771953171,0.0154961378382274,0.999999991421829
3.68956289908515e-05,0.123527228389085,0.768204509476275,0.216536524269279,0.0152589662544454,0.999999991409367
3.8106766941485e-05,0.122577800348808,0.769869706505979,0.215104986290428,0.015025307203594,0.999999991397022
3.93576617732339e-05,0.121635200407646,0.771524711192647,0.213680176799414,0.0147951120079388,0.999999991384791
4.06496185476687e-05,0.12069938926666,0.773169554030448,0.212262113405785,0.0145683325637671,0.999999991372675
4.19839851663829e-05,0.119770327621637,0.774804266094638,0.210850812567451,0.0143449213379112,0.999999991360671
4.33621537772622e-05,0.118847976170197,0.776428879023772,0.209446289612062,0.0141248313641656,0.999999991348779
4.47855622269155e-05,0.117932295618675,0.778043425002254,0.208048558758143,0.0139080162396033,0.999999991336998
4.62556955607834e-05,0.117023246688788,0.779647936743222,0.20665763313598,0.0136944301207981,0.999999991325326
4.77740875724904e-05,0.116120790124091,0.781242447471776,0.205273524808267,0.0134840277199579,0.999999991313763
4.93423224040549e-05,0.11522488669623,0.782826990908516,0.203896244790508,0.013276764300976,0.999999991302307
5.09620361986283e-05,0.114335497210991,0.784401601253421,0.202525803071175,0.0130725956754041,0.999999991290957
5.26349188074876e-05,0.113452582514162,0.785966313170031,0.201162208631614,0.0128714781983545,0.999999991279712
5.43627155530606e-05,0.112576103497195,0.787521161769944,0.199805469465721,0.0126733687643349,0.999999991268572
5.61472290498255e-05,0.111706021102699,0.789066182597623,0.198455592599356,0.0124782248030208,0.999999991257534
5.79903210849829e-05,0.110842296329735,0.790601411615502,0.197112584109526,0.012286004274972,0.999999991246599
5.98939145608622e-05,0.109984890238953,0.792126885189389,0.195776449143317,0.0120966656672946,0.999999991235764
6.18599955010908e-05,0.109133763957548,0.79364264007416,0.194447191936584,0.0119101679892562,0.99999999122503
6.38906151226174e-05,0.108288878684057,0.795148713399742,0.193124815832402,0.0117264707678557,0.999999991214394
6.59878919757511e-05,0.107450195692987,0.796645142657379,0.191809323299267,0.0115455340433541,0.999999991203856
6.81540141544502e-05,0.106617676339299,0.79813196568617,0.190500715949063,0.0113673183647673,0.999999991193416
7.03912415791659e-05,0.10579128206272,0.799609220659887,0.189198994554785,0.0111917847853282,0.999999991183071
7.27019083546226e-05,0.10497097439193,0.801076946074059,0.187904159068023,0.0110188948579182,0.999999991172822
7.50884252049954e-05,0.104156714948578,0.802535180733317,0.18661620863621,0.0108486106304732,0.999999991162667
7.75532819890234e-05,0.103348465451183,0.803983963739002,0.185335141619629,0.0106808946413684,0.999999991152605
8.00990502976862e-05,0.102546187718876,0.805423334477031,0.184060955608187,0.010515709914782,0.999999991142635
8.27283861371507e-05,0.101749843675021,0.806853332606002,0.182793647437955,0.0103530199560435,0.999999991132756
8.54440326997885e-05,0.100959395350703,0.808273998045562,0.181533213207469,0.0101927887469687,0.999999991122968
8.82488232261553e-05,0.10017480488809,0.809685370965004,0.180279648293812,0.0100349807411836,0.99999999111327
9.11456839609173e-05,0.099396034543666,0.811087491772108,0.179032947368451,0.00987956085944039,0.99999999110366
9.41376372058094e-05,0.098623046691355,0.812480401102217,0.177793104412855,0.00972649448492746,0.999999991094138
9.722780447281e-05,0.0978558038255186,0.81386413980754,0.176560112733883,0.00957574745857706,0.999999991084702
0.000100419409740822,0.0970942685638454,0.815238748946681,0.175333964978948,0.00942728607437165,0.999999991075353
0.000103715782819255,0.0963384036501276,0.816604269774396,0.174114653150954,0.00928107707465073,0.999999991066089
0.00010712036282203,0.0955881719569316,0.81796074373156,0.172902168623017,0.00913708764542301,0.99999999105691
0.000110636701755609,0.0948435364881632,0.819308212435356,0.171696502152962,0.0089952854116821,0.999999991047814
0.000114268468224812,0.0941044603815312,0.820646717669668,0.170497643897601,0.00885563843273074,0.9999999910388
0.000118019451260286,0.093370906910912,0.82197630137569,0.169305583426797,0.0087181151975135,0.999999991029869
0.000121893564271606,0.0926428394886182,0.823297005642725,0.168120309737314,0.00858268461996112,0.999999991021018
0.000125894849130144,0.0919202216675732,0.8246088726992,0.166941811266454,0.00844931603434626,0.999999991012248
0.000130027480385966,0.0912030171433945,0.825911944903866,0.16577007590548,0.00831797919065463,0.999999991003558
0.000134295769623147,0.0904911897563895,0.827206264737192,0.164605091012837,0.00818864424997109,0.999999990994946
0.000138704169958061,0.0897847034934628,0.828491874792957,0.163446843427161,0.00806128177988219,0.999999990986412
0.000143257280685323,0.0890835224899423,0.829768817770014,0.162295319480087,0.00793586274989869,0.999999990977955
0.000147959852076248,0.0883876110313219,0.831037136464252,0.161150505008852,0.00781235852689596,0.999999990969574
0.000152816790334818,0.0876969335549254,0.832296873760726,0.160012385368697,0.00769074087057678,0.99999999096127
0.000157833162716338,0.0870114546514935,0.833548072625968,0.158880945445077,0.00757098192895483,0.99999999095304
0.000163014202814114,0.0863311390666958,0.834790776100471,0.157756169665666,0.0074530542338628,0.999999990944884
0.000168365316019676,0.0856559517025689,0.836025027291345,0.156638042012172,0.00733693069648267,0.999999990936802
0.000173892085162232,0.0849858576188853,0.837250869365133,0.155526546031964,0.00722258460290348,0.999999990928793
0.000179600276333251,0.0843208220344514,0.8384683455408,0.154421664849497,0.00710998960970294,0.999999990920856
0.000185495844902237,0.0836608103283403,0.839677499082877,0.153323381177566,0.00699911973955733,0.999999990912989
0.000191584941729985,0.083005788041058,0.840878373294763,0.152231677328358,0.00688994937687895,0.999999990905194
0.00019787391958578,0.0823557208756472,0.842071011512187,0.151146535224332,0.00678245326348134,0.999999990897469
0.000204369339775265,0.0817105746987288,0.843255457096817,0.150067936408909,0.00667660649427421,0.999999990889813
0.000211077978985864,0.081070315541484,0.84443175343002,0.148995862056991,0.00657238451298842,0.999999990882225
0.000218006836356915,0.0804349096005785,0.845599943906774,0.147930292985294,0.00646976310793126,0.999999990874706
0.000225163140781888,0.0798043232390293,0.846760071929714,0.146871209662514,0.00636871840777242,0.999999990867254
0.000232554358450312,0.0791785229870173,0.847912180903328,0.14581859221931,0.00626922687736228,0.999999990859868
0.000240188200637262,0.0785574755426468,0.849056314228288,0.14477242045813,0.00617126531358198,0.999999990852549
0.000248072631748554,0.0779411477726517,0.850192515295922,0.143732673862852,0.00607481084122558,0.999999990845295
0.00025621587763003,0.0773295067130534,0.85132082748281,0.142699331608273,0.00597984090891673,0.999999990838105
0.000264626434149599,0.0767225195697679,0.852441294145521,0.141672372569422,0.00588633328505678,0.99999999083098
0.000273313076060999,0.0761201537191664,0.853553958615476,0.140651775330716,0.00579426605380842,0.999999990823918
0.000282284866158518,0.0755223767085901,0.854658864193932,0.139637518194955,0.0057036176111126,0.999999990816919
0.000291551164732229,0.0749291562568185,0.855756054147103,0.138629579192158,0.00561436666073967,0.999999990809983
0.000301121639333601,0.0743404602544964,0.856845571701384,0.13762793608824,0.00552649221037632,0.999999990803108
0.000311006274861684,0.0737562567645165,0.857927460038713,0.136632566393542,0.00543997356774556,0.999999990796294
0.000321215383980369,0.0731765140223631,0.859001762292038,0.135643447371197,0.00535479033676448,0.999999990789541
0.000331759617877626,0.0726012004364138,0.860068521540907,0.134660556045358,0.00527092241373461,0.999999990782848
0.000342649977377904,0.0720302845882044,0.861127780807161,0.133683869209269,0.00518834998356996,0.999999990776214
0.000353897824419325,0.071463735232655,0.862179583050749,0.132713363433191,0.00510705351605942,0.999999990769639
0.000365514893907615,0.0709015212982606,0.863223971165645,0.13174901507219,0.00502701376216569,0.999999990763122
0.000377513305959163,0.0703436118872456,0.864260987975868,0.130790800273772,0.00494821175035959,0.999999990756662
0.000389905578545969,0.0697899762756846,0.865290676231621,0.129838694985388,0.0048706287829906,0.99999999075026
0.000402704640555667,0.06924058391359,0.866313078605514,0.128892674961793,0.00479424643269372,0.999999990743915
0.000415923845280274,0.0686954044249667,0.867328237688898,0.127952715772271,0.00471904653883148,0.999999990737625
0.000429576984347703,0.0681544076078364,0.8683361959883,0.127018792807727,0.00464501120397309,0.999999990731392
0.000443678302110607,0.0676175634342306,0.869336995921948,0.126090881287644,0.00457212279040878,0.999999990725213
0.000458242510507543,0.0670848420501555,0.87033067981639,0.125168956266908,0.00450036391670128,0.999999990719088
0.000473284804411975,0.0665562137755269,0.871317289903218,0.12425299264251,0.00442971745427168,0.999999990713018
0.00048882087748512,0.0660316491040789,0.872296868315866,0.123342965160111,0.00436016652402338,0.999999990707001
0.000504866938549183,0.065511118703245,0.87326945708651,0.12243884842049,0.00429169449300007,0.999999990701037
0.00052143972849806,0.0649945934140134,0.874235098143054,0.121540616885865,0.00422428497108107,0.999999990695125
0.000538556537763153,0.0644820442507571,0.875193833306197,0.120648244886092,0.00415792180771087,0.999999990689265
0.000556235224352518,0.0639734424010407,0.876145704286585,0.119761706624748,0.00409258908866651,0.999999990683458
0.000574494232482167,0.0634687592254017,0.877090752682055,0.118880976185087,0.00402827113285796,0.9999999906777
0.000593352611818965,0.0629679662571112,0.878029019974944,0.118006027535889,0.00396495248916659,0.999999990671994
0.000612830037355189,0.0624710352019105,0.878960547529495,0.117136834537188,0.00390261793331637,0.999999990666337
0.0006329468299355,0.061977937937728,0.879885376589326,0.116273370945891,0.00384125246478248,0.99999999066073
0.000653723977457721,0.0614886465143747,0.880803548274984,0.115415610421282,0.00378084130373357,0.999999990655172
0.00067518315676957,0.0610031331532191,0.881715103581571,0.11456352653042,0.0037213698880092,0.999999990649663
0.000697346756284161,0.0605213702468448,0.882620083376443,0.113717092753424,0.00366282387013257,0.999999990644202
0.000720237899337892,0.0600433303586863,0.883518528396984,0.11287628248866,0.00360518911435651,0.999999990638788
0.000743880468315072,0.05956898622265,0.884410479248445,0.11204106905781,0.00354845169374507,0.999999990633422
0.00076829912956448,0.0590983107427156,0.885295976401857,0.111211425710854,0.00349259788728856,0.999999990628103
0.000793519359133813,0.0586312769925216,0.88617506019201,0.110387325630938,0.00343761417705281,0.99999999062283
0.00081956746934892,0.0581678582149335,0.887047770815494,0.109568741939144,0.00338348724536154,0.999999990617603
0.000846470636265502,0.0577080278215984,0.887914148328817,0.10875564769917,0.00333020397201349,0.999999990612422
0.000874256928021966,0.0572517593924814,0.888774232646568,0.107948015921901,0.00327775143153117,0.999999990607286
0.000902955334122976,0.0567990266753903,0.889628063539664,0.107145819569892,0.0032261168904443,0.999999990602194
0.000932595795684277,0.0563498035854845,0.890475680633636,0.106349031561759,0.00317528780460519,0.999999990597147
0.000963209236670323,0.05590406420477,0.891317123406996,0.105557624776467,0.00312525181653638,0.999999990592144
0.000994827596157334,0.0554617827815831,0.892152431189645,0.104771572057543,0.00307599675281175,0.999999990587184
0.00102748386165541,0.0550229337300598,0.89298164316135,0.103990846217181,0.00302751062146922,0.999999990582267
0.00106121210352446,0.0545874916295933,0.893804798350268,0.103215420040277,0.0029797816094546,0.999999990577393
0.00109604751051993,0.0541554312242802,0.894621935631538,0.102445266288364,0.00293279808009819,0.999999990572562
0.00113202642650527,0.0537267274223556,0.895433093725911,0.101680357703467,0.00288654857062233,0.999999990567772
0.0011691863883696,0.0533013552956168,0.896238311198446,0.100920667011874,0.00284102178967983,0.999999990563023
0.00120756616519004,0.0528792900788366,0.89703762645725,0.100166166927826,0.00279620661492355,0.999999990558316
0.00124720579867956,0.0524605071691671,0.897831077752272,0.0994168301571218,0.00275209209060621,0.99999999055365
0.00128814664496261,0.0520449821255334,0.898618703174144,0.0986726294006444,0.00270866742521125,0.999999990549024
0.00133043141772207,0.0516326906680182,0.899400540653076,0.0979335373578112,0.00266592198911264,0.999999990544437
0.00137410423276252,0.0512236086772379,0.90017662795779,0.0971995267299443,0.00262384531226578,0.999999990539891
0.00141921065403636,0.0508177121937096,0.900947002694508,0.0964705702235654,0.00258242708192691,0.999999990535384
0.00146579774118084,0.0504149774172104,0.901711702305981,0.0957466405536166,0.00254165714040205,0.999999990530916
0.0015139140986154,0.0500153807061289,0.902470764070568,0.0950277104466071,0.00250152548282531,0.999999990526486
0.00156360992625089,0.049618898576809,0.903224225101347,0.0943137526436873,0.00246202225496533,0.999999990522095
0.00161493707186316,0.0492255077028871,0.903972122345286,0.0936047399036529,0.00242313775106065,0.999999990517741
0.00166794908518602,0.0488351849146218,0.904714492582439,0.0929006450058781,0.00238486241168276,0.999999990513425
0.0017227012737798,0.0484479071982174,0.905451372425192,0.0922014407531804,0.00234718682162721,0.999999990509146
0.00177925076073385,0.0480636516951424,0.906182798317548,0.0915070999746184,0.00231010170783316,0.999999990504904
0.00183765654426318,0.0476823957014394,0.90690880653445,0.090817595528222,0.00227359793732844,0.999999990500698
0.0018979795592615,0.0473041166670326,0.907629433181138,0.0901329003036583,0.00223766651520342,0.999999990496529
0.00196028274087464,0.0469287921950275,0.908344714192556,0.0894529872248335,0.00220229858261073,0.999999990492395
0.00202463109016106,0.0465564000410069,0.909054685332778,0.0887778292524305,0.00216748541479163,0.999999990488297
0.00209109174190749,0.046186918112322,0.909759382194485,0.0881073993863858,0.00213321841912906,0.999999990484234
0.00215973403467091,0.045820324467378,0.91045884019847,0.0874416706683048,0.00209948913322563,0.999999990480206
0.00223062958311957,0.0454565973149174,0.911153094593174,0.0867806161838175,0.00206628922300868,0.999999990476213
0.00230385235274878,0.0450957150132969,0.911842180454266,0.0861242090648751,0.00203361048085929,0.999999990472254
0.00237947873704927,0.0447376560697621,0.912526132684243,0.0854724224919893,0.00200144482376745,0.999999990468328
0.0024575876372087,0.0443823991397188,0.913204986012074,0.0848252296964142,0.00196978429151173,0.999999990464437
0.00253826054442948,0.0440299230259996,0.913878774992864,0.0841826039622726,0.00193862104486334,0.999999990460578
0.00262158162494871,0.0436802066781289,0.914547534007557,0.083544518628628,0.00190794736381493,0.999999990456753
0.00270763780784902,0.0433332291915839,0.915211297262665,0.0829109470915019,0.00187775564583292,0.99999999045296
0.00279651887575192,0.0429889698070536,0.915870098790027,0.0822818628058388,0.00184803840413417,0.9999999904492
0.00288831755848819,0.042647407909695,0.916523972446596,0.0816572392874189,0.00181878826598553,0.999999990445472
0.00298312962984313,0.0423085230283871,0.917172951914253,0.08103705011472,0.00178999797102711,0.999999990441776
0.00308105400747763,0.0419722948349828,0.917817070699653,0.0804212689307293,0.00176166036961817,0.999999990438111
0.00318219285612913,0.0416387031435586,0.918456362134089,0.0798098694447054,0.00173376842120593,0.999999990434478
0.0032866516942004,0.0413077279096635,0.91909085937339,0.079202825433893,0.001706315192717,0.999999990430876
0.00339453950384709,0.0409793492295651,0.91972059539784,0.0786001107451892,0.00167929385697048,0.999999990427304
0.00350596884467913,0.0406535473394948,0.920345603012124,0.0780016992967632,0.00165269769111322,0.999999990423763
0.00362105597119437,0.0403303026148924,0.920965914845292,0.0774075650796313,0.00162652007507678,0.999999990420252
0.00373992095406725,0.0400095955696487,0.921581563350759,0.0768176821591855,0.00160075449005594,0.999999990416771
0.00386268780541876,0.0396914068553476,0.922192580806313,0.0762320246766789,0.00157539451700814,0.999999990413319
0.00398948460819862,0.0393757172605076,0.922798999314158,0.0756505668506679,0.00155043383517368,0.999999990409897
0.00412044364981452,0.0390625077098223,0.923400850800972,0.075073282978411,0.00152586622061675,0.999999990406504
0.00425570156014788,0.0387517592634006,0.923998167017986,0.074500147437227,0.00150168554478713,0.99999999040314
0.00439539945410012,0.038443453116007,0.924590979541087,0.0739311346858112,0.00147788577310139,0.999999990399804
0.00453968307881823,0.0381375705963008,0.925179319770943,0.0733662192655124,0.0014544609635446,0.999999990396497
0.00468870296575304,0.037834093166076,0.925763218933139,0.0728053758015693,0.00143140526529133,0.999999990393218
0.00484261458770911,0.0375330024195007,0.926342708078345,0.0722485790043094,0.00140871291734594,0.999999990389966
0.00500157852104985,0.0372342800823572,0.926917818082488,0.0716958036703092,0.00138637824720257,0.999999990386743
0.00516576061322719,0.0369379080112825,0.927488579646959,0.0711470246835172,0.0013643956695239,0.999999990383546
0.00533533215581069,0.036643868193008,0.928055023298822,0.0706022170163405,0.00134275968483778,0.999999990380377
0.00551047006319642,0.0363521427436011,0.928617179391051,0.0700613557306952,0.00132146487825355,0.999999990377235
0.00569135705718213,0.0360627139077073,0.929175078102782,0.0695244159790224,0.00130050591819605,0.999999990374119
0.0058781818576014,0.0357755640577915,0.929728749439574,0.0689913730052687,0.00127987755515714,0.999999990371029
0.00607113937921545,0.0354906756933826,0.930278223233701,0.0684622021458333,0.00125957462046597,0.999999990367966
0.00627043093506823,0.0352080314403172,0.930823529144442,0.0679368788304823,0.00123959202507599,0.999999990364929
0.00647626444651671,0.0349276140499843,0.931364696658401,0.0674153785832295,0.00121992475836952,0.999999990361917
0.00668885466015583,0.0346494063985727,0.931901755089834,0.0668976770231862,0.00120056788697966,0.999999990358931
0.00690842337186408,0.0343733914863181,0.932434733580992,0.0663837498653787,0.00118151655362878,0.99999999035597
0.00713519965820367,0.0340995524367519,0.93296366110248,0.0658735729215366,0.00116276597598357,0.999999990353034
0.00736942011541665,0.0338278724959518,0.933488566453624,0.0653671221008491,0.00114431144552728,0.999999990350123
0.00761132910626638,0.0335583350317933,0.93400947826286,0.0648643734106933,0.00112614832644667,0.999999990347236
0.00786117901498177,0.0332909235332033,0.93452642498813,0.0643653029573328,0.0011082720545369,0.999999990344374
0.00811923051057029,0.033025621609415,0.935039434917291,0.0638698869465883,0.00109067813612086,0.999999990341536
0.00838575281877464,0.0327624129892243,0.935548536168536,0.0633781016844802,0.00107336214698417,0.999999990338721
0.0086610240029566,0.0325012815202484,0.93605375669083,0.0628899235778439,0.00105631973132646,0.999999990335931
0.00894533125420117,0.0322422111681862,0.936555124264355,0.0624053291349185,0.00103954660072693,0.999999990333164
0.00923897119094376,0.0319851860160801,0.937052666500965,0.0619242949659096,0.00102303853312537,0.99999999033042
0.00954225016843284,0.0317301902635808,0.937546410844656,0.061446797783526,0.00100679137181781,0.9999999903277
0.00985548459835118,0.0314772082262125,0.938036384572042,0.0609728144034917,0.00099080102446665,0.999999990325002
