1e-07,0.400478272072841,0.38125315623565,0.436537143383018,0.182209700381332,0.999999996679963
1.03282605511167e-07,0.398611173323906,0.383461272991019,0.43585510737015,0.180683619638831,0.999999996628177
1.06672966011754e-07,0.396729003853361,0.385693628308638,0.435154735676003,0.17915163601536,0.999999996576298
1.10174618672982e-07,0.394832170264567,0.387949892558386,0.434435874354094,0.17761423308752,0.999999996524341
1.13791216777448e-07,0.392921085418893,0.390229724219524,0.433698380723167,0.176071895057309,0.999999996472323
1.17526533530609e-07,0.390996167851872,0.392532770363826,0.432942123568603,0.174525106067571,0.999999996420258
1.21384465997369e-07,0.389057841190928,0.394858667149902,0.432166983318341,0.172974349531757,0.999999996368162
1.25369039167899e-07,0.387106533576404,0.397207040326998,0.431372852193197,0.171420107479805,0.999999996316049
1.29484410156922e-07,0.385142677087582,0.399577505746633,0.430559634331569,0.169862859921797,0.999999996263936
1.33734872540836e-07,0.383166707175258,0.401969669880416,0.429727245888651,0.168303084230932,0.999999996211836
1.38124860837214e-07,0.38117906210237,0.404383130342452,0.428875615110355,0.166741254547193,0.999999996159763
1.42658955131348e-07,0.379180182394083,0.40681747641478,0.428004682382273,0.165177841202947,0.999999996107733
1.47341885854664e-07,0.377170510298623,0.409272289574329,0.427114400254095,0.163613310171575,0.999999996055759
1.52178538719987e-07,0.375150489260064,0.411747144019946,0.426204733439979,0.162048122540075,0.999999996003853
1.57173959818823e-07,0.373120563404166,0.414241607198102,0.425275658795464,0.160482734006434,0.99999999595203
1.62333360885955e-07,0.371081177038254,0.416755240325947,0.424327165271598,0.158917594402455,0.999999995900303
1.67662124736861e-07,0.369032774166034,0.419287598910459,0.423359253847014,0.157353147242528,0.999999995848684
1.73165810883613e-07,0.366975798018128,0.421838233262503,0.422371937438737,0.15578982929876,0.999999995797184
1.78850161335136e-07,0.364910690599021,0.424406689004678,0.421365240792602,0.15422807020272,0.999999995745817
1.84721106587855e-07,0.362837892251005,0.426992507571918,0.420339200354153,0.152668292073929,0.999999995694593
1.90784771812997e-07,0.360757841235611,0.429595226703894,0.419293864120989,0.151110909175117,0.999999995643524
1.97047483246998e-07,0.358670973332925,0.432214380928315,0.41822929147752,0.149556327594164,0.99999999559262
2.03515774791681e-07,0.356577721459095,0.434849502034341,0.417145553013129,0.14800494495253,0.999999995541893
2.10196394831087e-07,0.354478515302259,0.43750011953535,0.416042730324782,0.146457150139868,0.999999995491351
2.17096313272088e-07,0.352373780977016,0.440165761120432,0.414920915805103,0.144913323074465,0.999999995441005
2.24222728816098e-07,0.350263940697518,0.442845953093998,0.413780212416967,0.143373834489035,0.999999995390865
2.31583076469505e-07,0.348149412469156,0.445540220803013,0.412620733455662,0.141839045741325,0.999999995340939
2.39185035300624e-07,0.346030609798773,0.448248089051401,0.411442602299651,0.140309308648947,0.999999995291236
2.47036536451289e-07,0.343907941423255,0.450969082501252,0.410245952150985,0.138784965347763,0.999999995241763
2.55145771411436e-07,0.341781811056297,0.453702726060514,0.409030925766378,0.137266348173108,0.99999999519253
2.63521200565298e-07,0.339652617153086,0.456448545256931,0.407797675179965,0.135753779563104,0.999999995143545
2.72171562018149e-07,0.33752075269261,0.459206066598036,0.406546361418708,0.134247571983256,0.999999995094812
2.81105880712787e-07,0.335386604977226,0.461974817917054,0.405277154211439,0.132748027871507,0.999999995046341
2.9033347784528e-07,0.333250555449118,0.464754328704656,0.403990231692451,0.131255439602893,0.999999994998138
2.99863980589793e-07,0.33111297952321,0.467544130426507,0.402685780100565,0.129770089472927,0.999999994950208
3.09707332142639e-07,0.32897424643609,0.470343756826643,0.401363993474533,0.128292249698824,0.999999994902558
3.19873802096042e-07,0.326834719110469,0.473152744216723,0.400025073345616,0.126822182437661,0.999999994855193
3.30373997152427e-07,0.324694754034662,0.475970631751255,0.398669228428167,0.125360139820578,0.999999994808118
3.41218872190416e-07,0.322554701156593,0.478796961688932,0.39729667430895,0.123906364002118,0.999999994761339
3.52419741694082e-07,0.320414903791778,0.481631279640239,0.395907633135965,0.122461087223795,0.99999999471486
3.63988291557374e-07,0.318275698544745,0.484473134801529,0.39450233330745,0.12102453189102,0.999999994668686
3.7593659127604e-07,0.316137415243349,0.487322080175792,0.393081009161718,0.11959691066249,0.999999994622821
3.88277106539761e-07,0.314000376885409,0.490177672780364,0.391643900668453,0.118178426551182,0.999999994577267
4.01022712237636e-07,0.31186489959713,0.493039473841846,0.390191253122046,0.116769273036107,0.99999999453203
4.14186705890581e-07,0.30973129260274,0.495907048978514,0.388723316837491,0.115369634183994,0.999999994487112
4.27782821524667e-07,0.307599858204781,0.498779968370533,0.387240346849372,0.113979684780095,0.999999994442516
4.41825243999864e-07,0.305470891774526,0.501657806918286,0.385742602614377,0.112599590467338,0.999999994398245
4.56328623809131e-07,0.303344681751953,0.504540144389149,0.384230347717796,0.111229507893055,0.999999994354301
4.71308092363324e-07,0.301221509654759,0.507426565553057,0.382703849584367,0.109869584862576,0.999999994310687
4.86779277777819e-07,0.299101650095881,0.510316660307193,0.381163379193852,0.108519960498955,0.999999994267404
5.02758321177375e-07,0.296985370809006,0.513210023790169,0.379609210801652,0.10718076540818,0.999999994224455
5.19261893536195e-07,0.29487293268158,0.516106256486041,0.378041621664759,0.1058521218492,0.999999994181841
5.36307213070806e-07,0.292764589794814,0.519004964318531,0.376460891773309,0.10453414390816,0.999999994139563
5.53912063203856e-07,0.290660589470218,0.521905758735803,0.374867303587957,0.10322693767624,0.999999994097623
5.72094811117606e-07,0.288561172322201,0.524808256786157,0.373261141783284,0.101930601430559,0.999999994056022
5.90874426916454e-07,0.286466572316292,0.527712081185002,0.371642692997413,0.100645225817585,0.99999999401476
6.10270503418493e-07,0.284377016832555,0.53061686037346,0.370012245587969,0.0993708940385707,0.999999993973838
6.30303276596736e-07,0.28229272673378,0.533522228568956,0.368370089394527,0.0981076820365167,0.999999993933257
6.50993646691368e-07,0.280213916438051,0.536427825808134,0.366716515507631,0.0968556586842355,0.999999993893016
6.72363200015008e-07,0.278140793995314,0.539333297982453,0.365051816044467,0.0956148859730802,0.999999993853117
6.94434231473761e-07,0.27607356116758,0.542238296866788,0.363376283931263,0.0943854192019488,0.999999993813558
7.17229767827552e-07,0.274012413512412,0.545142480141373,0.36169021269243,0.093167307166197,0.99999999377434
7.40773591713991e-07,0.271957540469356,0.548045511407402,0.359993896246484,0.0919605923461139,0.999999993735463
7.65090266460866e-07,0.269909125449014,0.550947060196614,0.358287628708744,0.0907653110946418,0.999999993696925
7.90205161713115e-07,0.267867345924445,0.553846801975155,0.356571704200799,0.089581493824046,0.999999993658727
8.16144479901037e-07,0.265832373524615,0.556744418142031,0.354846416666708,0.0884091651912611,0.999999993620867
8.42935283577358e-07,0.263804374129616,0.559639596022429,0.353112059695909,0.0872483442816615,0.999999993583346
8.70605523651641e-07,0.261783507967415,0.562532028856198,0.351368926352775,0.0860990447910271,0.999999993546162
8.99184068551557e-07,0.259769929711867,0.565421415781761,0.349617309012745,0.0849612752054941,0.999999993509313
9.28700734341368e-07,0.25776378858179,0.568307461815718,0.347857499204983,0.0838350389792984,0.9999999934728
9.59186315829108e-07,0.255765228440868,0.571189877828405,0.346089787461455,0.0827203347101401,0.99999999343662
9.90672618694879e-07,0.253774387898185,0.574068380515641,0.344314463172348,0.0816171563120113,0.999999993400773
1.02319249267378e-06,0.251791400409215,0.576942692366919,0.342531814447731,0.0805254931853498,0.999999993365257
1.05677986582814e-06,0.249816394377067,0.579812541630259,0.340742127985348,0.0794453303843926,0.99999999333007
1.09146977994472e-06,0.247849493253842,0.582677662273939,0.338945688944438,0.0783766487816226,0.999999993295211
1.12729842709391e-06,0.24589081564194,0.58553779394533,0.33714278082546,0.0773194252292096,0.999999993260679
1.164303187389e-06,0.243940475395171,0.588392681927024,0.335333685355609,0.0762736327173666,0.999999993226472
1.20252266798493e-06,0.241998581719543,0.591242077090462,0.33351868237999,0.0752392405295481,0.999999993192587
1.24199674335724e-06,0.2400652392736,0.594085735847234,0.331698049758332,0.0742162143944344,0.999999993159024
1.2827665969032e-06,0.238140548268203,0.596923420098245,0.329872063267104,0.073204516634651,0.99999999312578
1.32487476390855e-06,0.23622460456564,0.599754897180908,0.328040996506903,0.0722041063121884,0.999999993092854
1.36836517592468e-06,0.234317499777982,0.602579939814526,0.326205120814983,0.0712149393704902,0.999999993060244
1.41328320660248e-06,0.232419321364583,0.605398326044026,0.324364705182781,0.0702369687731924,0.999999993027946
1.45967571903081e-06,0.230530152728656,0.608209839182187,0.322520016178314,0.0692701446394995,0.999999992995961
1.50759111462889e-06,0.228650073312847,0.611014267750501,0.320671317873303,0.0683144143761959,0.999999992964284
1.55707938364357e-06,0.226779158693738,0.613811405418817,0.318818871774891,0.0673697228062919,0.999999992932916
1.6081921573043e-06,0.224917480675226,0.616601050943863,0.316962936761821,0.0664360122943158,0.999999992901852
1.66098276169013e-06,0.223065107380726,0.619383008106813,0.315103769024922,0.0655132228682644,0.999999992871091
1.71550627336491e-06,0.221222103344134,0.622157085649967,0.313241622011799,0.0646012923382345,0.999999992840631
1.77181957683881e-06,0.219388529599536,0.624923097212686,0.311376746375556,0.0637001564117582,0.99999999281047
1.82998142391606e-06,0.217564443769598,0.627680861266675,0.309509389927454,0.0628097488058713,0.999999992780605
1.89005249499087e-06,0.215749900152622,0.630430201050707,0.307639797593343,0.0619300013559505,0.999999992751034
1.95209546235539e-06,0.213944949808235,0.633170944504884,0.305768211373762,0.0610608441213544,0.999999992721755
2.01617505558591e-06,0.21214964064169,0.635902924204527,0.303894870307566,0.0602022054879074,0.999999992692766
2.08235812907536e-06,0.210364017486751,0.638625977293772,0.302020010438954,0.0593540122672744,0.999999992664063
2.15071373178262e-06,0.208588122187159,0.641339945418947,0.300143864787787,0.0585161897932655,0.999999992635646
2.22131317927155e-06,0.206821993676656,0.644044674661814,0.29826666332306,0.0576886620151263,0.99999999260751
2.2942301281146e-06,0.205065668057561,0.646740015472733,0.296388632939411,0.0568713515878561,0.999999992579655
2.36954065273895e-06,0.203319178677896,0.64942582260382,0.294509997436568,0.0560641799596126,0.999999992552078
2.44732332479511e-06,0.201582556207048,0.652101955042156,0.292630977501591,0.0552670674562529,0.999999992524776
2.52765929513092e-06,0.199855828709977,0.654768275943111,0.290751790693823,0.0544799333630653,0.999999992497748
2.61063237845642e-06,0.198139021719962,0.657424652563825,0.288872651432425,0.0537026960037494,0.99999999247099
2.69632914078795e-06,0.196432158309898,0.660070956196904,0.286993770986396,0.0529352728167,0.9999999924445
2.78483898976267e-06,0.194735259162137,0.662707062104378,0.28511535746697,0.0521775804286517,0.999999992418276
2.87625426791775e-06,0.193048342636891,0.665332849451961,0.283237615822296,0.0514295347257429,0.999999992392316
2.9706703490316e-06,0.1913714248392,0.667948201243656,0.281360747834288,0.0506910509220564,0.999999992366617
3.06818573762752e-06,0.189704519684479,0.670553004256737,0.279484952117568,0.0499620436256948,0.999999992341177
3.16890217174373e-06,0.188047638962645,0.67314714897716,0.27761042412039,0.0492424269024499,0.999999992315993
3.27292472907689e-06,0.186400792400858,0.675730529535407,0.27573735612747,0.0485321143371233,0.999999992291064
3.38036193660993e-06,0.184763987724867,0.678303043642823,0.27386593726462,0.0478310190925569,0.999999992266386
3.49132588383849e-06,0.183137230718988,0.680864592528455,0.271996353505114,0.0471390539664315,0.999999992241958
3.60593233971418e-06,0.181520525284734,0.683415080876422,0.270128787677689,0.0464561314458893,0.999999992217777
3.7243008734266e-06,0.179913873498097,0.685954416763845,0.268263419476116,0.0457821637600387,0.999999992193841
3.84655497915016e-06,0.17831727566552,0.688482511599357,0.266400425470245,0.0451170629303981,0.999999992170147
3.97282220488582e-06,0.176730730378567,0.6909992800622,0.264539979118467,0.0444607408193334,0.999999992146694
4.10323428553227e-06,0.175154234567297,0.69350464004195,0.262682250781505,0.043813109176545,0.999999992123478
4.23792728032526e-06,0.173587783552395,0.695998512578869,0.260827407737473,0.0431740796836584,0.999999992100499
4.37704171478848e-06,0.172031371096037,0.698480821804899,0.258975614198128,0.0425435639969731,0.999999992077752
4.52072272734421e-06,0.17048498945155,0.700951494885322,0.257127031326256,0.041921473788422,0.999999992055237
4.66912022073661e-06,0.16894862941185,0.703410461961092,0.255281817254116,0.0413077207847922,0.99999999203295
4.82238901842554e-06,0.167422280356713,0.705857656091836,0.253440127102902,0.040702216805262,0.999999992010891
4.9806890261143e-06,0.165905930298865,0.708293013199569,0.251602113003132,0.0401048737972995,0.999999991989055
5.14418539857963e-06,0.164399565928947,0.710716472013082,0.249767924115942,0.0395156038709766,0.999999991967442
5.31304871197807e-06,0.162903172659344,0.713127974013057,0.247937706655199,0.0389343193317439,0.999999991946049
5.48745514180847e-06,0.161416734666918,0.715527463377881,0.246111603910404,0.0383609327117157,0.999999991924874
5.6675866467163e-06,0.159940234934664,0.717914886930182,0.244289756270308,0.0377953567995105,0.999999991903915
5.85363115833159e-06,0.158473655292304,0.720290194084084,0.242472301247222,0.0372375046686934,0.999999991883169
6.04578277733839e-06,0.157016976455839,0.722653336793187,0.240659373501949,0.0366872897048641,0.999999991862635
6.2442419759805e-06,0.155570178066083,0.725004269499268,0.238851104869298,0.0361446256314344,0.99999999184231
6.44921580721465e-06,0.154133238726212,0.727342949081715,0.237047624384147,0.0356094265341388,0.999999991822193
6.66091812072936e-06,0.152706136038315,0.729669334807688,0.235249058307995,0.0350816068843171,0.999999991802281
6.87956978605476e-06,0.151288846639004,0.731983388283005,0.233455530155982,0.0345610815610126,0.999999991782572
7.10539892299639e-06,0.149881346234083,0.734285073403758,0.231667160724318,0.0340477658719238,0.999999991763064
7.33864113963309e-06,0.148483609632296,0.736574356308655,0.229884068118097,0.0335415755732476,0.999999991743755
7.57953977812749e-06,0.147095610778183,0.738851205332088,0.228106367779458,0.033042426888454,0.999999991724644
7.82834616860541e-06,0.145717322784054,0.741115590957918,0.226334172516055,0.0325502365260264,0.999999991705727
8.0853198913693e-06,0.144348717961106,0.743367485773993,0.224567592529803,0.0320649216962042,0.999999991687004
8.35072904771889e-06,0.142989767849699,0.745606864427364,0.222806735445872,0.0315864001267634,0.999999991668472
8.62485053966196e-06,0.141640443248816,0.747833703580235,0.221051706341897,0.0311145900778679,0.999999991650129
8.90797035880684e-06,0.140300714244709,0.750047981866605,0.219302607777371,0.0306494103560235,0.999999991631974
9.20038388473819e-06,0.138970550238772,0.752249679849626,0.217559539823204,0.0301907803271696,0.999999991614004
9.50239619318715e-06,0.137649919974639,0.754438779979659,0.215822600091404,0.0297386199289369,0.999999991596218
9.81432237431766e-06,0.136338791564539,0.756615266553023,0.214091883764874,0.0292928496821025,0.999999991578614
1.01364878614607e-05,0.135037132514915,0.758779125671442,0.212367483627287,0.0288533907012711,0.99999999156119
1.04692287706399e-05,0.133744909751322,0.760930345202168,0.210649490093019,0.0284201647048126,0.999999991543944
1.08128922512416e-05,0.132462089642645,0.763068914738791,0.208937991237127,0.0279930940240817,0.999999991526874
1.11678368481974e-05,0.131188638024612,0.765194825562723,0.207233072825331,0.0275721016119467,0.999999991509978
1.15344328760545e-05,0.129924520222657,0.767308070605343,0.205534818344002,0.0271571110506559,0.999999991493256
1.19130628053258e-05,0.128669701074125,0.769408644410813,0.203843309030124,0.0267480465590631,0.999999991476704
1.23041216615222e-05,0.127424144949848,0.771496543099544,0.202158623901215,0.0263448329992408,0.999999991460322
1.27080174372841e-05,0.126187815775094,0.773571764332312,0.200480839785187,0.0259473958825011,0.999999991444107
1.31251715180404e-05,0.124960677049917,0.775634307275017,0.198810031350133,0.0255556613748505,0.999999991428058
1.35560191216418e-05,0.123742691868912,0.777684172564076,0.197146271134024,0.0251695563018997,0.999999991412173
1.40010097524237e-05,0.122533822940399,0.77972136227245,0.195489629574302,0.0247890081532483,0.999999991396451
1.44606076701759e-05,0.121334032605043,0.781745879876285,0.193840175037345,0.0244139450863703,0.999999991380889
1.49352923745053e-05,0.12014328285392,0.783757730222174,0.192197973847813,0.0240442959300139,0.999999991365487
1.54255591050998e-05,0.118961535346058,0.785756919495026,0.190563090317832,0.0236799901871421,0.999999991350242
1.59319193584122e-05,0.117788751425447,0.787743455186535,0.188935586776038,0.0233209580374279,0.999999991335153
1.64549014213061e-05,0.116624892137544,0.789717346064239,0.187315523596436,0.0229671303393259,0.999999991320219
1.6995050922219e-05,0.115469918245282,0.791678602141172,0.185702959227091,0.0226184386317364,0.999999991305438
1.75529314004175e-05,0.114323790244593,0.793627234646093,0.184097950218627,0.0222748151352797,0.999999991290808
1.8129124893939e-05,0.113186468379458,0.795563255994282,0.182500551252521,0.0219361927531974,0.999999991276328
1.87242325468339e-05,0.112057912656496,0.797486679758906,0.180910815169197,0.021602505071897,0.999999991261996
1.933887523634e-05,0.110938082859107,0.799397520642941,0.179328792995904,0.0212736863611548,0.99999999124781
1.99736942206459e-05,0.109826938561174,0.801295794451646,0.177754533974361,0.0209496715739931,0.999999991233771
2.06293518079165e-05,0.108724439140337,0.803181518065572,0.176188085588183,0.0206303963462457,0.999999991219874
2.13065320472813e-05,0.107630543790854,0.805054709414116,0.174629493590059,0.020315796995825,0.999999991206121
2.20059414425039e-05,0.106545211536054,0.806915387449599,0.173078802028694,0.0200058105217064,0.999999991192508
2.27283096890798e-05,0.105468401240389,0.808763572121862,0.171536053275496,0.0197003746026412,0.999999991179035
2.34743904355287e-05,0.104400071621115,0.810599284353382,0.170001288051007,0.0193994275956114,0.9999999911657
2.42449620696783e-05,0.103340181259576,0.812422546014886,0.168474545451076,0.0191029085340385,0.999999991152501
2.50408285307579e-05,0.102288688612143,0.814233379901474,0.166955862972766,0.0188107571257594,0.999999991139438
2.58628201481505e-05,0.101245552020774,0.81603180970923,0.165445276539992,0.0185229137507778,0.99999999112651
2.67117945076771e-05,0.100210729723248,0.81781786001231,0.163942820528885,0.0182393194588059,0.999999991113713
2.75886373463177e-05,0.0991841798630406,0.819591556240522,0.162448527792875,0.0179599159666032,0.999999991101048
2.8494263476304e-05,0.0981658604988791,0.821352924657368,0.160962429687505,0.0176846456551266,0.999999991088513
2.94296177395436e-05,0.0971557296139734,0.823101992338551,0.159484556094951,0.0174134515664981,0.999999991076107
3.03956759933773e-05,0.0961537451249313,0.824838787150939,0.158014935448259,0.017146277400802,0.999999991063828
3.13934461286925e-05,0.0951598648903691,0.826563337731981,0.1565535947553,0.0168830675127193,0.999999991051676
3.24239691214583e-05,0.0941740467192231,0.828275673469563,0.155100559622428,0.0166237669080091,0.999999991039648
3.34883201187784e-05,0.0931962483787719,0.829975824482302,0.153655854277852,0.0163683212398458,0.999999991027744
3.45876095605948e-05,0.0922264276023745,0.83166382160027,0.152219501594711,0.0161166768050189,0.999999991015963
3.57229843382119e-05,0.091264542096933,0.833339696346138,0.150791523113857,0.0158687805400043,0.999999991004302
3.68956289908515e-05,0.0903105495500878,0.835003480916739,0.149371939066345,0.0156245800169151,0.999999990992762
3.8106766941485e-05,0.0893644076371495,0.836655208165039,0.147960768395623,0.015384023439338,0.999999990981341
3.93576617732339e-05,0.0884260740277779,0.838294911582508,0.146558028779429,0.0151470596380634,0.999999990970037
4.06496185476687e-05,0.0874955063924117,0.839922625281892,0.145163736651392,0.0149136380667158,0.99999999095885
4.19839851663829e-05,0.0865726624084577,0.841538383980375,0.143777907222334,0.0146837087972907,0.999999990947778
4.33621537772622e-05,0.0856574997662438,0.843142222983117,0.142400554501279,0.0144572225156041,0.999999990936821
4.47855622269155e-05,0.084749976174744,0.844734178167174,0.141031691316164,0.0142341305166618,0.999999990925976
4.62556955607834e-05,0.0838500493670802,0.846314285965793,0.139671329334255,0.0140143846999529,0.999999990915244
4.77740875724904e-05,0.0829576771058069,0.84788258335306,0.138319479082267,0.0137979375646734,0.999999990904622
4.93423224040549e-05,0.0820728171879854,0.849439107828916,0.136976149966196,0.0135847422048871,0.99999999089411
5.09620361986283e-05,0.0811954274500514,0.850983897404522,0.135641350290852,0.0133747523046251,0.999999990883707
5.26349188074876e-05,0.0803254657724844,0.852516990587965,0.134315087279102,0.0131679221329334,0.999999990873412
5.43627155530606e-05,0.0794628900842811,0.854038426370307,0.132997367090823,0.0129642065388694,0.999999990863223
5.61472290498255e-05,0.0786076583672406,0.855548244211973,0.131688194841572,0.0127635609464546,0.99999999085314
5.79903210849829e-05,0.0777597286600649,0.857046484029457,0.130387574620957,0.0125659413495865,0.999999990843161
5.98939145608622e-05,0.0769190590622815,0.858533186182351,0.129095509510735,0.0123713043069142,0.999999990833286
6.18599955010908e-05,0.076085607737991,0.8600083914607,0.127812001602618,0.012179606936682,0.999999990823513
6.38906151226174e-05,0.0752593329194463,0.861472141072652,0.126537052015804,0.0119908069115442,0.999999990813842
6.59878919757511e-05,0.0744401929104672,0.862924476632421,0.125270660914223,0.0118048624533557,0.999999990804272
6.81540141544502e-05,0.0736281460896959,0.864365440148549,0.12401282752351,0.0116217323279412,0.999999990794801
7.03912415791659e-05,0.0728231509136962,0.865795074012454,0.122763550147699,0.0114413758398465,0.999999990785429
7.27019083546226e-05,0.0720251659199035,0.867213420987269,0.121522826185654,0.0112637528270763,0.999999990776154
7.50884252049954e-05,0.0712341497294276,0.868620524196964,0.120290652147217,0.0110888236558189,0.999999990766976
7.75532819890234e-05,0.0704500610497138,0.870016427115736,0.1190670236691,0.0109165492151639,0.999999990757894
8.00990502976862e-05,0.0696728586770663,0.871401173557681,0.117851935530505,0.010746890911814,0.999999990748907
8.27283861371507e-05,0.0689025014990378,0.872774807666718,0.116645381668488,0.0105798106647936,0.999999990740014
8.54440326997885e-05,0.0681389484966895,0.874137373906778,0.115447355193064,0.0104152709001573,0.999999990731213
8.82488232261553e-05,0.0673821587467257,0.87548891705225,0.114257848402049,0.0102532345457011,0.999999990722506
9.11456839609173e-05,0.0666320914235062,0.876829482178665,0.113076852795658,0.0100936650256771,0.999999990713889
9.41376372058094e-05,0.0658887058009411,0.878159114653634,0.11190435909085,0.00993652625551633,0.999999990705362
9.722780447281e-05,0.0651519612542709,0.879477860128018,0.110740357235422,0.00978178263655972,0.999999990696926
0.000100419409740822,0.0644218172617367,0.880785764527327,0.109584836421873,0.00962939905080019,0.999999990688577
0.000103715782819255,0.0636982334061429,0.882082874043353,0.108437785101009,0.00947934085563823,0.999999990680317
0.00010712036282203,0.0629811693763162,0.883369235126019,0.10729919099533,0.00933157387865143,0.999999990672144
0.000110636701755609,0.0622705849684659,0.88464489447545,0.106169041112168,0.00918606441238191,0.999999990664057
0.000114268468224812,0.061566440087446,0.885909899034249,0.105047321756611,0.00904277920914055,0.999999990656055
0.000118019451260286,0.0608686947479253,0.887164295979982,0.103934018544186,0.00890168547583249,0.999999990648138
0.000121893564271606,0.0601773090754667,0.888408132717869,0.102829116413328,0.00876275086880278,0.999999990640305
0.000125894849130144,0.0594922433075211,0.889641456873664,0.10173259963763,0.00862594348870609,0.999999990632554
0.000130027480385966,0.0588134577943362,0.890864316286727,0.100644451837873,0.00849123187539946,0.999999990624886
0.000134295769623147,0.058140912999786,0.89207675900329,0.0995646559938489,0.00835858500286153,0.999999990617299
0.000138704169958061,0.057474569502123,0.893278833269892,0.0984931944559706,0.00822797227413771,0.999999990609793
0.000143257280685323,0.0568143879946553,0.894470587527003,0.097430048956684,0.00809936351631327,0.999999990602367
0.000147959852076248,0.0561603292863532,0.895652070402809,0.0963752006216746,0.00797272897551597,0.99999999059502
0.000152816790334818,0.0555123543023878,0.896823330707173,0.0953286299808792,0.00784803931194822,0.999999990587751
0.000157833162716338,0.0548704240846024,0.897984417425745,0.0942903169793055,0.00772526559494963,0.99999999058056
0.000163014202814114,0.0542344997919231,0.899135379714246,0.0932602409876614,0.00760437929809243,0.999999990573445
0.000168365316019676,0.0536045427007087,0.900276266892891,0.0922383808128002,0.00748535229430863,0.999999990566407
0.000173892085162232,0.0529805142050434,0.901407128440964,0.0912247147079845,0.00736815685105109,0.999999990559445
0.000179600276333251,0.0523623758169753,0.902528013991538,0.0902192203829729,0.00725276562548884,0.999999990552557
0.000185495844902237,0.0517500891667034,0.90363897332633,0.089221875013933,0.00713915165973689,0.999999990545743
0.000191584941729985,0.0511436160027147,0.904740056370693,0.0882326552531855,0.00702728837612195,0.999999990539003
0.00019787391958578,0.0505429181918757,0.905831313188733,0.0872515372387833,0.00691714957248406,0.999999990532335
0.000204369339775265,0.0499479577194788,0.906912793978557,0.0862784966039278,0.00680870941751489,0.999999990525739
0.000211077978985864,0.0493586966892481,0.907984549067637,0.0853135084862294,0.00670194244613338,0.999999990519215
0.000218006836356915,0.0487750973233058,0.909046628908288,0.084356547536813,0.00659682355489931,0.999999990512761
0.000225163140781888,0.0481971219621015,0.910099084073261,0.0834075879292754,0.00649332799746383,0.999999990506377
0.000232554358450312,0.0476247330643082,0.911141965251444,0.0824666033684956,0.0063914313800604,0.999999990500063
0.000240188200637262,0.0470578932066849,0.912175323243663,0.0815335670993048,0.00629110965703249,0.999999990493817
0.000248072631748554,0.0464965650839109,0.91319920895858,0.0806084519150177,0.00619233912640209,0.999999990487639
0.00025621587763003,0.0459407115083924,0.914213673408692,0.0796912301658308,0.00609509642547704,0.999999990481529
0.000264626434149599,0.0453902954100428,0.915218767706412,0.07878187376709,0.00599935852649781,0.999999990475485
0.000273313076060999,0.0448452798360418,0.916214543060242,0.0778803542074332,0.00590510273232515,0.999999990469508
0.000282284866158518,0.0443056279505717,0.917201050771023,0.0769866425568101,0.00581230667216667,0.999999990463596
0.000291551164732229,0.0437713030345374,0.918178342228271,0.0761007094743841,0.00572094829734535,0.999999990457749
0.000301121639333601,0.0432422684852664,0.919146468906574,0.0752225252163196,0.00563100587710662,0.999999990451967
0.000311006274861684,0.0427184878161977,0.920105482362073,0.0743520596434588,0.00554245799446827,0.999999990446248
0.000321215383980369,0.0421999246565552,0.921055434228999,0.0734892822288922,0.00545528354210907,0.999999990440592
0.000331759617877626,0.0416865427510119,0.921996376216276,0.0726341620654249,0.00536946171829944,0.999999990434999
0.000342649977377904,0.0411783059593448,0.922928360104183,0.0717866678729447,0.0052849720228724,0.999999990429468
0.000353897824419325,0.0406751782560828,0.92385143774107,0.0709467680056937,0.00520179425323597,0.999999990423998
0.000365514893907615,0.0401771237301496,0.924765661040126,0.0701144304594482,0.00511990850042547,0.999999990418589
0.000377513305959163,0.0396841065845032,0.925671081976192,0.0692896228786104,0.00503929514519801,0.99999999041324
0.000389905578545969,0.0391960911357737,0.926567752582619,0.0684723125632144,0.0049599348541665,0.999999990407951
0.000402704640555667,0.0387130418139013,0.927455724948173,0.0676624664758514,0.00488180857597566,0.999999990402721
0.000415923845280274,0.0382349231617763,0.928335051213965,0.0668600512485168,0.00480489753751787,0.999999990397549
0.000429576984347703,0.0377616998348816,0.929205783570427,0.0660650331893825,0.00472918324019034,0.999999990392436
0.000443678302110607,0.0372933366009415,0.93006797425431,0.0652773782894979,0.00465464745619257,0.99999999038738
0.000458242510507543,0.0368297983395754,0.930921675545713,0.0644970522294231,0.00458127222486385,0.999999990382381
0.000473284804411975,0.0363710500419611,0.93176693976514,0.0637240203857974,0.0045090398490624,0.999999990377438
0.00048882087748512,0.0359170568105059,0.932603819270571,0.0629582478378455,0.0044379328915832,0.999999990372551
0.000504866938549183,0.0354677838585299,0.933432366454557,0.0621996993738261,0.00436793417161684,0.99999999036772
0.00052143972849806,0.0350231965099604,0.934252633741327,0.0614483394974243,0.00429902676124821,0.999999990362943
0.000538556537763153,0.03458326019904,0.935064673583914,0.0607041324340913,0.00423119398199436,0.999999990358221
0.000556235224352518,0.0341479404700502,0.935868538461282,0.059967042137335,0.00416441940138274,0.999999990353552
0.000574494232482167,0.0337172029770497,0.936664280875469,0.059237032294963,0.00409868682956822,0.999999990348937
0.000593352611818965,0.0332910134836301,0.937451953348729,0.0585140663352816,0.00403398031598929,0.999999990344375
0.000612830037355189,0.0328693378626903,0.938231608420683,0.0577981074332537,0.00397028414606343,0.999999990339864
0.0006329468299355,0.0324521420962301,0.939003298645462,0.0570891185166167,0.00390758283792172,0.999999990335406
0.000653723977457721,0.0320393922751627,0.939767076588855,0.0563870622719647,0.0038458611391804,0.999999990330999
0.00067518315676957,0.0316310545991507,0.940522994825451,0.055691901150796,0.00378510402375264,0.999999990326642
0.000697346756284161,0.0312270953764615,0.941271105935774,0.0550035973755293,0.00372529668869688,0.999999990322336
0.000720237899337892,0.0308274810238483,0.942011462503407,0.0543221129454893,0.0036664245511036,0.99999999031808
0.000743880468315072,0.0304321780664529,0.942744117112114,0.0536474096428659,0.00360847324501999,0.999999990313874
0.00076829912956448,0.0300411531377338,0.943469122342943,0.0529794490386467,0.00355142861841044,0.999999990309716
0.000793519359133813,0.0296543729794198,0.944186530771317,0.0523181924985271,0.00349527673015628,0.999999990305606
0.00081956746934892,0.0292718044414887,0.944896394964112,0.0516636011887977,0.00344000384708985,0.999999990301545
0.000846470636265502,0.0288934144821733,0.945598767476721,0.0510156360822123,0.00338559644106718,0.999999990297531
0.000874256928021966,0.0285191701679937,0.946293700850088,0.050374257963837,0.00333204118607521,0.999999990293564
0.000902955334122976,0.0281490386738172,0.946981247607741,0.0497394274368831,0.00327932495537559,0.999999990289643
0.000932595795684277,0.0277829872829465,0.947661460252791,0.0491111049285242,0.00322743481868437,0.999999990285769
0.000963209236670323,0.0274209833872363,0.948334391264914,0.0484892506956993,0.00317635803938666,0.999999990281941
0.000994827596157334,0.0270629944872377,0.949000093097311,0.0478738248309033,0.00312608207178606,0.999999990278158
0.00102748386165541,0.0267089881923725,0.949658618173644,0.047264787267966,0.00307659455838953,0.999999990274419
0.00106121210352446,0.0263589322211354,0.950310018884955,0.0466620977878197,0.00302788332722559,0.999999990270725
0.00109604751051993,0.0260127944013274,0.950954347586543,0.0460657160242587,0.00297993638919802,0.999999990267075
0.00113202642650527,0.0256705426703162,0.95159165659484,0.0454756014696882,0.00293274193547216,0.999999990263469
0.0011691863883696,0.0253321450753289,0.952221998184238,0.0448917134808664,0.00288628833489572,0.999999990259905
0.00120756616519004,0.024997569773771,0.95284542458391,0.0443140112846388,0.00284056413145161,0.999999990256385
0.00124720579867956,0.0246667850335775,0.95346198797459,0.0437424539836655,0.00279555804174476,0.999999990252906
0.00128814664496261,0.0243397592335924,0.954071740485336,0.0431770005621424,0.00275125895252118,0.999999990249469
0.00133043141772207,0.0240164608639766,0.954674734190266,0.0426176098915157,0.00270765591821874,0.999999990246074
0.00137410423276252,0.0236968585266462,0.955271021105258,0.0420642407361909,0.00266473815855073,0.99999999024272
0.00141921065403636,0.023380920935739,0.955860653184643,0.0415168517592364,0.0026224950561208,0.999999990239407
0.00146579774118084,0.023068616918109,0.95644368231785,0.0409754015280811,0.00258091615406841,0.999999990236133
0.0015139140986154,0.0227599154138496,0.957020160326048,0.0404398485202058,0.00253999115374665,0.9999999902329
0.00156360992625089,0.0224547854768448,0.95759013895874,0.0399101511288297,0.00249970991243,0.999999990229706
0.00161493707186316,0.022153196275347,0.958153669890358,0.0393862676685898,0.00246006244105208,0.999999990226551
0.00166794908518602,0.0218551170925818,0.958710804716811,0.0388681563812151,0.00242103890197424,0.999999990223434
0.0017227012737798,0.0215605173273799,0.959261594952024,0.0383557754411924,0.00238262960678372,0.999999990220356
0.00177925076073385,0.0212693664948338,0.959806092024453,0.0378490829614262,0.00234482501412071,0.999999990217316
0.00183765654426318,0.0209816342269801,0.960344347273575,0.0373480369988898,0.00230761572753525,0.999999990214313
0.0018979795592615,0.0206972902735061,0.96087641194636,0.0368525955602679,0.00227099249337212,0.999999990211347
0.00196028274087464,0.0204163045024807,0.961402337193724,0.0363627166075906,0.0022349461986854,0.999999990208418
0.00202463109016106,0.0201386469011076,0.961922174066965,0.0358783580638557,0.0021994678691797,0.999999990205525
0.00209109174190749,0.0198642875765017,0.962435973514177,0.0353994778186418,0.00216454866718074,0.999999990202669
0.00215973403467091,0.0195931967564861,0.96294378637666,0.0349260337337078,0.00213017988963222,0.999999990199848
0.00223062958311957,0.0193253447904108,0.963445663385299,0.0344579836485799,0.00209635296612085,0.999999990197062
0.00230385235274878,0.0190607021499904,0.963941655156947,0.0339952853861249,0.00206305945692794,0.999999990194311
0.00237947873704927,0.0187992394301611,0.964431812190785,0.033537896758107,0.00203029105110763,0.999999990191594
0.0024575876372087,0.0185409273499559,0.964916184864679,0.0330857755707292,0.00199803956459135,0.999999990188912
0.00253826054442948,0.0182857367533964,0.965394823431526,0.0326388796301557,0.0019662969383186,0.999999990186263
0.00262158162494871,0.0180336386104013,0.965867778015591,0.0321971667480157,0.00193505523639341,0.999999990183648
0.00270763780784902,0.017784604017709,0.966335098608848,0.0317605947468866,0.00190430664426567,0.999999990181066
0.00279651887575192,0.0175386041998156,0.966796835067307,0.0313291214657546,0.00187404346693832,0.999999990178517
0.00288831755848819,0.0172956105099254,0.967253037107349,0.0309027047654521,0.00184425812719937,0.999999990176
0.00298312962984313,0.0170555944309123,0.967703754302053,0.0304813025340698,0.00181494316387743,0.999999990173515
0.00308105400747763,0.0168185275762938,0.968149036077535,0.0300648726923423,0.00178609123012263,0.999999990171062
0.00318219285612913,0.016584381691214,0.968588931709283,0.0296533731990052,0.00175769509171143,0.99999999016864
0.0032866516942004,0.0163531286534349,0.969023490318504,0.0292467620561223,0.00172974762537375,0.99999999016625
0.00339453950384709,0.0161247404743359,0.969452760868473,0.0288449973143813,0.00170224181714531,0.99999999016389
0.00350596884467913,0.01589918929992,0.969876792160902,0.0284480370783561,0.00167517076074198,0.99999999016156
0.00362105597119437,0.0156764474118239,0.970295632832309,0.0280558395117342,0.00164852765595675,0.999999990159261
0.00373992095406725,0.0154564872283342,0.970709331350412,0.0276683628425076,0.0016223058070804,0.999999990156991
0.00386268780541876,0.0152392813054049,0.971117936010533,0.0272855653681244,0.00159649862134273,0.999999990154751
0.00398948460819862,0.0150248023376783,0.971521494932021,0.0269074054606017,0.0015710996073774,0.99999999015254
0.00412044364981452,0.0148130231595049,0.971920056054698,0.0265338415715951,0.00154610237370737,0.999999990150357
0.00425570156014788,0.0146039167459649,0.972313667135323,0.0261648322374252,0.00152150062725223,0.999999990148203
0.00439539945410012,0.0143974562138862,0.972702375744084,0.0258003360840592,0.00149728817185658,0.999999990146078
0.00453968307881823,0.0141936148228613,0.973086229261117,0.0254403118320437,0.00147345890683944,0.99999999014398
0.00468870296575304,0.0139923659762591,0.973465274873046,0.0250847183013905,0.00145000682556379,0.999999990141909
0.00484261458770911,0.0137936832222326,0.973839559569562,0.0247335144164105,0.00142692601402732,0.999999990139866
0.00500157852104985,0.0135975402547202,0.974209130140032,0.0243866592104956,0.00140421064947241,0.99999999013785
0.00516576061322719,0.0134039109144396,0.974574033170137,0.0240441118308466,0.00138185499901625,0.99999999013586
0.00533533215581069,0.0132127691898737,0.974934315038554,0.0237058315431453,0.00135985341830105,0.999999990133897
0.00551047006319642,0.0130240892182475,0.975290021913668,0.0233717777361692,0.00133820035016294,0.999999990131959
0.00569135705718213,0.0128378452864937,0.975641199750333,0.0230419099263474,0.00131689032332006,0.999999990130048
0.0058781818576014,0.0126540118322074,0.975987894286665,0.0227161877622554,0.0012959179510797,0.999999990128162
0.00607113937921545,0.0124725634445881,0.976330151040888,0.0223945710290486,0.00127527793006383,0.999999990126301
0.00627043093506823,0.0122934748653688,0.976668015308216,0.0220770196528308,0.00125496503895343,0.999999990124465
0.00647626444651671,0.0121167209897294,0.977001532157791,0.0217634937049589,0.00123497413724989,0.999999990122653
0.00668885466015583,0.0119422768671958,0.977330746429664,0.0214539534062801,0.00121530016405574,0.999999990120866
0.00690842337186408,0.0117701177025222,0.977655702731827,0.0211483591313011,0.00119593813687164,0.999999990119103
0.00713519965820367,0.0116002188565555,0.9779764454373,0.0208466714122881,0.00117688315041148,0.999999990117364
0.00736942011541665,0.0114325558470826,0.978293018681269,0.0205488509432958,0.00115813037543467,0.999999990115648
0.00761132910626638,0.0112671043496576,0.97860546635828,0.0202548585841249,0.00113967505759516,0.999999990113955
0.00786117901498177,0.0111038401984096,0.978913832119488,0.0199646553642053,0.00112151251630693,0.999999990112285
0.00811923051057029,0.0109427393868296,0.979218159369967,0.0196782024864059,0.00110363814362661,0.999999990110638
0.00838575281877464,0.0107837780685362,0.97951849126608,0.0193954613307683,0.00108604740315207,0.999999990109013
0.0086610240029566,0.0106269325580186,0.979814870712899,0.0191163934581639,0.00106873582893671,0.999999990107411
0.00894533125420117,0.0104721793313562,0.980107340361707,0.0188409606138731,0.00105169902441965,0.99999999010583
0.00923897119094376,0.0103194950269159,0.980395942607541,0.0185691247310868,0.00103493266137253,0.999999990104271
0.00954225016843284,0.0101688564460238,0.980680719586813,0.0183008479343269,0.00101843247886033,0.999999990102733
