1e-09,0.951650607505098,0.017674905816093,0.0306744866788093,0.0306744866788093,0.920976120826288,0.999999999048349
1.02807322383086e-09,0.95162979762622,0.0176831842576012,0.0306870181161786,0.0306870181161787,0.920942779510042,0.999999999021655
1.05693455355799e-09,0.951608385829311,0.0176917027526555,0.0306999114180333,0.0306999114180333,0.920908474411278,0.999999998994212
1.0866061138546e-09,0.9515863541856,0.0177004684863946,0.0307131773280053,0.0307131773280053,0.920873176857595,0.999999998966
1.11711065050482e-09,0.951563684202336,0.0177094888719875,0.0307268269256762,0.0307268269256763,0.92083685727666,0.999999998936998
1.14847154784029e-09,0.951540356803328,0.0177187715586162,0.0307408716380556,0.0307408716380555,0.920799485165273,0.999999998907183
1.18071284666619e-09,0.951516352308714,0.0177283244397795,0.0307553232515065,0.0307553232515065,0.920761029057208,0.999999998876533
1.21385926269063e-09,0.951491650413929,0.0177381556619332,0.0307701939241382,0.0307701939241383,0.92072145648979,0.999999998845023
1.24793620547131e-09,0.951466230167828,0.0177482736334841,0.0307854961986883,0.0307854961986882,0.920680733969139,0.999999998812631
1.28296979789415e-09,0.951440069949932,0.0177586870341526,0.0308012430159151,0.0308012430159151,0.920638826934017,0.999999998779331
1.31898689619867e-09,0.951413147446749,0.0177694048247241,0.0308174477285274,0.0308174477285273,0.920595699718221,0.999999998745098
1.35601511056563e-09,0.951385439627121,0.0177804362572063,0.0308341241156726,0.0308341241156727,0.920551315511448,0.999999998709907
1.39408282628258e-09,0.951356922716573,0.0177917908854138,0.0308512863980137,0.0308512863980137,0.920505636318559,0.99999999867373
1.43321922550358e-09,0.95132757217058,0.017803478576,0.03086894925342,0.03086894925342,0.92045862291716,0.999999998636539
1.47345430961984e-09,0.951297362646736,0.0178155095199601,0.0308871278333035,0.0308871278333034,0.920410234813433,0.999999998598307
1.51481892225835e-09,0.951266267975742,0.0178278942446275,0.0309058377796306,0.0309058377796306,0.920360430196111,0.999999998559004
1.55734477292614e-09,0.951234261131168,0.0178406436261895,0.0309250952426428,0.0309250952426428,0.920309165888525,0.9999999985186
1.60106446131832e-09,0.95120131419793,0.017853768902749,0.0309449168993206,0.0309449168993206,0.92025639729861,0.999999998477065
1.64601150230855e-09,0.951167398339411,0.0178672816879597,0.0309653199726292,0.0309653199726293,0.920202078366782,0.999999998434368
1.69222035164104e-09,0.951132483763152,0.0178811939852657,0.030986322251582,0.030986322251582,0.92014616151157,0.999999998390474
1.7397264323438e-09,0.951096539685058,0.0178955182027758,0.0310079421121665,0.0310079421121666,0.920088597572891,0.999999998345352
1.78856616188346e-09,0.951059534292019,0.0179102671688077,0.0310301985391734,0.0310301985391733,0.920029335752846,0.999999998298967
1.83877698008233e-09,0.951021434702887,0.0179254541481364,0.031053111148977,0.031053111148977,0.91996832355391,0.999999998251284
1.89039737781922e-09,0.9509822069277,0.0179410928589855,0.031076700213315,0.031076700213315,0.919905506714385,0.999999998202266
1.94346692653602e-09,0.950941815825078,0.0179571974908016,0.03110098668412,0.03110098668412,0.919840829140958,0.999999998151876
1.99802630857255e-09,0.950900225057689,0.017973782722854,0.0311259922194573,0.0311259922194573,0.919774232838231,0.999999998100076
2.05411734835306e-09,0.950857397045666,0.0179908637437059,0.031151739210628,0.0311517392106281,0.919705657835038,0.999999998046827
2.11178304444824e-09,0.950813292917896,0.0180084562716052,0.0311782508104985,0.0311782508104985,0.919635042107398,0.999999997992089
2.17106760253726e-09,0.95076787246103,0.0180265765758464,0.0312055509631233,0.0312055509631234,0.919562321497907,0.999999997935819
2.23201646929523e-09,0.950721094066112,0.0180452414991583,0.0312336644347299,0.03123366443473,0.919487429631382,0.999999997877975
2.29467636723194e-09,0.950672914672683,0.0180644684811767,0.0312626168461408,0.0312626168461407,0.919410297826542,0.999999997818513
2.35909533050864e-09,0.950623289710227,0.0180842755830627,0.0312924347067107,0.0312924347067107,0.919330855003516,0.999999997757389
2.42532274176036e-09,0.9505721730368,0.018104681513336,0.0313231454498639,0.0313231454498639,0.919249027586936,0.999999997694556
2.49340936995188e-09,0.950519516874689,0.0181257056549902,0.0313547774703206,0.0313547774703206,0.919164739404369,0.999999997629966
2.56340740929651e-09,0.950465271742924,0.0181473680939694,0.0313873601631065,0.0313873601631064,0.919077911579818,0.99999999756357
2.63537051926739e-09,0.950409386386467,0.0181696896490848,0.0314209239644487,0.0314209239644487,0.918988462422018,0.999999997495319
2.70935386573205e-09,0.950351807701878,0.018192691903458,0.0314555003946641,0.031455500394664,0.918896307307214,0.99999999742516
2.78541416324176e-09,0.950292480659259,0.0182163972375844,0.0314911221031561,0.0314911221031561,0.918801358556103,0.999999997353042
2.86360971850811e-09,0.950231348220244,0.0182408288641136,0.0315278229156424,0.0315278229156425,0.918703525304602,0.999999997278908
2.94400047510004e-09,0.950168351251801,0.0182660108644547,0.0315656378837443,0.0315656378837442,0.918602713368057,0.999999997202704
3.0266480593957e-09,0.950103428435604,0.0182919682273178,0.0316046033370778,0.0316046033370777,0.918498825098527,0.999999997124371
3.11161582782436e-09,0.95003651617269,0.018318726889315,0.0316447569379955,0.0316447569379955,0.918391759234694,0.999999997043851
3.19896891543454e-09,0.949967548483112,0.0183463137777489,0.0316861377391387,0.0316861377391388,0.918281410743974,0.999999996961083
3.28877428582551e-09,0.949896456900299,0.0183747568557297,0.031728786243971,0.031728786243971,0.918167670656328,0.999999996876005
3.38110078248068e-09,0.949823170359754,0.0184040851697709,0.031772744470475,0.031772744470475,0.918050425889279,0.999999996788552
3.47601918154197e-09,0.94974761508177,0.0184343289000222,0.0318180560182079,0.0318180560182079,0.917929559063562,0.999999996698659
3.57360224606578e-09,0.949669714447757,0.0184655194133166,0.0318647661389258,0.0318647661389259,0.917804948308832,0.999999996606258
3.67392478180208e-09,0.949589388869787,0.0184976893192132,0.0319129218109999,0.031912921811,0.917676467058787,0.99999999651128
3.77706369453937e-09,0.949506555652895,0.018530872529239,0.0319625718178658,0.0319625718178658,0.917543983835029,0.999999996413653
3.88309804905961e-09,0.949421128849693,0.0185651043195442,0.032013766830763,0.032013766830763,0.91740736201893,0.999999996313305
3.99210912974805e-09,0.949333019106755,0.0186004213972027,0.0320665594960425,0.0320665594960424,0.917266459610712,0.999999996210159
4.10418050290471e-09,0.949242133502253,0.0186368619704084,0.0321210045273391,0.0321210045273391,0.917121128974913,0.999999996104139
4.21939808080502e-09,0.949148375374235,0.0186744658228378,0.0321771588029273,0.0321771588029273,0.916971216571308,0.999999995995165
4.33785018755898e-09,0.949051644138925,0.0187132743924697,0.0322350814686057,0.0322350814686057,0.916816562670319,0.999999995883156
4.45962762681909e-09,0.948951835098344,0.0187533308551773,0.0322948340464783,0.0322948340464784,0.916657001051866,0.999999995768028
4.58482375138911e-09,0.948848839236536,0.0187946802134329,0.0323564805500313,0.0323564805500314,0.916492358686504,0.999999995649695
4.71353453478692e-09,0.948742543003573,0.0188373693904939,0.0324200876059332,0.0324200876059332,0.91632245539764,0.999999995528069
4.8458586448165e-09,0.948632828086511,0.0188814473304684,0.032485724583021,0.0324857245830211,0.916147103503489,0.99999999540306
4.98189751920517e-09,0.948519571166338,0.0189269651046924,0.0325534637289701,0.0325534637289701,0.915966107437368,0.999999995274573
5.12175544336424e-09,0.948402643659927,0.0189739760248877,0.0326233803151855,0.0326233803151854,0.915779263344741,0.999999995142514
5.26553963033276e-09,0.948281911445897,0.0190225357636071,0.0326955527904963,0.0326955527904963,0.9155863586554,0.999999995006784
5.41336030296538e-09,0.9481572345732,0.0190727024825209,0.0327700629442786,0.0327700629442786,0.915387171628922,0.999999994867283
5.56533077842764e-09,0.94802846695117,0.0191245369691419,0.0328469960796879,0.0328469960796878,0.915181470871482,0.999999994723908
5.72156755506324e-09,0.947895456019623,0.0191781027826438,0.0329264411977333,0.0329264411977334,0.91496901482189,0.999999994576552
5.88219040169997e-09,0.94775804239753,0.0192334664094801,0.0330084911929902,0.0330084911929902,0.914749551204539,0.999999994425107
6.04732244946265e-09,0.947616059508609,0.0192906974295797,0.0330932430618114,0.0330932430618113,0.914522816446798,0.99999999426946
6.21709028616383e-09,0.947469333182069,0.0193498686939596,0.0331807981239717,0.0331807981239717,0.914288535058097,0.999999994109497
6.39162405334401e-09,0.947317681226561,0.0194110565146777,0.0332712622587608,0.0332712622587608,0.914046418967801,0.999999993945101
6.57105754603627e-09,0.94716091297525,0.0194743408681281,0.0333647461566221,0.0333647461566221,0.913796166818628,0.999999993776151
6.75552831533164e-09,0.946998828799684,0.0195398056127791,0.0334613655875368,0.0334613655875368,0.913537463212147,0.999999993602523
6.94517777382369e-09,0.946831219589993,0.0196075387225551,0.0335612416874522,0.0335612416874522,0.91326997790254,0.999999993424089
7.14015130401339e-09,0.94665786619865,0.0196776325371797,0.0336645012641705,0.0336645012641705,0.912993364934479,0.99999999324072
7.3405983697572e-09,0.94647853884484,0.0197501840309212,0.033771277124239,0.0337712771242389,0.912707261720601,0.999999993052281
7.5466726308439e-09,0.946292996476151,0.0198252951013262,0.0338817084225225,0.0338817084225226,0.912411288053629,0.999999992858637
7.75853206078784e-09,0.946100986084031,0.0199030728796772,0.0339959410362913,0.0339959410362913,0.91210504504774,0.999999992659645
7.97633906792928e-09,0.945902241969088,0.0199836300650888,0.0341141279658232,0.0341141279658231,0.911788114003265,0.999999992455163
8.20026061993413e-09,0.94569648495195,0.0200670852843435,0.0342364297637069,0.0342364297637069,0.911460055188243,0.999999992245042
8.43046837178897e-09,0.945483421524978,0.0201535634797857,0.0343630149952358,0.0343630149952359,0.911120406529743,0.999999992029132
8.66713879738922e-09,0.945262742939665,0.0202431963278297,0.0344940607325051,0.0344940607325052,0.91076868220716,0.999999991807277
8.9104533248215e-09,0.945034124224024,0.0203361226909005,0.0346297530850758,0.0346297530850759,0.910404371138948,0.999999991579318
9.16059847544369e-09,0.944797223123731,0.0204324891059267,0.0347702877703422,0.0347702877703422,0.910026935353389,0.999999991345092
9.41776600686954e-09,0.944551678960124,0.0205324503128327,0.0349158707270434,0.0349158707270434,0.90963580823308,0.999999991104433
9.6821530599671e-09,0.944297111397456,0.020636169826849,0.0350667187756949,0.0350667187756949,0.909230392621761,0.999999990857171
9.95396230998424e-09,0.944033119111036,0.0207438205588764,0.0352230603300877,0.0352230603300878,0.908810058780948,0.99999999060313
1.02334021219164e-08,0.943759278346981,0.0208555854886025,0.0353851361644168,0.0353851361644167,0.908374142182564,0.999999990342132
1.05206867102362e-08,0.94347514136335,0.0209716583955954,0.0355532002410542,0.0355532002410542,0.907921941122296,0.999999990073994
1.08160363031071e-08,0.943180234741321,0.0210922446541858,0.0357275206044931,0.035727520604493,0.907452714136828,0.999999989798528
1.1119677311207e-08,0.942874057553841,0.0212175620986105,0.0359083803475485,0.0359083803475485,0.906965677206293,0.999999989515545
1.14318425012915e-08,0.94255607937783,0.0213478419656397,0.03609607865653,0.03609607865653,0.9064600007213,0.999999989224847
1.17527711746295e-08,0.942225738134458,0.0214833299227488,0.0362909319427929,0.0362909319427929,0.905934806191665,0.999999988926237
1.20827093504478e-08,0.941882437740296,0.0216242871908514,0.0364932750688528,0.0364932750688527,0.905389162671443,0.999999988619508
1.24219099545262e-08,0.941525545550213,0.0217709917716839,0.0367034626781029,0.036703462678103,0.90482208287211,0.999999988304454
1.27706330130864e-08,0.941154389570705,0.0219237397911557,0.036921870638139,0.036921870638139,0.904232518932566,0.999999987980863
1.31291458521247e-08,0.940768255419884,0.022082846971361,0.0371488976087551,0.0371488976087551,0.903619357811129,0.999999987648516
1.34977233023394e-08,0.940366383007612,0.0222486502455207,0.0373849667468676,0.0373849667468676,0.902981416260744,0.999999987307195
1.38766479098131e-08,0.939947962906145,0.0224215095319119,0.0376305275619429,0.037630527561943,0.902317435344202,0.999999986956673
1.42662101526074e-08,0.939512132378144,0.022601809684878,0.0378860579369782,0.0378860579369782,0.901626074441166,0.999999986596723
1.46667086634397e-08,0.939057971024944,0.0227899626433325,0.0381520663317231,0.0381520663317231,0.900905904693221,0.99999998622711
1.50784504586105e-08,0.938584496013525,0.0229864097998213,0.0384290941866535,0.0384290941866535,0.900155401826872,0.9999999858476
1.55017511733577e-08,0.938090656835529,0.0231916246162343,0.0387177185482364,0.0387177185482365,0.899372938287293,0.999999985457952
1.59369353038178e-08,0.937575329546002,0.0234061155157235,0.0390185549382746,0.0390185549382746,0.898556774607727,0.999999985057922
1.63843364557798e-08,0.937037310423027,0.0236304290843527,0.0393322604926207,0.0393322604926207,0.897705049930406,0.999999984647265
1.68442976004231e-08,0.936475308982131,0.0238651536205575,0.0396595373973119,0.0396595373973119,0.896815771584819,0.999999984225731
1.73171713372335e-08,0.93588794027105,0.0241109230757149,0.0400011366532348,0.0400011366532347,0.895886803617816,0.999999983793068
1.78033201643011e-08,0.935273716361075,0.0243684214351322,0.0403578622037928,0.0403578622037928,0.894915854157282,0.999999983349023
1.83031167562061e-08,0.934631036940598,0.0246383875956602,0.0407305754637418,0.0407305754637419,0.893900461476856,0.999999982893339
1.88169442497056e-08,0.933958178904522,0.0249216208040876,0.0411202002913906,0.0411202002913905,0.892837978613131,0.999999982425761
1.93451965374404e-08,0.933253284819642,0.025218986729618,0.0415277284507404,0.0415277284507404,0.891725556368901,0.999999981946032
1.98882785698881e-08,0.932514350130883,0.0255314242542696,0.0419542256148469,0.041954225614847,0.890560124516037,0.999999981453895
2.04466066657912e-08,0.931739208956113,0.0258599530771791,0.0424008379667076,0.0424008379667076,0.889338370989406,0.999999980949095
2.10206088313016e-08,0.930925518297972,0.0262056822427786,0.0428687994592497,0.0428687994592498,0.888056718838722,0.999999980431379
2.16107250880838e-08,0.930070740479653,0.0265698197189217,0.0433594398014252,0.0433594398014252,0.886711300678228,0.999999979900497
2.22174078106288e-08,0.929172123587561,0.0269536831695715,0.043874193242867,0.0438741932428671,0.885297930344694,0.999999979356204
2.28411220730383e-08,0.928226679677242,0.0273587120879593,0.0444146082347985,0.0444146082347985,0.883812071442444,0.999999978798261
2.34823460055428e-08,0.927231160469847,0.0277864814805621,0.0449823580495909,0.0449823580495909,0.882248802420256,0.999999978226437
2.41415711610302e-08,0.926182030234729,0.0282387173201914,0.0455792524450798,0.0455792524450798,0.880602777789649,0.999999977640511
2.48193028918626e-08,0.925075435519845,0.0287173140183542,0.0462072504618006,0.0462072504618006,0.878868185058045,0.999999977040273
2.55160607372719e-08,0.923907171356014,0.0292243542031819,0.0468684744408043,0.0468684744408043,0.877038696915209,0.999999976425528
2.62323788216312e-08,0.922672643524651,0.029762131129962,0.0475652253453872,0.0475652253453872,0.875107418179264,0.999999975796102
2.69688062639069e-08,0.921366826442984,0.0303331740968054,0.0482999994602106,0.0482999994602106,0.873066826982773,0.999999975151837
2.77259075986048e-08,0.919984216188197,0.0309402772882269,0.0490755065235763,0.0490755065235762,0.870908709664621,0.999999974492603
2.85042632085343e-08,0.918518778156072,0.0315865325239887,0.0498946893199391,0.049894689319939,0.868624088836133,0.999999973818299
2.93044697697214e-08,0.916963888835573,0.0322753664485028,0.0507607447159246,0.0507607447159245,0.866203144119648,0.999999973128859
3.01271407088116e-08,0.915312271185755,0.0330105827555616,0.0516771460586833,0.0516771460586833,0.863635125127072,0.999999972424259
3.09729066733141e-08,0.913555923135772,0.0337964101010631,0.0526476667631648,0.0526476667631648,0.860908256372607,0.999999971704518
3.18424160150466e-08,0.911686038806755,0.0346375564077279,0.0536764047855174,0.0536764047855174,0.858009634021237,0.999999970969714
3.27363352871525e-08,0.909692922195624,0.035539270302939,0.0547678075014366,0.0547678075014365,0.854925114694188,0.999999970219987
3.36553497550709e-08,0.907565893291618,0.0365074104423977,0.0559266962659841,0.0559266962659841,0.851639197025634,0.999999969455553
3.46001639218511e-08,0.905293186951321,0.0375485234417907,0.0571582896068886,0.0571582896068886,0.848134897344432,0.999999968676707
3.55715020682138e-08,0.902861845382352,0.0386699310427235,0.0584682235749241,0.0584682235749241,0.844393621807428,0.999999967883848
3.65701088077749e-08,0.900257605836587,0.0398798269454037,0.0598625672180093,0.0598625672180092,0.840395038618578,0.999999967077481
3.75967496578547e-08,0.897464786160589,0.0411873834051659,0.0613478304342455,0.0613478304342455,0.836116955726343,0.999999966258241
3.86522116263126e-08,0.894466172275149,0.0426028671554762,0.0629309605693744,0.0629309605693744,0.831535211705775,0.999999965426904
3.97373038148561e-08,0.891242913545629,0.0441377634137946,0.0646193230405762,0.0646193230405762,0.826623590505053,0.99999996458441
4.08528580392857e-08,0.88777443444434,0.0458049055610748,0.0664206599945856,0.0664206599945857,0.821353774449754,0.999999963731877
4.19997294671531e-08,0.884038373954741,0.047618606462692,0.0683430195825674,0.0683430195825674,0.815695354372173,0.999999962870627
4.31787972733202e-08,0.880010567823457,0.0495947852213619,0.0703946469551806,0.0703946469551806,0.809615920868277,0.999999962002202
4.43909653139217e-08,0.875665092913465,0.0517510803485184,0.0725838267380167,0.0725838267380167,0.803081266175448,0.999999961128381
4.56371628192476e-08,0.870974397240996,0.0541069369010228,0.0749186658579808,0.0749186658579808,0.796055731383016,0.9999999602512
4.6918345106078e-08,0.865909543191679,0.0566836511712144,0.0774068056371068,0.0774068056371068,0.788502737554572,0.999999959372957
4.82354943100147e-08,0.86044059392216,0.0595043523635246,0.0800550537143153,0.0800550537143152,0.780385540207845,0.999999958496222
4.95896201383721e-08,0.854537172625804,0.0625938969646734,0.082868930409523,0.0828689304095229,0.771668242216281,0.999999957623826
5.09817606442043e-08,0.848169219330503,0.0659786492203948,0.0858521314491019,0.0858521314491019,0.762317087881401,0.99999995675884
5.24129830220606e-08,0.841307958195622,0.0696861216601009,0.0890059201442776,0.0890059201442776,0.752302038051344,0.99999995590454
5.38843844260822e-08,0.833927068256823,0.073744454598365,0.0923284771448118,0.0923284771448117,0.741598591112012,0.999999955064353
5.5397092811064e-08,0.826004021864283,0.0781817244992304,0.0958142536364866,0.0958142536364867,0.730189768227796,0.999999954241779
5.69522677971282e-08,0.817521519635679,0.0830250887666965,0.0994533915976249,0.099453391597625,0.718068128038054,0.999999953440296
5.85511015586724e-08,0.808468913764974,0.0882997981163522,0.103231288118674,0.103231288118674,0.7052376256463,0.999999952663255
6.01948197382727e-08,0.798843481366626,0.0940281341675533,0.107128384465821,0.107128384465821,0.691715096900805,0.999999951913761
6.18846823862438e-08,0.78865139628727,0.100228353979566,0.111120249733164,0.111120249733164,0.677531146554106,0.999999951194559
6.3621984926575e-08,0.777908260159915,0.10691373834341,0.115178001496674,0.115178001496674,0.662730258663241,0.999999950507932
6.54080591499826e-08,0.766639094734188,0.114091840860103,0.119269064405709,0.119269064405709,0.64737003032848,0.999999949855625
6.72442742348425e-08,0.754877762762612,0.121764017474397,0.123358219762991,0.123358219762991,0.63151954299962,0.999999949238793
6.91320377967813e-08,0.742665860857685,0.129925283327439,0.127408855814876,0.127408855814876,0.615257005042809,0.999999948657996
7.10727969677341e-08,0.730051197250871,0.138564502382167,0.131384300366962,0.131384300366962,0.598666896883909,0.999999948113219
7.30680395052951e-08,0.717086014426559,0.147664874632202,0.135249110941239,0.135249110941239,0.58183690348532,0.999999947603931
7.51192949332097e-08,0.703825132428823,0.157204654483663,0.138970213087514,0.138970213087514,0.564854919341309,0.999999947129152
7.72281357138864e-08,0.690324173881173,0.167158017284753,0.142517808834074,0.142517808834074,0.547806365047099,0.999999946687551
7.93961784538228e-08,0.676637994795322,0.177495989613478,0.1458660155912,0.1458660155912,0.530771979204122,0.999999946277529
8.16250851428724e-08,0.662819398045117,0.188187369692993,0.14899323226189,0.14899323226189,0.513826165783227,0.99999994589731
8.39165644283016e-08,0.64891816016192,0.199199582151731,0.151882257686349,0.151882257686349,0.497035902475571,0.999999945545017
8.62723729246145e-08,0.63498036452711,0.210499431251271,0.154520204221618,0.154520204221618,0.480460160305492,0.999999945218737
8.8694316560147e-08,0.62104800845236,0.222053734896928,0.156898256650712,0.156898256650712,0.464149751801648,0.999999944916571
9.11842519614656e-08,0.607158837885999,0.233829836129935,0.159011325984066,0.159011325984066,0.448147511901932,0.999999944636676
9.374408787663e-08,0.593346359309689,0.245795998754352,0.160857641935959,0.160857641935959,0.43248871737373,0.999999944377287
9.63757866384109e-08,0.579639980794874,0.257921699640911,0.162438319564214,0.162438319564214,0.41720166123066,0.999999944136741
9.90813656685867e-08,0.566065240348786,0.270177832923545,0.163756926727669,0.163756926727669,0.402308313621117,0.999999943913483
1.01862899024469e-07,0.552644087394768,0.28253684172397,0.164819070881262,0.164819070881262,0.387825016513505,0.999999943706071
1.04722518988844e-07,0.539395191025434,0.294972792062486,0.16563201691208,0.16563201691208,0.373763174113354,0.999999943513177
1.07662417704549e-07,0.52633425569542,0.307461401901825,0.166204342402755,0.166204342402755,0.360129913292665,0.999999943333582
1.10684848854941e-07,0.513474330904787,0.319980036285017,0.166545632810196,0.166545632810196,0.34692869809459,0.999999943166171
1.13792129391531e-07,0.500826106086649,0.332507677555375,0.166666216357976,0.166666216357976,0.334159889728673,0.999999943009931
1.16986641310131e-07,0.488398185444985,0.345024877845129,0.166576936709885,0.166576936709885,0.3218212487351,0.999999942863937
1.20270833476851e-07,0.476197340059151,0.357513699460242,0.166288960480607,0.166288960480607,0.309908379578543,0.999999942727349
1.23647223505371e-07,0.464228736369328,0.369957647489015,0.165813616141656,0.165813616141656,0.298415120227672,0.999999942599406
1.27118399686903e-07,0.452496141359761,0.382341597907495,0.165162260732744,0.165162260732744,0.287333880627017,0.999999942479415
1.30687022974335e-07,0.441002105517046,0.394651723616634,0.164346170866321,0.164346170866321,0.276655934650725,0.999999942366748
1.34355829022083e-07,0.429748125082643,0.406875420191384,0.163376454725973,0.163376454725973,0.266371670356671,0.999999942260834
1.38127630283201e-07,0.418734785338326,0.419001232616918,0.162263982044757,0.162263982044757,0.256470803293569,0.999999942161157
1.42005318165368e-07,0.407961886732533,0.431018783902562,0.161019329364904,0.161019329364904,0.246942557367629,0.999999942067242
1.45991865247398e-07,0.397428555627496,0.442918706173968,0.159652738198536,0.159652738198536,0.237775817428959,0.999999941978664
1.50090327557974e-07,0.387133341358974,0.454692574627595,0.158174084013431,0.158174084013431,0.228959257345543,0.99999994189503
1.54303846918356e-07,0.377074301178959,0.466332844571749,0.156592854249292,0.156592854249292,0.220481446929667,0.999999941815985
1.58635653350859e-07,0.367249074514245,0.477832791661717,0.154918133824037,0.154918133824038,0.212330940690208,0.999999941741203
1.63089067554933e-07,0.357654947832366,0.489186455352482,0.153158596815152,0.153158596815152,0.204496351017214,0.999999941670388
1.6766750345277e-07,0.348288911268136,0.500388585533043,0.151322503198822,0.151322503198822,0.196966408069314,0.999999941603268
1.72374470806362e-07,0.339147708033594,0.511434592265168,0.149417699701238,0.149417699701238,0.189730008332357,0.999999941539593
1.77213577908036e-07,0.330227877513699,0.522320498521882,0.147451623964419,0.147451623964419,0.182776253549281,0.999999941479136
1.82188534346517e-07,0.321525792840805,0.533042895803435,0.14543131135576,0.14543131135576,0.176094481485045,0.999999941421687
1.87303153850643e-07,0.313037693642898,0.54359890249831,0.143363403858792,0.143363403858792,0.169674289784106,0.999999941367053
1.9256135721292e-07,0.304759714573362,0.553986124851895,0.141254160574743,0.141254160574743,0.163505553998619,0.999999941315056
1.97967175295133e-07,0.296687910153031,0.564202620404348,0.139109469442621,0.139109469442621,0.157578440710411,0.999999941265532
2.03524752118358e-07,0.288818276387602,0.574246863760712,0.136934859851686,0.136934859851686,0.151883416535917,0.999999941218332
2.09238348039698e-07,0.281146769564213,0.584117714559708,0.134735515876078,0.134735515876078,0.146411253688135,0.999999941173314
2.15112343018217e-07,0.273669322579243,0.593814387512249,0.132516289908508,0.132516289908508,0.141153032670734,0.999999941130351
2.21151239972549e-07,0.266381859104297,0.603336424386026,0.130281716509677,0.130281716509677,0.136100142594621,0.999999941089322
2.27359668232772e-07,0.259280305858101,0.612683667818368,0.128036026323531,0.128036026323531,0.131244279534569,0.999999941050116
2.33742387089181e-07,0.25236060321788,0.621856236845529,0.125783159936592,0.125783159936592,0.126577443281288,0.99999994101263
2.40304289440697e-07,0.245618714374195,0.630854504042618,0.123526781583187,0.123526781583187,0.122091932791008,0.999999940976769
2.47050405545683e-07,0.239050633207398,0.639679074174336,0.121270292618266,0.121270292618266,0.117780340589132,0.999999940942444
2.53985906878073e-07,0.232652391041498,0.648330764262477,0.119016844696025,0.119016844696025,0.113635546345474,0.999999940909571
2.61116110091746e-07,0.226420062411792,0.656810584981736,0.116769352606472,0.116769352606472,0.109650709805321,0.999999940878074
2.68446481096197e-07,0.220349769965647,0.66511972330071,0.114530506733643,0.114530506733643,0.105819263232004,0.99999994084788
2.75982639246618e-07,0.214437688601141,0.67325952629005,0.112302785108809,0.112302785108809,0.102134903492331,0.999999940818921
2.83730361651621e-07,0.208680048935416,0.681231486024536,0.110088465040049,0.110088465040049,0.0985915838953671,0.999999940791134
2.91695587601879e-07,0.203073140183444,0.689037225510378,0.107889634306178,0.107889634306178,0.0951835058772666,0.999999940764461
2.99884423123102e-07,0.197613312518139,0.696678485573334,0.105708201908527,0.105708201908527,0.0919051106096129,0.999999940738846
3.08303145656828e-07,0.192296978974251,0.704157112647229,0.10354590837852,0.10354590837852,0.0887510705957316,0.999999940714236
3.16958208872612e-07,0.187120616951042,0.71147504740625,0.101404335642708,0.101404335642708,0.0857162813083343,0.999999940690584
3.25856247615323e-07,0.182080769362218,0.718634314187927,0.0992849164498558,0.0992849164498558,0.0827958529123619,0.999999940667844
3.35004082991314e-07,0.177174045475913,0.725637011156993,0.0971889433670934,0.0971889433670934,0.0799851021088199,0.999999940645971
3.44408727597382e-07,0.172397121482508,0.732485301163474,0.095117577354018,0.0951175773540179,0.07727954412849,0.999999940624927
3.54077390896527e-07,0.167746740823677,0.739181403251194,0.0930718559251285,0.0930718559251285,0.0746748848985486,0.999999940604672
3.64017484744614e-07,0.163219714312223,0.745727584775676,0.0910527009121011,0.091052700912101,0.0721670134001221,0.99999994058517
3.74236629072198e-07,0.15881292006884,0.752126154092897,0.0890609258382629,0.0890609258382629,0.0697519942305775,0.999999940566388
3.84742657725851e-07,0.154523303298979,0.758379453782799,0.0870972429182219,0.0870972429182219,0.0674260603807569,0.999999940548294
3.9554362447347e-07,0.150347875930345,0.764489854373642,0.0851622696960128,0.0851622696960128,0.0651856062343322,0.999999940530856
4.06647809178186e-07,0.146283716129245,0.770459748535407,0.0832565353353487,0.0832565353353487,0.0630271807938958,0.999999940514047
4.18063724145576e-07,0.142327967711933,0.776291545712399,0.0813804865756682,0.0813804865756682,0.0609474811362643,0.99999994049784
4.2980012064908e-07,0.138477839465304,0.781987667167056,0.0795344933676401,0.0795344933676401,0.0589433460976642,0.999999940482208
4.41865995638594e-07,0.13473060438967,0.787550541408644,0.0777188542016861,0.077718854201686,0.0570117501879843,0.999999940467127
4.54270598637404e-07,0.131083598874921,0.792982599982195,0.075933801142884,0.075933801142884,0.0551497977320373,0.999999940452575
4.67023438832733e-07,0.127534221820132,0.798286273594495,0.0741795045853731,0.0741795045853731,0.0533547172347585,0.999999940438529
4.80134292365345e-07,0.124079933705531,0.803463988555383,0.0724560777390857,0.0724560777390857,0.0516238559664457,0.999999940424969
4.93613209823792e-07,0.120718255624772,0.808518163513935,0.070763580861293,0.0707635808612931,0.0499546747634785,0.999999940411874
5.07470523949047e-07,0.117446768284532,0.813451206470368,0.0691020252450994,0.0691020252450994,0.0483447430394328,0.999999940399227
5.21716857555435e-07,0.114263110977723,0.81826551204565,0.0674713769766273,0.0674713769766273,0.0467917340010956,0.999999940387009
5.36363131673925e-07,0.111164980535836,0.822963458991913,0.0658715604722506,0.0658715604722507,0.0452934200635852,0.999999940375203
5.5142057392403e-07,0.10815013026537,0.827547407927813,0.0643024618068171,0.0643024618068171,0.0438476684585527,0.999999940363793
5.66900727120743e-07,0.105216368872701,0.832019699283899,0.0627639318434001,0.0627639318434001,0.0424524370293007,0.999999940352764
5.82815458123084e-07,0.102361559381264,0.836382651444033,0.061255789174703,0.061255789174703,0.0411057702065612,0.999999940342101
5.99176966931061e-07,0.0995836180444745,0.840638559069695,0.0597778228858307,0.0597778228858307,0.0398057951586438,0.99999994033179
6.15997796038017e-07,0.0968805132574084,0.844789691594852,0.0583297951477401,0.0583297951477401,0.0385507181096683,0.999999940321817
6.33290840045511e-07,0.0942502644699234,0.848838291879796,0.0569114436502806,0.0569114436502807,0.0373388208196428,0.999999940312171
6.51069355548147e-07,0.0916909411035611,0.852786575013096,0.0555224838833432,0.0555224838833433,0.0361684572202179,0.999999940302838
6.69346971295867e-07,0.0892006614743068,0.856636727251434,0.0541626112742594,0.0541626112742595,0.0350380502000474,0.999999940293807
6.88137698641567e-07,0.0867775917230141,0.860390905087772,0.0528315031892142,0.0528315031892142,0.0339460885338,0.999999940285068
7.07455942281988e-07,0.0844199447550819,0.864051234438838,0.0515288208060797,0.0515288208060797,0.0328911239490022,0.999999940276608
7.27316511300145e-07,0.0821259791907618,0.867619809943512,0.0502542108657265,0.0502542108657265,0.0318717683250353,0.999999940268419
7.47734630517758e-07,0.0798939983272934,0.871098694364178,0.0490073073085288,0.0490073073085288,0.0308866910187646,0.999999940260491
7.68725952166374e-07,0.0777223491138995,0.874489918083643,0.0477877328024578,0.0477877328024578,0.0299346163114417,0.999999940252813
7.90306567886135e-07,0.0756094211405282,0.87779547869063,0.046595100168842,0.046595100168842,0.0290143209716862,0.999999940245378
8.12493021061405e-07,0.0735536456410928,0.881017340647337,0.0454290137115698,0.0454290137115698,0.028124631929523,0.999999940238176
8.35302319502679e-07,0.0715534945118492,0.884157435032927,0.044289070455224,0.0442890704552241,0.0272644240566251,0.9999999402312
8.58751948484518e-07,0.0696074793454386,0.887217659357203,0.0431748612973582,0.0431748612973582,0.0264326180480804,0.999999940224441
8.82859884149515e-07,0.0677141504810313,0.890199877439112,0.0420859720798563,0.0420859720798564,0.025628178401175,0.999999940217893
9.07644607288536e-07,0.0658720960709245,0.893105919345007,0.041021984584069,0.0410219845840689,0.0248501114868555,0.999999940211547
9.33125117507824e-07,0.0640799411638671,0.895937581381963,0.0399824774541694,0.0399824774541694,0.0240974637096977,0.999999940205397
9.59320947793823e-07,0.0623363468053221,0.898696626141733,0.0389670270529451,0.0389670270529451,0.023369319752377,0.999999940199437
9.86252179486878e-07,0.060640009154811,0.901384782591173,0.0379752082540162,0.0379752082540161,0.0226648009007949,0.999999940193659
1.01393945767529e-06,0.0589896586204377,0.9040037462053,0.0370065951742623,0.0370065951742623,0.0219830634461755,0.999999940188058
1.04240400702156e-06,0.057384059010633,0.906555179139331,0.036060761850036,0.036060761850036,0.021323297160597,0.999999940182627
1.07166764803286e-06,0.0558220067031274,0.909040710436321,0.0351372828605518,0.0351372828605518,0.0206847238425756,0.999999940177361
1.10175281378839e-06,0.0543023298311137,0.911461936267233,0.0342357339016529,0.0342357339016529,0.0200665959294608,0.999999940172255
1.13268256713615e-06,0.0528238874865334,0.913820420200477,0.0333556923129894,0.0333556923129894,0.0194681951735439,0.999999940167304
1.16448061837269e-06,0.0513855689403869,0.916117693498142,0.0324967375614706,0.0324967375614706,0.0188888313789163,0.999999940162501
1.19717134341897e-06,0.0499862928799453,0.918355255436353,0.0316584516837016,0.0316584516837016,0.0183278411962437,0.999999940157843
1.23077980250667e-06,0.0486250066627134,0.920534573647324,0.0308404196899629,0.0308404196899629,0.0177845869727506,0.999999940153324
1.26533175938894e-06,0.0473006855869802,0.922657084480871,0.0300422299321491,0.0300422299321491,0.0172584556548311,0.99999994014894
1.30085370109057e-06,0.0460123321787671,0.924724193383281,0.0292634744379514,0.0292634744379515,0.0167488577408157,0.999999940144687
1.3373728582125e-06,0.044758975494978,0.926737275291585,0.0285037492134373,0.0285037492134373,0.0162552262815407,0.999999940140561
1.37491722580642e-06,0.0435396704425337,0.928697675041404,0.0277626545160621,0.027762654516062,0.0157770159264717,0.999999940136557
1.4135155848354e-06,0.0423534971132677,0.930606707786702,0.0270397951000306,0.0270397951000306,0.0153137020132371,0.999999940132672
1.4531975242369e-06,0.0411995601343476,0.932465659429832,0.0263347804358203,0.0263347804358203,0.0148647796985273,0.999999940128901
1.49399346360526e-06,0.0400769880339805,0.934275787060448,0.0256472249055717,0.0256472249055717,0.0144297631284088,0.999999940125242
1.5359346765109e-06,0.0389849326221512,0.936038319401894,0.0249767479759547,0.0249767479759547,0.0140081846461965,0.99999994012169
1.57905331447418e-06,0.0379225683861393,0.937754457263832,0.0243229743500289,0.0243229743500289,0.0135995940361104,0.999999940118243
1.62338243161228e-06,0.0368890919005563,0.939425373999919,0.0236855340995251,0.0236855340995251,0.0132035578010312,0.999999940114896
1.66895600997803e-06,0.035883721251638,0.941052215969468,0.023064062778894,0.023064062778894,0.0128196584727441,0.999999940111648
1.71580898561001e-06,0.0349056954755296,0.94263610300208,0.0224582015223899,0.02245820152239,0.0124474939531397,0.999999940108494
1.76397727531405e-06,0.033954274010294,0.944178128864325,0.0218675971253813,0.0218675971253813,0.0120866768849127,0.999999940105432
1.8134978041965e-06,0.0330287361613784,0.945679361727611,0.0212919021110105,0.0212919021110105,0.0117368340503679,0.99999994010246
1.86440853397049e-06,0.0321283805802688,0.947140844636472,0.0207307747832596,0.0207307747832595,0.0113976057970092,0.999999940099573
1.91674849205681e-06,0.0312525247560662,0.94856359597652,0.0201838792674139,0.0201838792674139,0.0110686454886523,0.99999994009677
1.9705578015018e-06,0.0304005045197166,0.949948609941426,0.0196508855388573,0.0196508855388573,0.0107496189808593,0.999999940094049
2.02587771173502e-06,0.0295716735606312,0.951296856998292,0.0191314694410767,0.0191314694410766,0.0104402041195546,0.999999940091406
2.08275063019052e-06,0.0287654029554299,0.952609284350871,0.018625312693699,0.0186253126936991,0.0101400902617309,0.999999940088839
2.14122015481573e-06,0.0279810807085498,0.953886816400114,0.0181321028913361,0.0181321028913361,0.00984897781721374,0.999999940086346
2.20133110749303e-06,0.0272181113044567,0.955130355201581,0.0176515334939619,0.0176515334939619,0.00956657781049484,0.999999940083925
2.26312956839953e-06,0.0264759152712044,0.95634078091929,0.0171833038095058,0.0171833038095058,0.0092926114616986,0.999999940081573
2.32666291133146e-06,0.0257539287550875,0.957518952275612,0.0167271189693006,0.0167271189693006,0.00902680978578698,0.999999940079289
2.39197984002024e-06,0.025051603106138,0.958665706996877,0.0162826898969848,0.0162826898969848,0.00876891320915315,0.99999994007707
2.45913042546804e-06,0.0243684044742159,0.959781862254363,0.0158497332714214,0.0158497332714214,0.00851867120279452,0.999999940074915
2.5281661443315e-06,0.0237038134154544,0.960868215100386,0.0154279714841596,0.0154279714841596,0.00827584193129475,0.999999940072821
2.59913991838293e-06,0.0230573245088146,0.961925542899253,0.0150171325919325,0.0150171325919325,0.00804019191688206,0.999999940070787
2.67210615507944e-06,0.0224284459825172,0.962954603752831,0.0146169502646518,0.0146169502646518,0.00781149571786531,0.999999940068812
2.74712078927081e-06,0.0218166993501168,0.963956136920551,0.0142271637293322,0.0142271637293323,0.00758953562078457,0.999999940066892
2.82424132607844e-06,0.0212216190559903,0.964930863233663,0.013847517710347,0.013847517710347,0.00737410134564325,0.999999940065026
2.90352688497781e-06,0.0206427521300147,0.965879485503591,0.0134777623663942,0.0134777623663941,0.00716498976362056,0.999999940063214
2.98503824511873e-06,0.0200796578512149,0.966802688924262,0.0131176532245235,0.0131176532245235,0.00696200462669135,0.999999940061453
3.06883789191764e-06,0.0195319074201625,0.967701141468283,0.0127669511115543,0.0127669511115543,0.00676495630860819,0.999999940059742
3.15499006495809e-06,0.0189990836399156,0.968575494276895,0.0124254220831889,0.0124254220831889,0.00657366155672664,0.99999994005808
3.24356080723581e-06,0.0184807806052899,0.9694263820436,0.0120928373511101,0.0120928373511101,0.00638794325417984,0.999999940056464
3.33461801578637e-06,0.0179766034002565,0.970254423391419,0.0117689732083247,0.0117689732083247,0.00620763019193176,0.999999940054894
3.42823149373397e-06,0.0174861678032671,0.971060221243728,0.0114536109530053,0.0114536109530053,0.00603255685026179,0.999999940053369
3.52447300380159e-06,0.0170091000003105,0.971844363188633,0.0111465368110567,0.0111465368110567,0.00586256318925384,0.999999940051886
3.62341632332315e-06,0.0165450363055073,0.97260742183687,0.0108475418576228,0.0108475418576228,0.00569749444788445,0.999999940050445
3.72513730080021e-06,0.0160936228890555,0.973349955173212,0.0105564219377325,0.0105564219377325,0.00553720095132303,0.999999940049045
3.82971391404628e-06,0.0156545155123441,0.974072506901388,0.0102729775862676,0.0102729775862676,0.00538153792607649,0.999999940047684
3.93722632996347e-06,0.0152273792700518,0.974775606782524,0.00999701394742443,0.00999701394742443,0.00523036532262741,0.999999940046361
4.04775696599732e-06,0.0148118883390584,0.975459770967115,0.00972834069382637,0.00972834069382637,0.00508354764523204,0.999999940045076
4.16139055331671e-06,0.0144077257339932,0.976125502320574,0.00946677194543297,0.00946677194543298,0.00494095378856023,0.999999940043826
4.27821420176762e-06,0.0140145830692547,0.976773290742365,0.00921212618838058,0.00921212618838063,0.00480245688087415,0.999999940042612
4.39831746665023e-06,0.0136321603273361,0.977403613478785,0.00896422619387854,0.0089642261938786,0.00466793413345751,0.999999940041431
4.5217924173707e-06,0.0132601656332947,0.978016935429431,0.00872289893727459,0.00872289893727464,0.00453726669602009,0.999999940040284
