1e-09,0.951773803850606,0.00742581341223657,0.0408003827371573,0.0408003827371572,0.910973421113449,0.999999999048226
1.02807322383086e-09,0.951756547201981,0.0074292105890059,0.0408142422090127,0.0408142422090126,0.910942304992969,0.999999999021525
1.05693455355799e-09,0.951738793886006,0.00743270609314001,0.0408285000208539,0.0408285000208538,0.910910293865152,0.999999998994074
1.0866061138546e-09,0.951720529251264,0.00743630285713397,0.040843167891602,0.040843167891602,0.910877361359662,0.999999998965855
1.11711065050482e-09,0.951701738193574,0.0074400039059372,0.0408582579004889,0.0408582579004889,0.910843480293085,0.999999998936844
1.14847154784029e-09,0.951682405140819,0.00744381236015499,0.0408737824990256,0.0408737824990255,0.910808622641794,0.99999999890702
1.18071284666619e-09,0.951662514037205,0.00744773143937694,0.0408897545234185,0.0408897545234185,0.910772759513786,0.99999999887636
1.21385926269063e-09,0.951642048326909,0.00745176446563849,0.0409061872074525,0.0409061872074525,0.910735861119456,0.99999999884484
1.24793620547131e-09,0.951620990937116,0.00745591486702142,0.0409230941958623,0.0409230941958623,0.910697896741254,0.999999998812438
1.28296979789415e-09,0.951599324260387,0.00746018618140019,0.0409404895582127,0.0409404895582127,0.910658834702174,0.999999998779127
1.31898689619867e-09,0.951577030136349,0.007464582060341,0.0409583878033102,0.0409583878033102,0.910618642333039,0.999999998744882
1.35601511056563e-09,0.951554089832668,0.00746910627316073,0.0409768038941714,0.0409768038941714,0.910577285938496,0.999999998709678
1.39408282628258e-09,0.951530484025275,0.00747376271115377,0.0409957532635716,0.0409957532635716,0.910534730761703,0.999999998673488
1.43321922550358e-09,0.951506192777806,0.00747855539199467,0.0410152518301997,0.0410152518301996,0.910490940947606,0.999999998636283
1.47345430961984e-09,0.951481195520225,0.00748348846432546,0.0410353160154496,0.0410353160154496,0.910445879504775,0.999999998598036
1.51481892225835e-09,0.951455471026589,0.00748856621253655,0.0410559627608746,0.0410559627608746,0.910399508265714,0.999999998558717
1.55734477292614e-09,0.951428997391912,0.00749379306175114,0.0410772095463373,0.0410772095463372,0.910351787845574,0.999999998518297
1.60106446131832e-09,0.951401752008091,0.00749917358302305,0.0410990744088865,0.0410990744088864,0.910302677599204,0.999999998476744
1.64601150230855e-09,0.951373711538844,0.00750471249875914,0.0411215759623969,0.0411215759623969,0.910252135576447,0.999999998434028
1.69222035164104e-09,0.951344851893617,0.00751041468837746,0.0411447334180061,0.0411447334180061,0.91020011847561,0.999999998390115
1.7397264323438e-09,0.951315148200399,0.00751628519421342,0.0411685666053877,0.0411685666053876,0.910146581595011,0.999999998344972
1.78856616188346e-09,0.951284574777412,0.00752232922768693,0.0411930959949011,0.0411930959949012,0.910091478782511,0.999999998298565
1.83877698008233e-09,0.951253105103595,0.00752855217574393,0.0412183427206611,0.0412183427206612,0.910034762382934,0.999999998250858
1.89039737781922e-09,0.951220711787843,0.00753495960758692,0.0412443286045701,0.0412443286045702,0.909976383183273,0.999999998201815
1.94346692653602e-09,0.951187366536927,0.0075415572817099,0.0412710761813631,0.0412710761813631,0.909916290355564,0.999999998151399
1.99802630857255e-09,0.951153040122032,0.00754835115325385,0.0412986087247143,0.0412986087247144,0.909854431397318,0.999999998099571
2.05411734835306e-09,0.951117702343841,0.00755534738170014,0.0413269502744588,0.0413269502744588,0.909790752069382,0.999999998046292
2.11178304444824e-09,0.951081321996094,0.00756255233892037,0.0413561256649857,0.0413561256649857,0.909725196331108,0.999999997991523
2.17106760253726e-09,0.951043866827536,0.00756997261760197,0.041386160554862,0.041386160554862,0.909657706272674,0.99999999793522
2.23201646929523e-09,0.951005303502178,0.00757761504007057,0.0414170814577511,0.0414170814577511,0.909588222044427,0.99999999787734
2.29467636723194e-09,0.950965597557776,0.00758548666753117,0.0414489157746924,0.0414489157746923,0.909516681783084,0.999999997817842
2.35909533050864e-09,0.950924713362436,0.00759359480975161,0.0414816918278119,0.0414816918278119,0.909443021534625,0.999999997756678
2.42532274176036e-09,0.950882614069245,0.00760194703521357,0.0415154388955415,0.0415154388955415,0.909367175173703,0.999999997693803
2.49340936995188e-09,0.950839261568819,0.00761055118175773,0.0415501872494236,0.0415501872494237,0.909289074319395,0.999999997629169
2.56340740929651e-09,0.95079461643966,0.00761941536775159,0.0415859681925888,0.0415859681925889,0.909208648247071,0.999999997562726
2.63537051926739e-09,0.950748637896196,0.00762854800381042,0.0416228140999941,0.0416228140999941,0.909125823796201,0.999999997494425
2.70935386573205e-09,0.950701283734378,0.0076379578051037,0.0416607584605182,0.0416607584605183,0.90904052527386,0.999999997424214
2.78541416324176e-09,0.950652510274702,0.0076476538042817,0.0416998359210165,0.0416998359210166,0.908952674353685,0.999999997352039
2.86360971850811e-09,0.9506022723025,0.00765764536505927,0.041740082332441,0.0417400823324409,0.908862189970059,0.999999997277846
2.94400047510004e-09,0.950550523005361,0.00766794219649625,0.0417815347981425,0.0417815347981425,0.908768988207219,0.999999997201579
3.0266480593957e-09,0.950497213907507,0.0076785543680169,0.0418242317244765,0.0418242317244765,0.90867298218303,0.999999997123179
3.11161582782436e-09,0.950442294800945,0.00768949232521352,0.041868212873842,0.0418682128738419,0.908574081927103,0.999999997042589
3.19896891543454e-09,0.950385713673224,0.00770076690648273,0.0419135194202932,0.0419135194202933,0.908472194252931,0.999999996959746
3.28877428582551e-09,0.950327416631583,0.00771238936054624,0.041960194007871,0.0419601940078711,0.908367222623712,0.999999996874588
3.38110078248068e-09,0.950267347823277,0.00772437136491173,0.0420082808118116,0.0420082808118116,0.908259067011465,0.99999999678705
3.47601918154197e-09,0.950205449351865,0.00773672504533343,0.0420578256028014,0.0420578256028014,0.908147623749064,0.999999996697068
3.57360224606578e-09,0.950141661189208,0.00774946299633638,0.0421088758144561,0.042108875814456,0.908032785374752,0.999999996604572
3.67392478180208e-09,0.950075921082911,0.00776259830287301,0.0421614806142163,0.0421614806142163,0.907914440468694,0.999999996509493
3.77706369453937e-09,0.95000816445895,0.00777614456318571,0.0422156909778646,0.0422156909778646,0.907792473481085,0.999999996411759
3.88309804905961e-09,0.949938324319163,0.00779011591295492,0.0422715597678817,0.0422715597678817,0.907666764551282,0.999999996311296
3.99210912974805e-09,0.949866331133306,0.00780452705081759,0.0423291418158765,0.0423291418158765,0.907537189317429,0.99999999620803
4.10418050290471e-09,0.949792112725312,0.00781939326534813,0.0423884940093403,0.0423884940093403,0.907403618715971,0.999999996101882
4.21939808080502e-09,0.949715594153407,0.00783473046360045,0.0424496753829928,0.0424496753829927,0.907265918770414,0.999999995992772
4.33785018755898e-09,0.949636697583676,0.00785055520131754,0.0425127472150068,0.0425127472150069,0.907123950368669,0.999999995880618
4.45962762681909e-09,0.949555342156656,0.00786688471492343,0.0425777731284207,0.0425777731284206,0.906977569028235,0.999999995765337
4.58482375138911e-09,0.949471443846512,0.0078837369554214,0.0426448191980663,0.0426448191980662,0.906826624648446,0.999999995646841
4.71353453478692e-09,0.9493849153123,0.00790113062433198,0.0427139540633685,0.0427139540633685,0.906670961248931,0.999999995525041
4.8458586448165e-09,0.949295665740789,0.00791908521181544,0.042785249047396,0.042785249047396,0.906510416693393,0.999999995399847
4.98189751920517e-09,0.949203600680295,0.0079376210371347,0.04285877828257,0.0428587782825701,0.906344822397725,0.999999995271165
5.12175544336424e-09,0.949108621864899,0.00795675929162787,0.0429346188434732,0.0429346188434732,0.906174003021426,0.999999995138898
5.26553963033276e-09,0.9490106270284,0.00797652208437313,0.043012850887227,0.0430128508872269,0.905997776141173,0.999999995002947
5.41336030296538e-09,0.948909509707307,0.00799693249074441,0.0430935578019487,0.0430935578019488,0.905815951905358,0.999999994863211
5.56533077842764e-09,0.948805159032094,0.00801801460407263,0.0431768263638334,0.0431768263638335,0.90562833266826,0.999999994719585
5.72156755506324e-09,0.948697459505903,0.00803979359064586,0.0432627469034506,0.0432627469034507,0.905434712602453,0.999999994571963
5.88219040169997e-09,0.948586290769807,0.00806229574830157,0.0433514134818914,0.0433514134818914,0.905234877287916,0.999999994420235
6.04732244946265e-09,0.948471527353662,0.00808554856888631,0.0434429240774516,0.0434429240774515,0.905028603276211,0.999999994264287
6.21709028616383e-09,0.948353038411527,0.00810958080488225,0.0435373807835907,0.0435373807835908,0.904815657627936,0.999999994104004
6.39162405334401e-09,0.948230687440507,0.00813442254052649,0.0436348900189667,0.0436348900189667,0.90459579742154,0.999999993939266
6.57105754603627e-09,0.948104331981812,0.00816010526777813,0.0437355627504099,0.04373556275041,0.904368769231402,0.999999993769952
6.75552831533164e-09,0.947973823302707,0.00818666196752046,0.0438395147297721,0.0438395147297721,0.904134308572935,0.999999993595936
6.94517777382369e-09,0.947839006057918,0.00821412719642068,0.0439468667456614,0.0439468667456614,0.903892139312257,0.99999999341709
7.14015130401339e-09,0.947699717928932,0.00824253717990877,0.0440577448911591,0.0440577448911591,0.903641973037773,0.999999993233281
7.3405983697572e-09,0.947555789239513,0.00827192991177996,0.0441722808487073,0.0441722808487073,0.903383508390806,0.999999993044373
7.5466726308439e-09,0.947407042545573,0.00830234526097305,0.0442906121934539,0.0442906121934539,0.903116430352119,0.999999992850229
7.75853206078784e-09,0.947253292197416,0.00833382508612924,0.0444128827164552,0.0444128827164552,0.90284040948096,0.999999992650705
7.97633906792928e-09,0.947094343872152,0.00836641335859431,0.0445392427692537,0.0445392427692537,0.902555101102898,0.999999992445654
8.20026061993413e-09,0.946929994073925,0.00840015629459176,0.0446698496314834,0.0446698496314833,0.902260144442441,0.999999992234927
8.43046837178897e-09,0.946760029599337,0.00843510249736572,0.0448048679032973,0.0448048679032974,0.90195516169604,0.99999999201837
8.66713879738922e-09,0.946584226965254,0.00847130311017228,0.0449444699245738,0.0449444699245738,0.90163975704068,0.999999991795823
8.9104533248215e-09,0.946402351795883,0.00850881198108606,0.045088836223031,0.0450888362230309,0.901313515572852,0.999999991567126
9.16059847544369e-09,0.946214158165741,0.00854768584068724,0.0452381559935713,0.0452381559935714,0.90097600217217,0.999999991332112
9.41776600686954e-09,0.946019387894805,0.00858798449380386,0.0453926276113912,0.0453926276113912,0.900626760283414,0.999999991090611
9.6821530599671e-09,0.945817769791773,0.00862977102660645,0.0455524591816205,0.0455524591816205,0.900265310610153,0.999999990842448
9.95396230998424e-09,0.945609018840994,0.00867311203048868,0.0457178691285177,0.0457178691285177,0.899891149712476,0.999999990587444
1.02334021219164e-08,0.945392835328155,0.00871807784432016,0.0458890868275248,0.0458890868275248,0.89950374850063,0.999999990325415
1.05206867102362e-08,0.945168903899369,0.0087647428168286,0.0460663532838026,0.0460663532838027,0.899102550615566,0.999999990056174
1.08160363031071e-08,0.94493689254773,0.00881318559106014,0.0462499218612095,0.0462499218612095,0.898686970686521,0.999999989779528
1.1119677311207e-08,0.94469645152085,0.00886348941308134,0.0464400590660689,0.046440059066069,0.898256392454781,0.99999998949528
1.14318425012915e-08,0.944447212142178,0.00891574246732826,0.0466370453904941,0.0466370453904941,0.897810166751683,0.999999989203228
1.17527711746295e-08,0.944188785538217,0.00897003824127941,0.0468411762205032,0.0468411762205032,0.897347609317714,0.999999988903165
1.20827093504478e-08,0.943920761262887,0.00902647592243596,0.0470527628146769,0.0470527628146769,0.89686799844821,0.99999998859488
1.24219099545262e-08,0.943642705809378,0.00908516083093747,0.0472721333596848,0.0472721333596847,0.896370572449693,0.999999988278155
1.27706330130864e-08,0.943354160998827,0.00914620489153185,0.0474996341096412,0.0474996341096411,0.895854526889186,0.99999998795277
1.31291458521247e-08,0.943054642233982,0.00920972714905948,0.0477356306169583,0.0477356306169584,0.895319011617024,0.999999987618498
1.34977233023394e-08,0.942743636604739,0.009275854332111,0.0479805090631498,0.0479805090631499,0.894763127541589,0.999999987275107
1.38766479098131e-08,0.942420600831008,0.00934472147008533,0.0482346776989067,0.0482346776989067,0.894185923132101,0.999999986922361
1.42662101526074e-08,0.942084959026741,0.00941647256951834,0.0484985684037405,0.0484985684037404,0.893586390623001,0.999999986560018
1.46667086634397e-08,0.941736100267152,0.00949126135628499,0.0487726383765631,0.0487726383765631,0.892963461890589,0.999999986187831
1.50784504586105e-08,0.941373375939115,0.00956925209111213,0.0490573719697732,0.0490573719697731,0.892316003969342,0.999999985805548
1.55017511733577e-08,0.940996096852453,0.00965062046679082,0.0493532826807566,0.0493532826807567,0.891642814171696,0.999999985412913
1.59369353038178e-08,0.940603530087244,0.00973555459656478,0.049660915316191,0.049660915316191,0.890942614771053,0.999999985009662
1.63843364557798e-08,0.940194895549381,0.00982425610441541,0.0499808483462035,0.0499808483462035,0.890214047203178,0.999999984595531
1.68442976004231e-08,0.939769362203338,0.00991694132939002,0.0503136964672725,0.0503136964672725,0.889455665736065,0.999999984170245
1.73171713372335e-08,0.939326043947428,0.0100138426577559,0.0506601133948165,0.0506601133948165,0.888665930552611,0.99999998373353
1.78033201643011e-08,0.938863995092658,0.010115209998644,0.051020794908698,0.0510207949086979,0.88784320018396,0.999999983285104
1.83031167562061e-08,0.938382205401579,0.0102213124210102,0.0513964821774106,0.0513964821774107,0.886985723224169,0.999999982824681
1.88169442497056e-08,0.937879594638221,0.0103324399722388,0.0517879653895403,0.0517879653895402,0.886091629248681,0.999999982351972
1.93451965374404e-08,0.937355006574176,0.0104489057015943,0.0521960877242292,0.0521960877242292,0.885158918849947,0.999999981866683
1.98882785698881e-08,0.936807202389101,0.0105710479150582,0.0526217496958409,0.0526217496958409,0.88418545269326,0.999999981368517
2.04466066657912e-08,0.936234853396178,0.0106992326919471,0.0530659139118746,0.0530659139118745,0.883168939484304,0.999999980857174
2.10206088313016e-08,0.935636533014405,0.0108338566981819,0.0535296102874129,0.0535296102874129,0.882106922726992,0.99999998033235
2.16107250880838e-08,0.935010707899673,0.010975350336271,0.0540139417640564,0.0540139417640564,0.880996766135616,0.99999997979374
2.22174078106288e-08,0.934355728135481,0.0111241812781127,0.0545200905864064,0.0545200905864065,0.879835637549074,0.999999979241038
2.28411220730383e-08,0.933669816371527,0.0112808584337515,0.0550493251947219,0.0550493251947218,0.878620491176805,0.999999978673934
2.34823460055428e-08,0.932951055784179,0.0114459364174187,0.0556030077984024,0.0556030077984024,0.877348047985776,0.99999997809212
2.41415711610302e-08,0.932197376716848,0.0116200205817487,0.0561826027014037,0.0561826027014036,0.876014774015444,0.999999977495291
2.48193028918626e-08,0.931406541840237,0.0118037727022267,0.0567896854575366,0.0567896854575365,0.8746168563827,0.999999976883139
2.55160607372719e-08,0.930576129652292,0.0119979174069718,0.0574259529407365,0.0574259529407366,0.873150176711555,0.999999976255363
2.62323788216312e-08,0.929703516115114,0.0122032494622147,0.0580932344226716,0.0580932344226716,0.871610281692442,0.999999975611665
2.69688062639069e-08,0.928785854201087,0.0124206420416698,0.0587935037572435,0.0587935037572436,0.869992350443843,0.999999974951754
2.77259075986048e-08,0.92782005109284,0.0126510561288696,0.0595288927782906,0.0595288927782907,0.868291158314549,0.999999974275347
2.85042632085343e-08,0.92680274275147,0.0128955512259183,0.0603017060226113,0.0603017060226114,0.866501036728859,0.999999973582171
2.93044697697214e-08,0.925730265534804,0.0131552975706118,0.061114436894584,0.0611144368945841,0.86461582864022,0.999999972871966
3.01271407088116e-08,0.92459862451276,0.013431590097088,0.0619697853901525,0.0619697853901524,0.862628839122607,0.999999972144487
3.09729066733141e-08,0.923403458090774,0.0137258644138263,0.0628706774953998,0.0628706774953999,0.860532780595374,0.999999971399511
3.18424160150466e-08,0.922139998515942,0.0140397151176376,0.0638202863664202,0.0638202863664201,0.858319712149522,0.999999970636834
3.27363352871525e-08,0.92080302780581,0.014374916814044,0.0648220553801464,0.0648220553801463,0.855980972425663,0.999999969856283
3.36553497550709e-08,0.919386828609484,0.0147334482738348,0.0658797231166812,0.0658797231166812,0.853507105492803,0.999999969057715
3.46001639218511e-08,0.917885129488986,0.0151175202231803,0.0669973502878337,0.0669973502878337,0.850887779201152,0.999999968241024
3.55715020682138e-08,0.916291044101501,0.0155296073407531,0.0681793485577456,0.0681793485577455,0.848111695543756,0.999999967406151
3.65701088077749e-08,0.914597003778899,0.0159724851195903,0.0694305111015107,0.0694305111015108,0.845166492677388,0.999999966553088
3.75967496578547e-08,0.912794683051353,0.0164492723428028,0.0707560446058446,0.0707560446058445,0.842038638445508,0.999999965681887
3.86522116263126e-08,0.910874917763439,0.0169634800181555,0.0721616022184059,0.0721616022184058,0.838713315545033,0.99999996479267
3.97373038148561e-08,0.908827615605823,0.0175190677123421,0.0736533166818344,0.0736533166818344,0.835174298923989,0.999999963885641
4.08528580392857e-08,0.90664165916316,0.0181205083135726,0.0752378325232677,0.0752378325232677,0.831403826639892,0.999999962961097
4.19997294671531e-08,0.904304801997929,0.018772862318348,0.0769223356837232,0.0769223356837233,0.827382466314206,0.999999962019443
4.31787972733202e-08,0.901803558900581,0.0194818627658448,0.0787145783335742,0.0787145783335742,0.823088980567007,0.999999961061207
4.43909653139217e-08,0.899123092300664,0.0202540119028338,0.0806228957965019,0.0806228957965019,0.818500196504162,0.999999960087058
4.56371628192476e-08,0.896247098026553,0.0210966905128556,0.0826562114605912,0.0826562114605912,0.813590886565962,0.999999959097825
4.6918345106078e-08,0.893157695207894,0.0220182805289153,0.0848240242631908,0.0848240242631907,0.808333670944703,0.999999958094519
4.82354943100147e-08,0.889835327223301,0.0230283009932197,0.0871363717834794,0.0871363717834794,0.802698955439822,0.999999957078353
4.95896201383721e-08,0.886258683283254,0.0241375565324627,0.0896037601842828,0.0896037601842828,0.796654923098972,0.999999956050769
5.09817606442043e-08,0.882404653543987,0.0253582961633681,0.0922370502926451,0.0922370502926452,0.790167603251342,0.999999955013457
5.24129830220606e-08,0.878248334531259,0.0267043782962835,0.095047287172457,0.095047287172457,0.783201047358802,0.999999953968385
5.38843844260822e-08,0.873763105927437,0.0281914351332663,0.0980454589392965,0.0980454589392965,0.775717646988141,0.999999952917813
5.5397092811064e-08,0.868920804024527,0.0298370261683769,0.101242169807096,0.101242169807096,0.767678634217432,0.999999951864313
5.69522677971282e-08,0.863692020621983,0.0316607661973271,0.10464721318069,0.10464721318069,0.759044807441294,0.999999950810781
5.85511015586724e-08,0.85804655768191,0.033684408323974,0.108269033994116,0.108269033994116,0.749777523687793,0.999999949760429
6.01948197382727e-08,0.851954066025986,0.0359318574054641,0.112114076568549,0.112114076568549,0.739839989457437,0.999999948716778
6.18846823862438e-08,0.84538488881091,0.0384290851131809,0.116186026075909,0.116186026075909,0.729198862735,0.999999947683625
6.3621984926575e-08,0.838311115517088,0.0412039156860873,0.120484968796825,0.120484968796825,0.717826146720263,0.999999946664983
6.54080591499826e-08,0.830707828500715,0.0442856533002556,0.125006518199029,0.12500651819903,0.705701310301685,0.999999945665013
6.72442742348425e-08,0.822554492260742,0.047704529644097,0.129740978095161,0.129740978095161,0.692813514165581,0.99999994468792
6.91320377967813e-08,0.813836398678421,0.0514909651164505,0.134672636205129,0.134672636205129,0.679163762473291,0.999999943737831
7.10727969677341e-08,0.804546046166928,0.0556746590201918,0.13977929481288,0.13977929481288,0.664766751354049,0.999999942818662
7.30680395052951e-08,0.794684306291823,0.060283550985854,0.145032142722323,0.145032142722323,0.6496521635695,0.999999941933976
7.51192949332097e-08,0.784261227954514,0.0653427229265551,0.150396049118931,0.150396049118931,0.633865178835583,0.999999941086849
7.72281357138864e-08,0.773296353594813,0.0708733316217976,0.15583031478339,0.15583031478339,0.617466038811423,0.999999940279764
7.93961784538228e-08,0.761818474185613,0.0768916701343765,0.161289855680011,0.161289855680011,0.600528618505602,0.999999939514525
8.16250851428724e-08,0.749864821519288,0.0834084477427704,0.166726730737941,0.166726730737941,0.583138090781347,0.99999993879222
8.39165644283016e-08,0.73747977185141,0.0904283533705189,0.172091874778071,0.172091874778071,0.565387897073339,0.999999938113231
8.62723729246145e-08,0.724713196777403,0.0979499317457063,0.177336871476891,0.177336871476891,0.547376325300513,0.999999937477273
8.8694316560147e-08,0.711618631842895,0.105965762885694,0.182415605271411,0.182415605271411,0.529203026571484,0.999999936883472
9.11842519614656e-08,0.698251435933815,0.114462902304521,0.187285661761664,0.187285661761665,0.51096577417215,0.999999936330465
9.374408787663e-08,0.684667089194822,0.123423517418118,0.19190939338706,0.19190939338706,0.492757695807763,0.999999935816508
9.63757866384109e-08,0.670919734518156,0.132825646986942,0.196254618494902,0.196254618494902,0.474665116023253,0.999999935339583
9.90813656685867e-08,0.657061019653468,0.142644013569571,0.200294966776961,0.200294966776961,0.456766052876507,0.999999934897497
1.01862899024469e-07,0.643139253673149,0.152850830200394,0.204009916126457,0.204009916126457,0.439129337546693,0.999999934487971
1.04722518988844e-07,0.629198858745411,0.163416557654312,0.207384583600277,0.207384583600277,0.421814275145134,0.999999934108711
1.07662417704549e-07,0.615280077663652,0.174310584191004,0.210409338145344,0.210409338145344,0.404870739518308,0.999999933757459
1.10684848854941e-07,0.601418888143918,0.18550181326364,0.213079298592442,0.213079298592442,0.388339589551476,0.999999933432041
1.13792129391531e-07,0.587647073826279,0.196959155232805,0.215393770940916,0.215393770940916,0.372253302885364,0.999999933130388
1.16986641310131e-07,0.573992406191395,0.20865192647041,0.217355667338195,0.217355667338195,0.356636738853201,0.999999932850556
1.20270833476851e-07,0.560478898633695,0.220550163747987,0.218970937618318,0.218970937618318,0.341507961015377,0.999999932590736
1.23647223505371e-07,0.547127101819867,0.232624864094778,0.220248034085355,0.220248034085355,0.326879067734513,0.999999932349253
1.27118399686903e-07,0.533954417009426,0.244848161026921,0.221197421963653,0.221197421963653,0.312756995045774,0.999999932124569
1.30687022974335e-07,0.520975410593185,0.257193447748453,0.221831141658363,0.221831141658363,0.299144268934822,0.999999931915274
1.34355829022083e-07,0.508202118480166,0.269635457040511,0.222162424479323,0.222162424479323,0.286039694000843,0.999999931720083
1.38127630283201e-07,0.495644333140174,0.282150306393667,0.222205360466159,0.222205360466159,0.273438972674015,0.999999931537823
1.42005318165368e-07,0.483309869220038,0.294715515700918,0.221974615079044,0.221974615079044,0.261335254140993,0.999999931367428
1.45991865247398e-07,0.471204805878865,0.307310003636067,0.221485190485067,0.221485190485067,0.249719615393798,0.999999931207931
1.50090327557974e-07,0.459333705518146,0.319914067758611,0.220752226723243,0.220752226723243,0.238581478794903,0.999999931058454
1.54303846918356e-07,0.447699809584882,0.332509352439187,0.219790837975931,0.219790837975931,0.227908971608951,0.999999930918197
1.58635653350859e-07,0.436305212740845,0.345078807894126,0.218615979365029,0.218615979365029,0.217689233375816,0.999999930786438
1.63089067554933e-07,0.425151017030579,0.357606642945673,0.217242340023748,0.217242340023748,0.20790867700683,0.999999930662517
1.6766750345277e-07,0.414237467830373,0.37007827357224,0.215684258597387,0.215684258597387,0.198553209232986,0.999999930545838
1.72374470806362e-07,0.403564073383928,0.382480268863985,0.213955657752087,0.213955657752087,0.189608415631842,0.999999930435856
1.77213577908036e-07,0.393129709673582,0.394800295637217,0.212069994689201,0.212069994689201,0.181059714984382,0.999999930332078
1.82188534346517e-07,0.382932712271455,0.407027062671418,0.210040225057127,0.210040225057127,0.172892487214328,0.999999930234051
1.87303153850643e-07,0.372970956684985,0.419150265302052,0.207878778012963,0.207878778012963,0.165092178672022,0.999999930141363
1.9256135721292e-07,0.363241928571116,0.431160530919549,0.205597540509335,0.205597540509335,0.15764438806178,0.999999930053641
1.97967175295133e-07,0.353742785052567,0.44304936578059,0.203207849166843,0.203207849166842,0.150534935885725,0.99999992997054
2.03524752118358e-07,0.344470408234222,0.454809103424408,0.20072048834137,0.20072048834137,0.143749919892852,0.999999929891746
2.09238348039698e-07,0.335421451891169,0.466432854897896,0.198145693210935,0.198145693210935,0.137275758680234,0.999999929816969
2.15112343018217e-07,0.326592382184034,0.477914460924075,0.195493156891891,0.195493156891891,0.131099225292142,0.999999929745947
2.21151239972549e-07,0.317979513152603,0.489248446094583,0.192772040752814,0.192772040752814,0.125207472399788,0.999999929678437
2.27359668232772e-07,0.309579037645277,0.500429975125315,0.189990987229408,0.189990987229408,0.119588050415869,0.999999929614213
2.33742387089181e-07,0.301387054258977,0.51145481118248,0.187158134558543,0.187158134558543,0.114228919700434,0.999999929553071
2.40304289440697e-07,0.293399590791114,0.522319276262122,0.184281132946764,0.184281132946764,0.109118457844349,0.99999992949482
2.47050405545683e-07,0.285612624641147,0.533020213587985,0.181367161770868,0.181367161770868,0.10424546287028,0.999999929439285
2.53985906878073e-07,0.278022100543206,0.543554951979177,0.178422947477617,0.178422947477617,0.0995991530655887,0.999999929386305
2.61116110091746e-07,0.270623945962369,0.553921272129388,0.175454781908243,0.175454781908243,0.0951691640541264,0.999999929335728
2.68446481096197e-07,0.263414084444628,0.564117374732666,0.172468540822706,0.172468540822706,0.0909455436219218,0.999999929287416
2.75982639246618e-07,0.2563884471735,0.574141850386281,0.169469702440219,0.169469702440219,0.0869187447332813,0.99999992924124
2.83730361651621e-07,0.249542982954106,0.583993651198494,0.1664633658474,0.1664633658474,0.0830796171067061,0.999999929197079
2.91695587601879e-07,0.242873666817502,0.593672064027788,0.16345426915471,0.16345426915471,0.0794193976627921,0.999999929154823
2.99884423123102e-07,0.236376507413803,0.603176685279826,0.160446807306371,0.160446807306371,0.0759297001074322,0.999999929114367
3.08303145656828e-07,0.230047553341472,0.612507397189023,0.157445049469505,0.157445049469505,0.072602503871967,0.999999929075616
3.16958208872612e-07,0.22388289854181,0.621664345512784,0.154452755945406,0.154452755945406,0.0694301425964047,0.999999929038478
3.25856247615323e-07,0.217878686871707,0.630647918568121,0.151473394560173,0.151473394560173,0.0664052923115339,0.999999929002869
3.35004082991314e-07,0.212031115953791,0.639458727542361,0.148510156503848,0.148510156503848,0.0635209594499431,0.99999992896871
3.44408727597382e-07,0.206336440391046,0.648097588011864,0.14556597159709,0.14556597159709,0.0607704687939567,0.999999928935929
3.54077390896527e-07,0.200790974422359,0.656565502605059,0.142643522972582,0.142643522972582,0.0581474514497768,0.999999928904456
3.64017484744614e-07,0.195391094086283,0.664863644748602,0.139745261165116,0.139745261165116,0.0556458329211671,0.999999928874225
3.74236629072198e-07,0.19013323895224,0.672993343437981,0.136873417609779,0.136873417609779,0.0532598213424612,0.999999928845178
3.84742657725851e-07,0.185013913471352,0.680956068976445,0.134030017552202,0.134030017552202,0.05098389591915,0.999999928817255
3.9554362447347e-07,0.180029687992929,0.688753419628665,0.131216892378406,0.131216892378406,0.0488127956145236,0.999999928790405
4.06647809178186e-07,0.175177199487242,0.696387109138058,0.1284356913747,0.1284356913747,0.0467415081125419,0.999999928764576
4.18063724145576e-07,0.170453152010491,0.703858955059114,0.125687892930394,0.125687892930394,0.0447652590800971,0.99999992873972
4.2980012064908e-07,0.165854316943698,0.711170867858494,0.122974815197809,0.122974815197809,0.0428795017458888,0.999999928715795
4.41865995638594e-07,0.161377533033611,0.718324840740922,0.120297626225467,0.120297626225467,0.0410799068081434,0.999999928692756
4.54270598637404e-07,0.1570197062605,0.7253229401582,0.1176573535813,0.1176573535813,0.0393623526791995,0.999999928670564
4.67023438832733e-07,0.152777809554863,0.732167296961741,0.115054893483396,0.115054893483396,0.0377229160714669,0.999999928649182
4.80134292365345e-07,0.148648882382588,0.738860098161153,0.11249101945626,0.11249101945626,0.0361578629263282,0.999999928628574
4.93613209823792e-07,0.144630030215898,0.745403579253321,0.109966390530781,0.109966390530781,0.034663639685117,0.999999928608706
5.07470523949047e-07,0.140718423905455,0.751800017088386,0.107481559006159,0.107481559006159,0.0332368648992952,0.999999928589548
5.21716857555435e-07,0.136911298967272,0.758051723240762,0.105036977791965,0.105036977791965,0.0318743211753071,0.999999928571067
5.36363131673925e-07,0.133205954796569,0.764161037855117,0.102633007348314,0.102633007348314,0.0305729474482555,0.999999928553237
5.5142057392403e-07,0.129599753819321,0.77013032393883,0.10026992224185,0.10026992224185,0.0293298315774706,0.999999928536029
5.66900727120743e-07,0.126090120591081,0.775961962074043,0.0979479173348757,0.0979479173348756,0.0281422032562055,0.999999928519419
5.82815458123084e-07,0.122674540851582,0.781658345523873,0.0956671136245453,0.0956671136245453,0.0270074272270365,0.999999928503381
5.99176966931061e-07,0.11935056054264,0.78722187570878,0.0934275637485801,0.0934275637485801,0.0259229967940598,0.999999928487893
6.15997796038017e-07,0.116115784796099,0.792654958030429,0.0912292571734726,0.0912292571734726,0.0248865276226259,0.999999928472933
6.33290840045511e-07,0.112967876897744,0.797959998021631,0.0890721250806247,0.0890721250806248,0.0238957518171194,0.999999928458478
6.51069355548147e-07,0.109904557232487,0.803139397802182,0.0869560449653313,0.0869560449653313,0.0229485122671553,0.999999928444511
6.69346971295867e-07,0.106923602215493,0.808195552821525,0.0848808449629814,0.0848808449629814,0.0220427572525119,0.999999928431011
6.88137698641567e-07,0.104022843213426,0.813130848870281,0.0828463079162934,0.0828463079162934,0.0211765352971327,0.99999992841796
7.07455942281988e-07,0.101200165459464,0.817947659343675,0.0808521751968605,0.0808521751968604,0.0203479902626038,0.999999928405342
7.27316511300145e-07,0.0984535069653658,0.822648342740901,0.0788981502937334,0.0788981502937334,0.0195553566716324,0.999999928393139
7.47734630517758e-07,0.09578085743344,0.827235240385327,0.0769839021812334,0.0769839021812334,0.0187969552522066,0.999999928381336
7.68725952166374e-07,0.0931802571709676,0.831710674351374,0.0751090684776586,0.0751090684776586,0.018071188693309,0.999999928369918
7.90306567886135e-07,0.0906497960092981,0.836076945584669,0.0732732584060328,0.0732732584060328,0.0173765376032653,0.999999928358871
8.12493021061405e-07,0.0881876122295805,0.840336332202881,0.0714760555675386,0.0714760555675386,0.0167115566620419,0.999999928348181
8.35302319502679e-07,0.0857918914968468,0.844491087965362,0.0697170205377914,0.0697170205377914,0.0160748709590554,0.999999928337834
8.58751948484518e-07,0.0834608658039413,0.848543440900427,0.0679956932956318,0.0679956932956318,0.0154651725083095,0.999999928327819
8.82859884149515e-07,0.0811928124265976,0.852495592079747,0.066311595493655,0.0663115954936549,0.0148812169329426,0.999999928318123
9.07644607288536e-07,0.0789860528907917,0.856349714529953,0.0646642325792553,0.0646642325792553,0.0143218203115364,0.999999928308735
9.33125117507824e-07,0.0768389519533391,0.860107952272129,0.0630530957745318,0.0630530957745318,0.0137858561788072,0.999999928299644
9.59320947793823e-07,0.0747499165965653,0.863772419480443,0.0614776639229918,0.0614776639229918,0.0132722526735735,0.999999928290839
9.86252179486878e-07,0.0727173950377538,0.867345199751653,0.0599374052105927,0.0599374052105928,0.0127799898271611,0.999999928282311
1.01393945767529e-06,0.0707398757539622,0.870828345477753,0.0584317787682852,0.0584317787682852,0.012308096985677,0.999999928274049
1.04240400702156e-06,0.0688158865226938,0.874223877314454,0.0569602361628523,0.0569602361628523,0.0118556503598415,0.999999928266044
1.07166764803286e-06,0.06694399347883,0.877533783738672,0.0555222227824978,0.0555222227824979,0.0114217706963321,0.999999928258288
1.10175281378839e-06,0.0651228001881342,0.880760020688569,0.0541171791232965,0.0541171791232965,0.0110056210648377,0.999999928250772
1.13268256713615e-06,0.0633509467375814,0.883904511280111,0.0527445419823071,0.0527445419823071,0.0106064047552743,0.999999928243487
1.16448061837269e-06,0.0616271088426905,0.886969145594468,0.0514037455628417,0.0514037455628416,0.0102233632798488,0.999999928236426
1.19717134341897e-06,0.0599499969719855,0.88995578053092,0.0500942224970947,0.0500942224970947,0.00985577447489074,0.999999928229582
1.23077980250667e-06,0.0583183554886583,0.89286623972028,0.0488154047910613,0.0488154047910613,0.00950295069759708,0.999999928222946
1.26533175938894e-06,0.0567309618094623,0.895702313494129,0.0475667246964086,0.0475667246964086,0.00916423711305366,0.999999928216512
1.30085370109057e-06,0.0551866255808191,0.898465758905467,0.0463476155137142,0.0463476155137142,0.00883901006710484,0.999999928210274
1.3373728582125e-06,0.0536841878720946,0.901158299796659,0.0451575123312468,0.0451575123312469,0.0085266755408478,0.999999928204224
1.37491722580642e-06,0.0522225203859601,0.903781626910802,0.0439958527032382,0.0439958527032382,0.00822666768272187,0.999999928198357
1.4135155848354e-06,0.0508005246857278,0.906337398042895,0.0428620772713773,0.0428620772713773,0.00793844741435055,0.999999928192667
1.4531975242369e-06,0.0494171314395302,0.908827238227415,0.0417556303330549,0.0417556303330549,0.00766150110647537,0.999999928187147
1.49399346360526e-06,0.0480712996811845,0.911252739959123,0.040675960359692,0.040675960359692,0.0073953393214925,0.999999928181793
1.5359346765109e-06,0.046762016087567,0.913615463444136,0.0396225204682974,0.0396225204682974,0.00713949561926958,0.999999928176598
1.57905331447418e-06,0.0454882942723069,0.915916936878465,0.038594768849228,0.038594768849228,0.00689352542307891,0.999999928171558
1.62338243161228e-06,0.0442491740955927,0.91815865675145,0.037592169152957,0.037592169152957,0.00665700494263566,0.999999928166668
1.66895600997803e-06,0.0430437209898709,0.920342088171633,0.0366141908384961,0.036614190838496,0.00642953015137477,0.999999928161923
1.71580898561001e-06,0.0418710253012114,0.922468665212817,0.0356603094859712,0.0356603094859712,0.0062107158152402,0.999999928157319
1.76397727531405e-06,0.040730201646097,0.924539791278199,0.0347300070757045,0.0347300070757045,0.00600019457039246,0.99999992815285
1.8134978041965e-06,0.0396203882833948,0.926556839480578,0.0338227722360267,0.0338227722360268,0.00579761604736806,0.999999928148513
1.86440853397049e-06,0.0385407465012554,0.928521153036835,0.0329381004619099,0.0329381004619099,0.0056026460393455,0.999999928144303
1.91674849205681e-06,0.0374904600186839,0.93043404567492,0.0320754943063958,0.0320754943063958,0.00541496571228813,0.999999928140217
1.9705578015018e-06,0.0364687344015214,0.932296802051802,0.0312344635466765,0.0312344635466765,0.00523427085484489,0.999999928136251
2.02587771173502e-06,0.0354747964925738,0.934110678180847,0.0304145253265789,0.0304145253265789,0.00506027116599489,0.999999928132401
2.08275063019052e-06,0.0345078938556204,0.935876901867281,0.0296152042770981,0.0296152042770981,0.00489268957852231,0.999999928128662
2.14122015481573e-06,0.0335672942330379,0.937596673150428,0.0288360326165342,0.0288360326165343,0.00473126161650364,0.999999928125033
2.20133110749303e-06,0.032652285016768,0.939271164751544,0.0280765502316877,0.0280765502316878,0.00457573478508022,0.999999928121509
2.26312956839953e-06,0.0317621727323644,0.940901522526147,0.0273363047414887,0.0273363047414887,0.00442586799087573,0.999999928118088
2.32666291133146e-06,0.0308962825358499,0.942488865919801,0.0266148515443489,0.0266148515443489,0.00428143099150098,0.999999928114765
2.39197984002024e-06,0.0300539577231169,0.944034288426433,0.0259117538504504,0.0259117538504504,0.0041422038726665,0.999999928111539
2.45913042546804e-06,0.029234559251608,0.945538858048282,0.0252265827001096,0.0252265827001096,0.00400797655149835,0.999999928108406
2.5281661443315e-06,0.0284374652740123,0.947003617756699,0.0245589169692887,0.0245589169692886,0.00387854830472364,0.999999928105363
2.59913991838293e-06,0.0276620706837179,0.948429585953024,0.0239083433632582,0.0239083433632581,0.00375372732045972,0.999999928102408
2.67210615507944e-06,0.0269077866717604,0.949817756928884,0.0232744563993554,0.0232744563993554,0.00363333027240504,0.999999928099538
2.74712078927081e-06,0.0261740402950149,0.951169101325261,0.0226568583797236,0.0226568583797236,0.00351718191529129,0.99999992809675
2.82424132607844e-06,0.0254602740553756,0.952484566589763,0.0220551593548618,0.0220551593548618,0.00340511470051378,0.999999928094042
2.90352688497781e-06,0.0247659454896765,0.95376507743156,0.0214689770787639,0.0214689770787639,0.00329696841091261,0.999999928091411
2.98503824511873e-06,0.0240905267701068,0.955011536273516,0.0208979369563772,0.0208979369563772,0.00319258981372958,0.999999928088856
3.06883789191764e-06,0.0234335043148766,0.956224823701062,0.0203416719840615,0.0203416719840615,0.00309183233081511,0.999999928086374
3.15499006495809e-06,0.0227943784088982,0.957405798907411,0.0197998226836909,0.0197998226836908,0.00299455572520735,0.999999928083963
3.24356080723581e-06,0.0221726628342443,0.958555300134762,0.0192720370309942,0.0192720370309942,0.00290062580325008,0.99999992808162
3.33461801578637e-06,0.0215678845101541,0.959674145111151,0.0187579703786954,0.0187579703786953,0.00280991413145876,0.999999928079344
3.42823149373397e-06,0.0209795831423613,0.960763131482662,0.0182572853749766,0.0182572853749767,0.00272229776738469,0.999999928077132
3.52447300380159e-06,0.0204073108815178,0.96182303724073,0.0177696518777523,0.0177696518777523,0.0026376590037655,0.999999928074984
3.62341632332315e-06,0.0198506319904973,0.962854621144292,0.0172947468652104,0.0172947468652105,0.00255588512528687,0.999999928072896
3.72513730080021e-06,0.0193091225203628,0.963858623136589,0.016832254343048,0.016832254343048,0.00247686817731475,0.999999928070867
3.82971391404628e-06,0.018782369994786,0.964835764756418,0.0163818652487956,0.0163818652487957,0.0024005047459904,0.999999928068896
3.93722632996347e-06,0.0182699731027142,0.965786749543683,0.0159432773536024,0.0159432773536024,0.00232669574911186,0.999999928066981
4.04775696599732e-06,0.01777154139908,0.966712263439095,0.0155161951618253,0.0155161951618253,0.00225534623725469,0.99999992806512
4.16139055331671e-06,0.0172866950133567,0.9676129751779,0.0151003298087433,0.0151003298087433,0.00218636520461334,0.999999928063311
4.27821420176762e-06,0.0168150643657641,0.968489536677543,0.0146953989566932,0.0146953989566932,0.00211966540907089,0.999999928061553
4.39831746665023e-06,0.0163562898909354,0.969342583419159,0.0143011266899052,0.0143011266899052,0.0020551632010302,0.999999928059845
