1e-09,0.951684265674541,0.0148747705531355,0.033440963772323,0.033440963772323,0.918243301902218,0.999999999048316
1.02807322383086e-09,0.951664428294106,0.0148815751540239,0.0334539965518698,0.0334539965518698,0.918210431742236,0.999999999021619
1.05693455355799e-09,0.951644017901884,0.0148885769063492,0.0334674051917669,0.0334674051917668,0.918176612710117,0.999999998994174
1.0866061138546e-09,0.951623017474924,0.014895781701614,0.0334812008234618,0.0334812008234618,0.918141816651462,0.999999998965961
1.11711065050482e-09,0.951601409457358,0.0149031956177494,0.0334953949248929,0.033495394924893,0.918106014532465,0.999999998936956
1.14847154784029e-09,0.951579175742151,0.0149108249256099,0.0335099993322388,0.0335099993322387,0.918069176409912,0.999999998907138
1.18071284666619e-09,0.951556297652151,0.0149186760957284,0.033525026252121,0.0335250262521209,0.91803127140003,0.999999998876485
1.21385926269063e-09,0.951532755920377,0.0149267558053437,0.033540488274279,0.0335404882742789,0.917992267646098,0.999999998844973
1.24793620547131e-09,0.951508530669546,0.014935070945713,0.0335563983847406,0.0335563983847406,0.917952132284806,0.999999998812578
1.28296979789415e-09,0.951483601390768,0.0149436286297223,0.0335727699795091,0.0335727699795092,0.917910831411259,0.999999998779275
1.31898689619867e-09,0.951457946921397,0.0149524361998111,0.0335896168787923,0.0335896168787924,0.917868330042604,0.999999998745039
1.35601511056563e-09,0.951431545421979,0.014961501236224,0.0336069533417966,0.0336069533417966,0.917824592080183,0.999999998709845
1.39408282628258e-09,0.951404374352278,0.0149708315656079,0.0336247940821143,0.0336247940821144,0.917779580270163,0.999999998673664
1.43321922550358e-09,0.951376410446298,0.0149804352699696,0.0336431542837322,0.0336431542837321,0.917733256162566,0.999999998636469
1.47345430961984e-09,0.951347629686299,0.0149903206960127,0.0336620496176887,0.0336620496176887,0.91768558006861,0.999999998598233
1.51481892225835e-09,0.951318007275713,0.015000496464873,0.0336814962594134,0.0336814962594135,0.9176365110163,0.999999998558926
1.55734477292614e-09,0.951287517610948,0.015010971482272,0.0337015109067802,0.0337015109067801,0.917586006704168,0.999999998518517
1.60106446131832e-09,0.951256134251982,0.0150217549491097,0.0337221107989083,0.0337221107989083,0.917534023453074,0.999999998476978
1.64601150230855e-09,0.951223829891731,0.0150328563725199,0.0337433137357495,0.0337433137357496,0.917480516155981,0.999999998434274
1.69222035164104e-09,0.95119057632409,0.0150442855774111,0.0337651380984989,0.033765138098499,0.917425438225591,0.999999998390376
1.7397264323438e-09,0.951156344410611,0.0150560527185189,0.0337876028708701,0.03378760287087,0.917368741539741,0.999999998345248
1.78856616188346e-09,0.951121104045725,0.0150681682929959,0.0338107276612791,0.033810727661279,0.917310376384446,0.999999998298857
1.83877698008233e-09,0.951084824120449,0.0150806431535688,0.0338345327259819,0.0338345327259818,0.917250291394467,0.999999998251167
1.89039737781922e-09,0.951047472484494,0.0150934885222917,0.0338590389932145,0.0338590389932145,0.917188433491279,0.999999998202142
1.94346692653602e-09,0.951009015906684,0.0151067160049286,0.0338842680883869,0.033884268088387,0.917124747818297,0.999999998151745
1.99802630857255e-09,0.950969420033616,0.0151203376059989,0.0339102423603852,0.0339102423603851,0.917059177673231,0.999999998099938
2.05411734835306e-09,0.950928649346439,0.0151343657445214,0.0339369849090393,0.0339369849090393,0.9169916644374,0.999999998046681
2.11178304444824e-09,0.950886667115684,0.0151488132704967,0.0339645196138189,0.033964519613819,0.916922147501866,0.999999997991934
2.17106760253726e-09,0.950843435354012,0.0151636934821681,0.0339928711638198,0.0339928711638198,0.916850564190192,0.999999997935655
2.23201646929523e-09,0.950798914766782,0.0151790201441046,0.0340220650891129,0.034022065089113,0.91677684967767,0.999999997877801
2.29467636723194e-09,0.950753064700321,0.0151948075061529,0.0340521277935258,0.0340521277935258,0.916700936906795,0.999999997818329
2.35909533050864e-09,0.950705843087755,0.0152110703233078,0.0340830865889372,0.0340830865889372,0.916622756498818,0.999999997757194
2.42532274176036e-09,0.950657206392282,0.0152278238765534,0.034114969731165,0.0341149697311649,0.916542236661117,0.999999997694349
2.49340936995188e-09,0.950607109547732,0.0152450839947316,0.034147806457537,0.034147806457537,0.916459303090195,0.999999997629747
2.56340740929651e-09,0.950555505896265,0.0152628670774984,0.0341816270262368,0.0341816270262367,0.916373878870028,0.999999997563339
2.63537051926739e-09,0.950502347123043,0.0152811901194316,0.034216462757525,0.034216462757525,0.916285884365518,0.999999997495074
2.70935386573205e-09,0.950447583187702,0.0153000707353575,0.0342523460769408,0.0342523460769408,0.916195237110761,0.999999997424901
2.78541416324176e-09,0.95039116225243,0.0153195271869726,0.0342893105605976,0.0342893105605976,0.916101851691832,0.999999997352767
2.86360971850811e-09,0.950333030606474,0.0153395784108346,0.0343273909826913,0.0343273909826913,0.916005639623783,0.999999997278617
2.94400047510004e-09,0.950273132586839,0.0153602440478098,0.0343666233653513,0.0343666233653513,0.915906509221487,0.999999997202395
3.0266480593957e-09,0.950211410494965,0.0153815444740649,0.0344070450309697,0.0344070450309697,0.915804365463996,0.999999997124045
3.11161582782436e-09,0.950147804509148,0.0154035008336986,0.0344486946571537,0.0344486946571537,0.915699109851994,0.999999997043505
3.19896891543454e-09,0.950082252592424,0.0154261350731173,0.0344916123344591,0.0344916123344592,0.915590640257964,0.999999996960717
3.28877428582551e-09,0.950014690395666,0.0154494699772643,0.0345358396270695,0.0345358396270695,0.915478850768597,0.999999996875616
3.38110078248068e-09,0.94994505115558,0.0154735292078202,0.0345814196365996,0.0345814196365996,0.915363631518981,0.99999999678814
3.47601918154197e-09,0.949873265587285,0.0154983373435028,0.0346283970692123,0.0346283970692123,0.915244868518073,0.999999996698222
3.57360224606578e-09,0.949799261771144,0.0155239199226014,0.0346768183062546,0.0346768183062546,0.915122443464889,0.999999996605795
3.67392478180208e-09,0.949722965033479,0.0155503034878931,0.0347267314786283,0.0347267314786284,0.91499623355485,0.999999996510789
3.77706369453937e-09,0.949644297820773,0.0155775156340978,0.0347781865451295,0.0347781865451295,0.914866111275643,0.999999996413133
3.88309804905961e-09,0.94956317956695,0.0156055850580423,0.0348312353750074,0.0348312353750073,0.914731944191943,0.999999996312753
3.99210912974805e-09,0.949479526553274,0.0156345416117151,0.0348859318350107,0.0348859318350107,0.914593594718264,0.999999996209574
4.10418050290471e-09,0.949393251760382,0.0156644163584094,0.0349423318812083,0.0349423318812082,0.914450919879174,0.999999996103519
4.21939808080502e-09,0.94930426471194,0.0156952416321659,0.0350004936558944,0.0350004936558943,0.914303771056045,0.999999995994507
4.33785018755898e-09,0.949212471309347,0.0157270511007444,0.0350604775899088,0.0350604775899088,0.914151993719438,0.999999995882458
4.45962762681909e-09,0.949117773656899,0.0157598798323706,0.0351223465107305,0.0351223465107305,0.913995427146168,0.999999995767288
4.58482375138911e-09,0.949020069876748,0.0157937643665256,0.0351861657567263,0.0351861657567262,0.913833904120022,0.99999999564891
4.71353453478692e-09,0.948919253912964,0.015828742789067,0.0352520032979685,0.0352520032979685,0.913667250614996,0.999999995527236
4.8458586448165e-09,0.948815215323942,0.0158648548119912,0.0353199298640665,0.0353199298640665,0.913495285459876,0.999999995402176
4.98189751920517e-09,0.948707839062332,0.0159021418581786,0.035390019079489,0.035390019079489,0.913317819982843,0.999999995273635
5.12175544336424e-09,0.94859700524162,0.0159406471514837,0.0354623476068958,0.0354623476068958,0.913134657634725,0.999999995141518
5.26553963033276e-09,0.948482588888396,0.0159804158125698,0.035536995299034,0.035536995299034,0.912945593589362,0.999999995005727
5.41336030296538e-09,0.948364459679282,0.0160214949609183,0.0356140453598002,0.0356140453598002,0.912750414319481,0.999999994866161
5.56533077842764e-09,0.948242481661402,0.0160639338234784,0.0356935845151198,0.0356935845151197,0.912548897146282,0.999999994722717
5.72156755506324e-09,0.94811651295519,0.0161077838504685,0.0357757031943415,0.0357757031943414,0.912340809760849,0.999999994575287
5.88219040169997e-09,0.947986405438211,0.0161530988388789,0.0358604957229104,0.0358604957229105,0.9121259097153,0.999999994423764
6.04732244946265e-09,0.947852004408582,0.0161999350642795,0.0359480605271381,0.0359480605271381,0.911903943881444,0.999999994268033
6.21709028616383e-09,0.947713148226452,0.0162483514215873,0.0360385003519609,0.036038500351961,0.911674647874491,0.999999994107982
6.39162405334401e-09,0.947569667931841,0.0162984095755074,0.0361319224926511,0.0361319224926511,0.91143774543919,0.999999993943491
6.57105754603627e-09,0.947421386837045,0.0163501741214294,0.0362284390415255,0.0362284390415255,0.91119294779552,0.99999999377444
6.75552831533164e-09,0.947268120091583,0.0164037127576282,0.0363281671507889,0.0363281671507889,0.910939952940794,0.999999993600703
6.94517777382369e-09,0.947109674217553,0.0164590964697031,0.0364312293127434,0.0364312293127435,0.91067844490481,0.999999993422155
7.14015130401339e-09,0.946945846613023,0.0165163997282723,0.0365377536587048,0.0365377536587048,0.910408092954318,0.999999993238664
7.3405983697572e-09,0.946776425020877,0.0165757007010389,0.0366478742780837,0.0366478742780838,0.910128550742794,0.999999993050095
7.5466726308439e-09,0.946601186960329,0.016637081480452,0.0367617315592187,0.0367617315592187,0.909839455401111,0.999999992856311
7.75853206078784e-09,0.946419899118007,0.016700628328305,0.0368794725536884,0.0368794725536883,0.909540426564318,0.999999992657171
7.97633906792928e-09,0.946232316695266,0.0167664319387452,0.0370012513659892,0.0370012513659891,0.909231065329276,0.99999999245253
8.20026061993413e-09,0.946038182708052,0.0168345877213155,0.037127229570633,0.037127229570633,0.908910953137419,0.99999999224224
8.43046837178897e-09,0.945837227235279,0.0169051961058112,0.0372575766589099,0.0372575766589099,0.908579650576369,0.999999992026149
8.66713879738922e-09,0.945629166611311,0.0169783628709188,0.0373924705177697,0.0373924705177697,0.908236696093542,0.999999991804101
8.9104533248215e-09,0.945413702557696,0.0170541994988015,0.0375320979435027,0.0375320979435028,0.907881604614193,0.999999991575935
9.16059847544369e-09,0.945190521248817,0.0171328235580258,0.0376766551931572,0.0376766551931571,0.90751386605566,0.999999991341489
9.41776600686954e-09,0.94495929230562,0.0172143591174718,0.0378263485769079,0.0378263485769079,0.907132943728712,0.999999991100595
9.6821530599671e-09,0.944719667710947,0.0172989371941537,0.0379813950948991,0.0379813950948991,0.906738272616048,0.99999999085308
9.95396230998424e-09,0.94447128063938,0.0173866962381901,0.0381420231224304,0.0381420231224304,0.906329257516949,0.999999990598768
1.02334021219164e-08,0.944213744193756,0.0174777826585164,0.0383084731477278,0.0383084731477278,0.905905271046028,0.999999990337481
1.05206867102362e-08,0.943946650039704,0.0175723513933305,0.0384809985669657,0.0384809985669657,0.905465651472738,0.999999990069033
1.08160363031071e-08,0.94366956692863,0.0176705665297021,0.0386598665416678,0.0386598665416679,0.905009700386962,0.999999989793236
1.1119677311207e-08,0.943382039098587,0.0177726019772828,0.0388453589241301,0.03884535892413,0.904536680174457,0.999999989509896
1.14318425012915e-08,0.943083584541306,0.0178786422016103,0.0390377732570842,0.0390377732570841,0.904045811284221,0.999999989218817
1.17527711746295e-08,0.942773693122408,0.0179888830231421,0.0392374238544501,0.0392374238544502,0.903536269267958,0.999999988919797
1.20827093504478e-08,0.942451824540397,0.018103532488865,0.0394446429707378,0.0394446429707377,0.903007181569659,0.999999988612628
1.24219099545262e-08,0.94211740610842,0.0182228118241415,0.0396597820674382,0.0396597820674381,0.902457624040982,0.999999988297102
1.27706330130864e-08,0.94176983034101,0.0183469564733688,0.0398832131856213,0.0398832131856212,0.901886617155389,0.999999987973003
1.31291458521247e-08,0.941408452326006,0.0184762172390687,0.0401153304349255,0.0401153304349254,0.90129312189108,0.999999987640111
1.34977233023394e-08,0.941032586859586,0.0186108615302045,0.0403565516102096,0.0403565516102096,0.900676035249376,0.999999987298203
1.38766479098131e-08,0.9406415053198,0.0187511747318632,0.040607319948337,0.0406073199483371,0.900034185371463,0.999999986947049
1.42662101526074e-08,0.940234432251124,0.0188974617099681,0.0408681060389076,0.0408681060389077,0.899366326212217,0.999999986586418
1.46667086634397e-08,0.939810541629333,0.0190500484664256,0.0411394099042413,0.0411394099042413,0.898671131725092,0.999999986216072
1.50784504586105e-08,0.939368952772323,0.0192092839620939,0.0414217632655833,0.0414217632655832,0.897947189506739,0.999999985835772
1.55017511733577e-08,0.938908725858423,0.0193755421272292,0.0417157320143475,0.0417157320143475,0.897192993844076,0.99999998544527
1.59369353038178e-08,0.938428857009068,0.0195492240816566,0.0420219189092751,0.0420219189092751,0.896406938099793,0.99999998504432
1.63843364557798e-08,0.937928272887442,0.0197307605898865,0.0423409665226711,0.0423409665226712,0.895587306364771,0.999999984632668
1.68442976004231e-08,0.937405824758778,0.0199206147798005,0.0426735604614217,0.0426735604614217,0.894732264297356,0.999999984210057
1.73171713372335e-08,0.936860281951245,0.0201192851574442,0.043020432891311,0.043020432891311,0.893839849059934,0.99999998377623
1.78033201643011e-08,0.936290324648768,0.0203273089549612,0.0433823663962704,0.0433823663962704,0.892907958252498,0.999999983330924
1.83031167562061e-08,0.93569453593849,0.0205452658538771,0.0437601982076328,0.0437601982076329,0.891934337730857,0.999999982873874
1.88169442497056e-08,0.935071393025849,0.0207737821319037,0.0441548248422472,0.0441548248422472,0.890916568183602,0.999999982404814
1.93451965374404e-08,0.934419257519236,0.02101353528831,0.0445672071924539,0.044567207192454,0.889852050326782,0.999999981923476
1.98882785698881e-08,0.93373636467372,0.0212652592108398,0.0449983761154397,0.0449983761154397,0.888737988558281,0.999999981429591
2.04466066657912e-08,0.933020811469296,0.0215297499563189,0.0454494385743849,0.0454494385743848,0.887571372894911,0.99999998092289
2.10206088313016e-08,0.932270543383253,0.0218078722276837,0.0459215843890638,0.0459215843890638,0.886348958994189,0.999999980403106
2.16107250880838e-08,0.931483339698463,0.0221005666424029,0.0464160936591342,0.0464160936591342,0.885067246039329,0.99999997986997
2.22174078106288e-08,0.930656797169419,0.0224088579014122,0.0469343449291687,0.0469343449291686,0.88372245224025,0.999999979323218
2.28411220730383e-08,0.929788311845529,0.0227338639840344,0.0474778241704366,0.0474778241704366,0.882310487675092,0.999999978762592
2.34823460055428e-08,0.928875058826412,0.0230768065132474,0.0480481346603406,0.0480481346603406,0.880826924166071,0.999999978187834
2.41415711610302e-08,0.927913969696551,0.023439022457459,0.0486470078459901,0.0486470078459902,0.879266961850561,0.999999977598699
2.48193028918626e-08,0.926901707356704,0.0238219773600581,0.0492763152832384,0.0492763152832384,0.877625392073465,0.999999976994946
2.55160607372719e-08,0.92583463793705,0.0242272803168743,0.0499380817460753,0.0499380817460754,0.875896556190975,0.999999976376347
2.62323788216312e-08,0.924708799442513,0.0246567009547483,0.0506344996027385,0.0506344996027385,0.874074299839775,0.999999975742688
2.69688062639069e-08,0.923519866744669,0.0251121887021378,0.0513679445531927,0.0513679445531928,0.872151922191477,0.999999975093772
2.77259075986048e-08,0.922263112498323,0.0255958946854636,0.052140992816213,0.0521409928162131,0.87012211968211,0.999999974429418
2.85042632085343e-08,0.920933363525838,0.0261101966330387,0.0529564398411229,0.0529564398411229,0.867976923684715,0.999999973749473
2.93044697697214e-08,0.919524952181483,0.0266577272220048,0.0538173205965123,0.0538173205965123,0.865707631584971,0.999999973053809
3.01271407088116e-08,0.918031662185259,0.0272414063624994,0.0547269314522418,0.0547269314522418,0.863304730733017,0.999999972342331
3.09729066733141e-08,0.916446668406734,0.0278644779764783,0.0556888536167882,0.0556888536167882,0.860757814789945,0.999999971614983
3.18424160150466e-08,0.914762470092472,0.0285305518945919,0.0567069780129362,0.0567069780129361,0.858055492079536,0.999999970871753
3.27363352871525e-08,0.912970817077205,0.0292436515603233,0.0577855313624716,0.0577855313624716,0.855185285714734,0.999999970112681
3.36553497550709e-08,0.911062628614716,0.0300082682914313,0.0589291030938527,0.0589291030938526,0.852133525520863,0.999999969337868
3.46001639218511e-08,0.909027904631061,0.0308294228970574,0.0601426724718821,0.060142672471882,0.848885232159178,0.999999968547485
3.55715020682138e-08,0.906855629468976,0.0317127354732788,0.0614316350577449,0.061431635057745,0.845423994411231,0.999999967741783
3.65701088077749e-08,0.904533668596041,0.0326645041836838,0.0628018272202752,0.0628018272202753,0.841731841375766,0.999999966921105
3.75967496578547e-08,0.902048659339077,0.0336917937507748,0.064259546910148,0.064259546910148,0.837789112428929,0.999999966085902
3.86522116263126e-08,0.899385897544515,0.0348025342051879,0.0658115682502973,0.0658115682502973,0.833574329294217,0.999999965236746
3.97373038148561e-08,0.896529223222596,0.0360056301172789,0.067465146660125,0.0674651466601249,0.829064076562471,0.999999964374346
4.08528580392857e-08,0.893460909796689,0.0373110800093398,0.0692280101939709,0.0692280101939708,0.824232899602719,0.999999963499568
4.19997294671531e-08,0.890161563636073,0.0387301048399087,0.0711083315240186,0.0711083315240185,0.819053232112054,0.999999962613455
4.31787972733202e-08,0.886610043180403,0.0402752832715161,0.0731146735480811,0.0731146735480811,0.813495369632322,0.999999961717245
4.43909653139217e-08,0.882783410211265,0.0419606897754304,0.075255900013305,0.075255900013305,0.80752751019796,0.999999960812392
4.56371628192476e-08,0.878656929659608,0.0438020293879801,0.077541040952412,0.0775410409524119,0.801115888707196,0.99999995990059
4.6918345106078e-08,0.874204138588761,0.0458167600348575,0.0799791013763815,0.0799791013763815,0.794225037212379,0.999999958983788
4.82354943100147e-08,0.869397009270553,0.0480241897726874,0.0825788009567598,0.0825788009567597,0.786818208313793,0.999999958064205
4.95896201383721e-08,0.864206234864816,0.0504455321846446,0.0853482329505394,0.0853482329505393,0.778858001914277,0.999999957144341
5.09817606442043e-08,0.858601667993721,0.0531038988532597,0.0882944331530194,0.0882944331530194,0.770307234840702,0.999999956226975
5.24129830220606e-08,0.852552940893109,0.0560242039816661,0.0914228551252247,0.0914228551252247,0.761130085767884,0.999999955315157
5.38843844260822e-08,0.84603028888742,0.0592329539030663,0.094736757209514,0.094736757209514,0.751293531677906,0.999999954412179
5.5397092811064e-08,0.839005584711503,0.0627578948585912,0.0982365204299057,0.0982365204299057,0.740769064281597,0.99999995352153
5.69522677971282e-08,0.831453568357662,0.0666274977141853,0.101918933928153,0.101918933928153,0.729534634429509,0.999999952646834
5.85511015586724e-08,0.823353225919757,0.0708702697218685,0.105776504358375,0.105776504358375,0.717576721561382,0.999999951791762
6.01948197382727e-08,0.814689234257682,0.0755139016470435,0.109796864095274,0.109796864095274,0.704892370162408,0.999999950959928
6.18846823862438e-08,0.805453352466,0.0805842825555644,0.113962364978435,0.113962364978435,0.691490987487565,0.999999950154775
6.3621984926575e-08,0.795645615271077,0.0861044409873007,0.118249943741622,0.118249943741622,0.677395671529455,0.999999949379447
6.54080591499826e-08,0.785275177650065,0.0920934946463061,0.122631327703629,0.122631327703629,0.662643849946435,0.999999948636675
6.72442742348425e-08,0.774360681549605,0.0985657045567749,0.12707361389362,0.12707361389362,0.647287067655985,0.999999947928678
6.91320377967813e-08,0.762930065474718,0.105529728366705,0.131540206158578,0.131540206158578,0.63138985931614,0.99999994725709
7.10727969677341e-08,0.751019808188815,0.112988149036009,0.135992042775177,0.135992042775177,0.615027765413638,0.999999946622922
7.30680395052951e-08,0.738673673738895,0.120937322254514,0.140389004006591,0.140389004006591,0.598284669732304,0.999999946026563
7.51192949332097e-08,0.725941088822219,0.129367545680885,0.144691365496896,0.144691365496896,0.581249723325323,0.999999945467817
7.72281357138864e-08,0.712875321080469,0.138263514565042,0.14886116435449,0.14886116435449,0.564014156725979,0.999999944945968
7.93961784538228e-08,0.69953163244865,0.147604999474707,0.152863368076643,0.152863368076643,0.546668264372007,0.999999944459862
8.16250851428724e-08,0.685965558649975,0.157367667100341,0.156666774249684,0.156666774249684,0.529298784400291,0.999999944008003
8.39165644283016e-08,0.672231424347145,0.167523964589369,0.160244611063487,0.160244611063487,0.511986813283658,0.999999943588648
8.62723729246145e-08,0.658381155487636,0.178043998343796,0.163574846168567,0.163574846168567,0.494806309319069,0.999999943199895
8.8694316560147e-08,0.64446340629886,0.188896354945749,0.16664023875539,0.16664023875539,0.47782316754347,0.999999942839759
9.11842519614656e-08,0.630522984472838,0.200048830271144,0.169428185256018,0.169428185256018,0.461094799216821,0.999999942506233
9.374408787663e-08,0.616600536426609,0.211469049563409,0.171930414009983,0.171930414009983,0.444670122416626,0.999999942197345
9.63757866384109e-08,0.602732444139501,0.22312497445194,0.174142581408559,0.174142581408559,0.428589862730942,0.999999941911186
9.90813656685867e-08,0.588950883329631,0.234985302104516,0.176063814565853,0.176063814565853,0.412887068763778,0.999999941645942
1.01862899024469e-07,0.575283996620385,0.247019767245956,0.177696236133658,0.177696236133658,0.397587760486727,0.999999941399904
1.04722518988844e-07,0.561756142209305,0.25919936041761,0.179044497373085,0.179044497373085,0.38271164483622,0.999999941171482
1.07662417704549e-07,0.548388186419253,0.271496476445562,0.180115337135185,0.180115337135185,0.368272849284067,0.999999940959202
1.10684848854941e-07,0.535197816126798,0.283885006387872,0.18091717748533,0.18091717748533,0.354280638641468,0.99999994076171
1.13792129391531e-07,0.522199853748858,0.296340384831751,0.181459761419391,0.181459761419391,0.340740092329467,0.999999940577767
1.16986641310131e-07,0.509406562960369,0.308839602722531,0.1817538343171,0.1817538343171,0.327652728643269,0.999999940406237
1.20270833476851e-07,0.4968279376018,0.321361194190054,0.181810868208146,0.181810868208146,0.315017069393655,0.99999994024609
1.23647223505371e-07,0.484471969439996,0.333885204243749,0.181642826316255,0.181642826316255,0.302829143123741,0.999999940096386
1.27118399686903e-07,0.472344892748825,0.346393142806728,0.181261964444447,0.181261964444447,0.291082928304378,0.999999939956273
1.30687022974335e-07,0.460451405265259,0.358867929373842,0.180680665360899,0.180680665360899,0.27977073990436,0.999999939824977
1.34355829022083e-07,0.448794866122439,0.371293831602642,0.179911302274919,0.179911302274919,0.268883563847519,0.999999939701794
1.38127630283201e-07,0.437377472007831,0.38365640035866,0.178966127633509,0.178966127633509,0.258411344374322,0.999999939586086
1.42005318165368e-07,0.426200413156121,0.395942403111053,0.177857183732826,0.177857183732826,0.248343229423295,0.999999939477275
1.45991865247398e-07,0.415264010951176,0.408139757084058,0.176596231964766,0.176596231964766,0.23866777898641,0.999999939374832
1.50090327557974e-07,0.404567838944586,0.420237463188898,0.175194697866516,0.175194697866516,0.22937314107807,0.99999993927828
1.54303846918356e-07,0.394110829047561,0.432225541467706,0.173663629484733,0.173663629484733,0.220447199562828,0.999999939187183
1.58635653350859e-07,0.383891364551824,0.444094968557289,0.172013666890887,0.172013666890887,0.211877697660937,0.999999939101143
1.63089067554933e-07,0.373907361506977,0.455837617510976,0.170255020982047,0.170255020982047,0.20365234052493,0.999999939019797
1.6766750345277e-07,0.364156339842034,0.467446200189323,0.168397459968643,0.168397459968643,0.195758879873391,0.999999938942816
1.72374470806362e-07,0.354635485477796,0.47891421233532,0.166450302186884,0.166450302186884,0.188185183290913,0.999999938869896
1.77213577908036e-07,0.345341704540625,0.490235881379546,0.164422414079829,0.164422414079829,0.180919290460796,0.999999938800761
1.82188534346517e-07,0.336271670660709,0.501406116969454,0.162322212369838,0.162322212369838,0.173949458290871,0.999999938735157
1.87303153850643e-07,0.327421866221007,0.512420464180162,0.16015766959883,0.16015766959883,0.167264196622177,0.999999938672852
1.9256135721292e-07,0.318788618317335,0.523275059338203,0.157936322344462,0.157936322344462,0.160852295972873,0.999999938613631
1.97967175295133e-07,0.310368130095516,0.533966588372026,0.155665281532458,0.155665281532458,0.154702848563058,0.999999938557298
2.03524752118358e-07,0.302156508047688,0.544492247591561,0.15335124436075,0.15335124436075,0.148805263686938,0.999999938503672
2.09238348039698e-07,0.29414978577591,0.554849706792213,0.151000507431878,0.151000507431878,0.143149278344032,0.999999938452585
2.15112343018217e-07,0.286343944666303,0.56503707457521,0.148618980758486,0.148618980758486,0.137724963907817,0.999999938403883
2.21151239972549e-07,0.278734931860236,0.575052865775213,0.14621220236455,0.14621220236455,0.132522729495686,0.999999938357424
2.27359668232772e-07,0.27131867585948,0.584895970886901,0.143785353253618,0.143785353253618,0.127533322605862,0.999999938313076
2.33742387089181e-07,0.26409110005917,0.594565627384386,0.141343272556444,0.141343272556444,0.122747827502726,0.999999938270716
2.40304289440697e-07,0.257048134464842,0.604061392830278,0.138890472704881,0.138890472704881,0.118157661759961,0.999999938230231
2.47050405545683e-07,0.250185725817208,0.613383119674862,0.136431154507929,0.136431154507929,0.113754571309279,0.999999938191515
2.53985906878073e-07,0.243499846319983,0.622530931649823,0.133969222030194,0.133969222030194,0.109530624289789,0.999999938154471
2.61116110091746e-07,0.236986501141432,0.631505201665141,0.131508297193427,0.131508297193427,0.105478203948005,0.999999938119007
2.68446481096197e-07,0.230641734838917,0.640306531122164,0.129051734038919,0.129051734038919,0.101590000799997,0.999999938085038
2.75982639246618e-07,0.224461636837108,0.648935730560072,0.126602632602821,0.126602632602821,0.0978590042342869,0.999999938052485
2.83730361651621e-07,0.218442346074336,0.657393801557316,0.124163852368349,0.124163852368349,0.0942784937059868,0.999999938021274
2.91695587601879e-07,0.212580054917481,0.665681919813708,0.121738025268811,0.121738025268811,0.0908420296486706,0.999999937991336
2.99884423123102e-07,0.206871012433525,0.673801419342914,0.119327568223561,0.119327568223561,0.0875434442099634,0.999999937962606
3.08303145656828e-07,0.201311527095182,0.681753777708966,0.116934695195852,0.116934695195852,0.08437683189933,0.999999937935023
3.16958208872612e-07,0.195897968988732,0.689540602244139,0.114561428767129,0.114561428767129,0.0813365402216025,0.999999937908531
3.25856247615323e-07,0.190626771583963,0.697163617189104,0.112209611226933,0.112209611226933,0.0784171603570306,0.999999937883076
3.35004082991314e-07,0.185494433119081,0.704624651699615,0.109880915181304,0.109880915181304,0.0756135179377775,0.999999937858608
3.44408727597382e-07,0.180497517647125,0.711925628667257,0.107576853685618,0.107576853685618,0.0729206639615064,0.99999993783508
3.54077390896527e-07,0.175632655785042,0.719068554304743,0.105298789910214,0.105298789910214,0.0703338658748281,0.999999937812447
3.64017484744614e-07,0.170896545201722,0.726055508449219,0.103047946349059,0.103047946349059,0.0678485988526628,0.999999937790669
3.74236629072198e-07,0.166285950877103,0.732888635539671,0.100825413583226,0.100825413583226,0.0654605372938765,0.999999937769706
3.84742657725851e-07,0.161797705160775,0.73957013622717,0.0986321586120547,0.0986321586120546,0.0631655465487203,0.999999937749521
3.9554362447347e-07,0.157428707655232,0.746102259579051,0.0964690327657167,0.0964690327657168,0.0609596748895152,0.999999937730078
4.06647809178186e-07,0.153175924946053,0.752487295840465,0.0943367792134819,0.0943367792134819,0.0588391457325709,0.999999937711346
4.18063724145576e-07,0.149036390198788,0.758727569718852,0.0922360400823597,0.0922360400823597,0.0568003501164286,0.999999937693292
4.2980012064908e-07,0.145007202640064,0.764825434158947,0.0901673632009886,0.0901673632009886,0.0548398394390758,0.999999937675887
4.41865995638594e-07,0.141085526938465,0.770783264577821,0.0881312084837137,0.0881312084837137,0.0529543184547516,0.999999937659103
4.54270598637404e-07,0.137268592498998,0.776603453531273,0.0861279539697287,0.0861279539697287,0.0511406385292693,0.999999937642914
4.67023438832733e-07,0.133553692683401,0.782288405784585,0.0841579015320145,0.0841579015320145,0.0493957911513865,0.999999937627295
4.80134292365345e-07,0.129938183967187,0.787840533762237,0.0822212822705762,0.0822212822705762,0.0477169016966111,0.999999937612222
4.93613209823792e-07,0.126419485043097,0.793262253352711,0.0803182616041919,0.0803182616041919,0.0461012234389055,0.999999937597672
5.07470523949047e-07,0.122995075879557,0.798555980045891,0.0784489440745521,0.0784489440745521,0.044546131805005,0.999999937583624
5.21716857555435e-07,0.119662496741772,0.803724125381938,0.0766133778762894,0.0766133778762894,0.0430491188654831,0.999999937570058
5.36363131673925e-07,0.116419347182251,0.808769093691743,0.0748115591260058,0.0748115591260058,0.0416077880562457,0.999999937556954
5.5142057392403e-07,0.113263285006764,0.813693279110266,0.0730434358829697,0.0730434358829697,0.0402198491237943,0.999999937544294
5.66900727120743e-07,0.110192025221094,0.818499062845174,0.0713089119337315,0.0713089119337314,0.0388831132873629,0.999999937532061
5.82815458123084e-07,0.107203338963321,0.823188810684226,0.0696078503524527,0.0696078503524526,0.0375954886108687,0.999999937520237
5.99176966931061e-07,0.104295052425832,0.827764870725867,0.0679400768483015,0.0679400768483014,0.0363549755775304,0.999999937508807
6.15997796038017e-07,0.101465045770787,0.832229571318398,0.0663053829108148,0.0663053829108149,0.0351596628599722,0.999999937497756
6.33290840045511e-07,0.0987112520423363,0.836585219193978,0.0647035287636858,0.0647035287636858,0.0340077232786505,0.999999937487068
6.51069355548147e-07,0.0960316560784838,0.840834097784526,0.0631342461369901,0.0631342461369902,0.0328974099414937,0.999999937476732
6.69346971295867e-07,0.0934242934251766,0.844978465707384,0.0615972408674398,0.0615972408674398,0.0318270525577369,0.999999937466732
6.88137698641567e-07,0.0908872492548679,0.849020555409313,0.0600921953358196,0.0600921953358196,0.0307950539190483,0.999999937457057
7.07455942281988e-07,0.0884186572915414,0.8529625719581,0.0586187707503585,0.0586187707503586,0.0297998865411829,0.999999937447696
7.27316511300145e-07,0.0860166987439337,0.856806691971688,0.0571766092843782,0.0571766092843782,0.0288400894595555,0.999999937438635
7.47734630517758e-07,0.0836796012484681,0.860555062675357,0.0557653360761751,0.0557653360761751,0.027914265172293,0.999999937429864
7.68725952166374e-07,0.0814056378232227,0.864209801078062,0.0543845610987155,0.0543845610987156,0.0270210767245071,0.999999937421374
7.90306567886135e-07,0.079193125834073,0.86777299325957,0.0530338809063567,0.0530338809063566,0.0261592449277164,0.999999937413153
8.12493021061405e-07,0.0770404259739924,0.871246693760552,0.0517128802654554,0.0517128802654553,0.025327545708537,0.999999937405192
8.35302319502679e-07,0.0749459412563535,0.874632925068254,0.0504211336753922,0.0504211336753922,0.0245248075809612,0.999999937397481
8.58751948484518e-07,0.0729081160229461,0.877933677190845,0.0491582067862086,0.0491582067862086,0.0237499092367375,0.999999937390013
8.82859884149515e-07,0.0709254349673089,0.881150907313946,0.047923657718745,0.0479236577187449,0.0230017772485639,0.999999937382779
9.07644607288536e-07,0.0689964221738781,0.884286539533251,0.0467170382928714,0.0467170382928714,0.0222793838810066,0.999999937375769
9.33125117507824e-07,0.0671196401733581,0.88734246465753,0.0455378951691122,0.0455378951691123,0.0215817450042458,0.999999937368978
9.59320947793823e-07,0.0652936890146411,0.890320540076664,0.0443857709086954,0.0443857709086954,0.0209079181059458,0.999999937362396
9.86252179486878e-07,0.0635172053535282,0.893222589689678,0.0432602049567937,0.0432602049567937,0.0202570003967345,0.999999937356018
1.01393945767529e-06,0.0617888615584404,0.896050403888081,0.0421607345534782,0.0421607345534783,0.0196281270049621,0.999999937349835
1.04240400702156e-06,0.0601073648332482,0.89880573959009,0.0410868955766617,0.0410868955766617,0.0190204692565865,0.999999937343842
1.07166764803286e-06,0.0584714563572994,0.901490320321613,0.0400382233210872,0.0400382233210872,0.0184332330362122,0.999999937338032
1.10175281378839e-06,0.0568799104426736,0.90410583634013,0.0390142532171967,0.0390142532171967,0.0178656572254769,0.999999937332399
1.13268256713615e-06,0.0553315337086571,0.906653944797831,0.038014521493512,0.038014521493512,0.0173170122151451,0.999999937326936
1.16448061837269e-06,0.0538251642733899,0.90913626994065,0.0370385657859604,0.0370385657859604,0.0167865984874295,0.999999937321639
1.19717134341897e-06,0.0523596709626074,0.911554403339999,0.0360859256973937,0.0360859256973937,0.0162737452652136,0.999999937316502
1.23077980250667e-06,0.0509339525353692,0.91390990415426,0.0351561433103706,0.0351561433103707,0.0157778092249986,0.99999993731152
1.26533175938894e-06,0.0495469369266453,0.916204299417251,0.0342487636561042,0.0342487636561042,0.0152981732705411,0.999999937306687
1.30085370109057e-06,0.0481975805066006,0.918439084351084,0.0333633351423151,0.0333633351423151,0.0148342453642856,0.999999937301999
1.3373728582125e-06,0.0468848673564106,0.920615722701009,0.0324994099425808,0.0324994099425808,0.0143854574138298,0.999999937297451
1.37491722580642e-06,0.0456078085604126,0.922735647089962,0.0316565443496254,0.0316565443496254,0.0139512642107872,0.999999937293038
1.4135155848354e-06,0.04436544151439,0.924800259390753,0.0308342990948571,0.0308342990948571,0.0135311424195329,0.999999937288757
1.4531975242369e-06,0.0431568292497719,0.926810931113896,0.0300322396363324,0.0300322396363324,0.0131245896134395,0.999999937284603
1.49399346360526e-06,0.0419810597735191,0.92876900380928,0.0292499364172014,0.0292499364172014,0.0127311233563177,0.999999937280571
1.5359346765109e-06,0.0408372454234593,0.930675789479969,0.028486965096572,0.0284869650965721,0.0123502803268872,0.999999937276659
1.57905331447418e-06,0.0397245222388267,0.932532571006553,0.0277429067546204,0.0277429067546205,0.0119816154842062,0.999999937272862
1.62338243161228e-06,0.0386420493457539,0.934340602580576,0.0270173480736702,0.0270173480736702,0.0116247012720837,0.999999937269176
1.66895600997803e-06,0.0375890083574599,0.936101110145677,0.0263098814968629,0.0263098814968629,0.011279126860597,0.999999937265599
1.71580898561001e-06,0.0365646027888742,0.937815291845175,0.0256201053659507,0.0256201053659507,0.0109444974229236,0.999999937262126
1.76397727531405e-06,0.0355680574854324,0.93948431847492,0.0249476240396481,0.0249476240396481,0.0106204334457843,0.999999937258755
1.8134978041965e-06,0.0345986180657781,0.941109333940319,0.0242920479939024,0.0242920479939024,0.0103065700718757,0.999999937255482
1.86440853397049e-06,0.0336555503781042,0.94269145571654,0.0236529939053555,0.0236529939053555,0.0100025564727487,0.999999937252305
1.91674849205681e-06,0.0327381399698649,0.944231775310935,0.0230300847192003,0.0230300847192003,0.00970805525066458,0.99999993724922
1.9705578015018e-06,0.0318456915705914,0.945731358726849,0.0224229497025599,0.0224229497025599,0.00942274186803156,0.999999937246224
2.02587771173502e-06,0.0309775285875432,0.947191246928005,0.0218312244844517,0.0218312244844518,0.00914630410309149,0.999999937243315
2.08275063019052e-06,0.0301329926139282,0.948612456302736,0.0212545510833354,0.0212545510833354,0.00887844153059281,0.999999937240491
2.14122015481573e-06,0.0293114429494284,0.949995979127389,0.0206925779231822,0.0206925779231821,0.00861886502624629,0.999999937237748
2.20133110749303e-06,0.0285122561327656,0.951342784028288,0.0201449598389466,0.0201449598389465,0.00836729629381906,0.999999937235084
2.26312956839953e-06,0.0277348254860477,0.952653816441684,0.0196113580722688,0.0196113580722688,0.00812346741377886,0.999999937232496
2.32666291133146e-06,0.0269785606706367,0.95392999907118,0.0190914402581837,0.0190914402581837,0.00788712041245302,0.999999937229984
2.39197984002024e-06,0.0262428872542829,0.955172232342152,0.0185848804035651,0.0185848804035651,0.00765800685071785,0.999999937227543
2.45913042546804e-06,0.0255272462892717,0.956381394852739,0.0180913588579895,0.0180913588579895,0.00743588743128219,0.999999937225172
2.5281661443315e-06,0.0248310939013342,0.957558343821006,0.0176105622776594,0.0176105622776593,0.00722053162367481,0.999999937222869
2.59913991838293e-06,0.0241539008890759,0.958703915527937,0.0171421835829868,0.0171421835829868,0.00701171730608911,0.999999937220632
2.67210615507944e-06,0.0234951523336792,0.959818925755921,0.0166859219103994,0.0166859219103993,0.00680923042327987,0.999999937218459
2.74712078927081e-06,0.0228543472186431,0.960904170222461,0.0162414825588962,0.0162414825588962,0.0066128646597469,0.999999937216348
2.82424132607844e-06,0.022230998059322,0.961960425008833,0.0158085769318448,0.0158085769318448,0.00642242112747724,0.999999937214297
2.90352688497781e-06,0.0216246305420358,0.962988446983482,0.0153869224744817,0.0153869224744818,0.00623770806755409,0.999999937212304
2.98503824511873e-06,0.0210347831725203,0.963988974219934,0.0149762426075461,0.0149762426075461,0.00605854056497418,0.999999937210368
3.06883789191764e-06,0.0204610069334974,0.964962726409053,0.0145762666574496,0.0145762666574496,0.00588474027604773,0.999999937208487
3.15499006495809e-06,0.0199028649511437,0.965910405265498,0.0141867297833578,0.0141867297833578,0.0057161351677859,0.999999937206659
3.24356080723581e-06,0.0193599321702445,0.966832694928221,0.0138073729015346,0.0138073729015346,0.00555255926870996,0.999999937204883
3.33461801578637e-06,0.0188317950378187,0.967730262354907,0.0134379426072748,0.0134379426072748,0.00539385243054384,0.999999937203157
3.42823149373397e-06,0.0183180511950108,0.968603757710257,0.0130781910947322,0.0130781910947322,0.00523986010027859,0.99999993720148
3.52447300380159e-06,0.0178183091770457,0.96945381474803,0.0127278760749238,0.0127278760749238,0.0050904331021219,0.99999993719985
3.62341632332315e-06,0.0173321881210465,0.970281051186777,0.0123867606921765,0.0123867606921765,0.00494542742887003,0.999999937198267
3.72513730080021e-06,0.016859317481522,0.971086069079218,0.0120546134392601,0.0120546134392602,0.00480470404226193,0.999999937196728
3.82971391404628e-06,0.0163993367533327,0.971869455175231,0.0117312080714357,0.0117312080714358,0.00466812868189699,0.999999937195232
3.93722632996347e-06,0.0159518952019477,0.972631781278423,0.0114163235196295,0.0114163235196296,0.0045355716823182,0.999999937193778
4.04775696599732e-06,0.0155166516008111,0.97337360459626,0.011109743802929,0.011109743802929,0.00440690779788211,0.999999937192365
4.16139055331671e-06,0.0150932739756388,0.974095468083778,0.0108112579405835,0.0108112579405835,0.00428201603505529,0.999999937190992
4.27821420176762e-06,0.0146814393554693,0.974797900780856,0.0105206598636748,0.0105206598636747,0.00416077949179455,0.999999937189658
4.39831746665023e-06,0.014280833530301,0.975481418143083,0.0102377483266159,0.010237748326616,0.00404308520368511,0.99999993718836
4.5217924173707e-06,0.0138911508151448,0.976146522366237,0.00996232681861848,0.00996232681861852,0.00392882399652634,0.9999999371871
