1e-09,0.951835178926604,0.00231984998903224,0.0458449710843637,0.0458449710843637,0.90599020784224,0.999999999048165
1.02807322383086e-09,0.951819685957072,0.00232134266127518,0.045858971381653,0.045858971381653,0.905960714575419,0.99999999902146
1.05693455355799e-09,0.951803748188423,0.0023228786886849,0.0458733731228917,0.0458733731228917,0.905930375065532,0.999999998994006
1.0866061138546e-09,0.951787352562992,0.0023244593728852,0.0458881880641225,0.0458881880641225,0.90589916449887,0.999999998965782
1.11711065050482e-09,0.951770485623234,0.00232608605701867,0.0459034283197472,0.0459034283197471,0.905867057303487,0.999999998936767
1.14847154784029e-09,0.951753133498533,0.00232776012721041,0.0459191063742569,0.045919106374257,0.905834027124276,0.999999998906939
1.18071284666619e-09,0.951735281891517,0.00232948301409132,0.0459352350943916,0.0459352350943916,0.905800046797126,0.999999998876274
1.21385926269063e-09,0.95171691606387,0.00233125619438342,0.0459518277417471,0.045951827741747,0.905765088322122,0.999999998844749
1.24793620547131e-09,0.9516980208216,0.00233308119255059,0.0459688979858494,0.0459688979858495,0.905729122835751,0.999999998812342
1.28296979789415e-09,0.951678580499767,0.00233495958251747,0.0459864599177153,0.0459864599177152,0.905692120582052,0.999999998779025
1.31898689619867e-09,0.951658578946619,0.00233689298946028,0.0460045280639209,0.0460045280639209,0.905654050882698,0.999999998744775
1.35601511056563e-09,0.951637999507127,0.00233888309167264,0.0460231174012003,0.0460231174012002,0.905614882105927,0.999999998709565
1.39408282628258e-09,0.951616825005892,0.00234093162251051,0.0460422433715978,0.0460422433715979,0.905574581634294,0.999999998673368
1.43321922550358e-09,0.951595037729383,0.00234304037241985,0.0460619218981971,0.046061921898197,0.905533115831186,0.999999998636156
1.47345430961984e-09,0.951572619407494,0.00234521119105143,0.0460821694014546,0.0460821694014546,0.905490450006039,0.999999998597901
1.51481892225835e-09,0.95154955119437,0.00234744598946698,0.0461030028161631,0.0461030028161631,0.905446548378207,0.999999998558575
1.55734477292614e-09,0.951525813648484,0.00234974674244147,0.0461244396090742,0.0461244396090742,0.90540137403941,0.999999998518146
1.60106446131832e-09,0.951501386711924,0.00235211549086638,0.04614649779721,0.04614649779721,0.905354888914714,0.999999998476585
1.64601150230855e-09,0.951476249688846,0.00235455434425926,0.0461691959668952,0.0461691959668952,0.90530705372195,0.999999998433859
1.69222035164104e-09,0.951450381223072,0.00235706548338501,0.0461925532935427,0.0461925532935427,0.90525782792953,0.999999998389936
1.7397264323438e-09,0.951423759274776,0.00235965116299488,0.0462165895622288,0.0462165895622288,0.905207169712547,0.999999998344783
1.78856616188346e-09,0.951396361096217,0.00236231371468934,0.0462413251890937,0.0462413251890937,0.905155035907123,0.999999998298365
1.83877698008233e-09,0.951368163206482,0.00236505554991137,0.0462667812436066,0.0462667812436066,0.905101381962875,0.999999998250646
1.89039737781922e-09,0.951339141365185,0.00236787916307743,0.0462929794717373,0.0462929794717374,0.905046161893448,0.999999998201591
1.94346692653602e-09,0.95130927054507,0.00237078713485318,0.0463199423200767,0.0463199423200767,0.904989328224993,0.999999998151162
1.99802630857255e-09,0.951278524903465,0.0023737821355823,0.0463476929609529,0.046347692960953,0.904930831942512,0.99999999809932
2.05411734835306e-09,0.951246877752533,0.00237686692887643,0.0463762553185902,0.0463762553185902,0.904870622433943,0.999999998046027
2.11178304444824e-09,0.951214301528261,0.00238004437537548,0.046405654096364,0.0464056540963639,0.904808647431897,0.999999997991242
2.17106760253726e-09,0.951180767758109,0.00238331743668767,0.0464359148052031,0.0464359148052031,0.904744852952906,0.999999997934922
2.23201646929523e-09,0.951146247027281,0.00238668917951943,0.0464670637931993,0.0464670637931993,0.904679183234082,0.999999997877026
2.29467636723194e-09,0.951110708943511,0.00239016278000612,0.0464991282764831,0.0464991282764831,0.904611580667028,0.999999997817509
2.35909533050864e-09,0.951074122100316,0.00239374152825481,0.0465321363714295,0.0465321363714294,0.904541985728886,0.999999997756325
2.42532274176036e-09,0.951036454038626,0.00239742883311163,0.0465661171282628,0.0465661171282628,0.904470336910363,0.99999999769343
2.49340936995188e-09,0.950997671206701,0.00240122822716654,0.0466011005661321,0.0466011005661321,0.904396570640569,0.999999997628774
2.56340740929651e-09,0.950957738918259,0.00240514337200964,0.0466371177097313,0.0466371177097313,0.904320621208528,0.999999997562308
2.63537051926739e-09,0.950916621308698,0.00240917806375378,0.0466742006275484,0.0466742006275485,0.904242420681149,0.999999997493982
2.70935386573205e-09,0.950874281289335,0.0024133362388394,0.0467123824718258,0.0467123824718257,0.904161898817509,0.999999997423745
2.78541416324176e-09,0.950830680499537,0.00241762198013864,0.0467516975203247,0.0467516975203246,0.904078982979212,0.999999997351543
2.86360971850811e-09,0.950785779256635,0.00242203952337669,0.0467921812199887,0.0467921812199887,0.903993598036646,0.999999997277321
2.94400047510004e-09,0.9507395365035,0.00242659326389006,0.0468338702326104,0.0468338702326104,0.903905666270889,0.999999997201022
3.0266480593957e-09,0.95069190975365,0.00243128776374224,0.0468768024826082,0.0468768024826082,0.903815107271041,0.99999999712259
3.11161582782436e-09,0.950642855033751,0.00243612775921928,0.0469210172070293,0.0469210172070292,0.903721837826722,0.999999997041965
3.19896891543454e-09,0.950592326823368,0.00244111816872886,0.046966555007903,0.046966555007903,0.903625771815465,0.999999996959085
3.28877428582551e-09,0.950540277991799,0.00244626410112857,0.0470134579070729,0.0470134579070728,0.903526820084726,0.999999996873888
3.38110078248068e-09,0.95048665973184,0.00245157086451059,0.0470617694036494,0.0470617694036493,0.903424890328191,0.999999996786309
3.47601918154197e-09,0.950431421490299,0.00245704397547241,0.0471115345342288,0.0471115345342288,0.90331988695607,0.999999996696282
3.57360224606578e-09,0.950374510895057,0.00246268916890483,0.0471627999360383,0.0471627999360383,0.903211710959019,0.99999999660374
3.67392478180208e-09,0.950315873678495,0.0024685124083313,0.0472156139131741,0.047215613913174,0.903100259765321,0.999999996508611
3.77706369453937e-09,0.950255453597052,0.002474519896835,0.0472700265061125,0.0472700265061126,0.90298542709094,0.999999996410825
3.88309804905961e-09,0.950193192346701,0.00248071808861271,0.0473260895646862,0.0473260895646861,0.902867102782015,0.999999996310307
3.99210912974805e-09,0.950129029474074,0.00248711370119777,0.0473838568247281,0.047383856824728,0.902745172649346,0.999999996206981
4.10418050290471e-09,0.950062902282999,0.00249371372839727,0.0474433839886033,0.0474433839886033,0.902619518294396,0.99999999610077
4.21939808080502e-09,0.949994745736147,0.00250052545399261,0.0475047288098606,0.0475047288098607,0.902490016926286,0.999999995991594
4.33785018755898e-09,0.94992449235149,0.00250755646625594,0.0475679511822536,0.0475679511822537,0.902356541169237,0.99999999587937
4.45962762681909e-09,0.949852072093262,0.00251481467333934,0.0476331132333982,0.0476331132333982,0.902218958859864,0.999999995764014
4.58482375138911e-09,0.94977741225705,0.00252230831959827,0.0477002794233513,0.0477002794233512,0.902077132833699,0.999999995645438
4.71353453478692e-09,0.949700437348668,0.00253004600291528,0.0477695166484168,0.0477695166484168,0.901930920700251,0.999999995523554
4.8458586448165e-09,0.949621068956398,0.00253803669309597,0.0478408943505057,0.0478408943505056,0.901780174605893,0.999999995398271
4.98189751920517e-09,0.949539225616184,0.00254628975141438,0.0479144846324016,0.0479144846324017,0.901624740983782,0.999999995269493
5.12175544336424e-09,0.9494548226693,0.00255481495139194,0.0479903623793083,0.0479903623793083,0.901464460289991,0.999999995137125
5.26553963033276e-09,0.949367772112018,0.00256362250090058,0.0480686053870818,0.0480686053870818,0.901299166724936,0.999999995001066
5.41336030296538e-09,0.949277982436729,0.0025727230656888,0.0481492944975824,0.0481492944975824,0.901128687939146,0.999999994861216
5.56533077842764e-09,0.949185358463951,0.00258212779443712,0.0482325137416115,0.0482325137416115,0.90095284472234,0.999999994717469
5.72156755506324e-09,0.949089801164607,0.00259184834545927,0.0483183504899339,0.0483183504899339,0.900771450674673,0.999999994569719
5.88219040169997e-09,0.9489912074719,0.00260189691517473,0.0484068956129251,0.048406895612925,0.900584311858975,0.999999994417853
6.04732244946265e-09,0.948889470082088,0.0026122862684898,0.0484982436494224,0.0484982436494225,0.900391226432665,0.99999999426176
6.21709028616383e-09,0.948784477243359,0.00262302977123606,0.0485924929854054,0.0485924929854054,0.900191984257953,0.999999994101321
6.39162405334401e-09,0.948676112531994,0.0026341414248285,0.0486897460431771,0.048689746043177,0.899986366488817,0.999999993936419
6.57105754603627e-09,0.948564254614907,0.00264563590332013,0.048790109481773,0.0487901094817731,0.899774145133134,0.99999999376693
6.75552831533164e-09,0.948448776997575,0.00265752859304577,0.0488936944093794,0.0488936944093794,0.899555082588195,0.999999993592728
6.94517777382369e-09,0.948329547756327,0.00266983563506568,0.0490006166086072,0.0490006166086072,0.89932893114772,0.999999993413683
7.14015130401339e-09,0.948206429253828,0.00268257397063872,0.0491109967755333,0.0491109967755332,0.899095432478295,0.999999993229662
7.3405983697572e-09,0.948079277836525,0.00269576138997675,0.0492249607734981,0.049224960773498,0.898854317063027,0.999999993040531
7.5466726308439e-09,0.947947943512719,0.00270941658455503,0.0493426399027254,0.0493426399027255,0.898605303609994,0.999999992846147
7.75853206078784e-09,0.947812269609798,0.00272355920328042,0.0494641711869216,0.0494641711869217,0.898348098422876,0.999999992646368
7.97633906792928e-09,0.947672092409046,0.00273820991284745,0.0495896976781068,0.0495896976781067,0.898082394730939,0.999999992441046
8.20026061993413e-09,0.947527240756321,0.00275339046264513,0.0497193687810341,0.0497193687810341,0.897807871975287,0.99999999223003
8.43046837178897e-09,0.947377535646716,0.00276912375461265,0.0498533405986714,0.0498533405986713,0.897524195048045,0.999999992013163
8.66713879738922e-09,0.947222789781176,0.00278543391848199,0.0499917763003424,0.0499917763003425,0.897231013480833,0.999999991790289
8.9104533248215e-09,0.947062807092845,0.00280234639288937,0.0501348465142659,0.050134846514266,0.896927960578579,0.999999991561241
9.16059847544369e-09,0.946897382240735,0.00281988801288665,0.0502827297463787,0.0502827297463787,0.896614652494356,0.999999991325853
9.41776600686954e-09,0.946726300068063,0.00283808710443803,0.0504356128274987,0.0504356128274988,0.896290687240565,0.999999991083953
9.6821530599671e-09,0.946549335022388,0.00285697358654889,0.0505936913910629,0.0505936913910628,0.895955643631325,0.999999990835364
9.95396230998424e-09,0.946366250534381,0.00287657908174079,0.0507571703838782,0.0507571703838783,0.895609080150503,0.999999990579906
1.02334021219164e-08,0.946176798351795,0.00289693703566333,0.0509262646125416,0.0509262646125417,0.895250533739253,0.999999990317392
1.05206867102362e-08,0.945980717824853,0.0029180828467181,0.0511011993284284,0.0511011993284284,0.894879518496425,0.999999990047633
1.08160363031071e-08,0.945777735138917,0.00294005400666538,0.0512822108544171,0.0512822108544171,0.8944955242845,0.999999989770434
1.1119677311207e-08,0.945567562489899,0.00296289025329104,0.0514695472568099,0.05146954725681,0.894098015233089,0.999999989485594
1.14318425012915e-08,0.945349897197434,0.002986633736331,0.0516634690662347,0.0516634690662346,0.8936864281312,0.999999989192909
1.17527711746295e-08,0.945124420750341,0.00301132919798556,0.051864250051673,0.0518642500516731,0.893260170698668,0.999999988892169
1.20827093504478e-08,0.94489079777834,0.00303702416950784,0.0520721780521524,0.0520721780521524,0.892818619726187,0.999999988583159
1.24219099545262e-08,0.944648674943397,0.00306376918552177,0.0522875558710816,0.0522875558710816,0.892361119072315,0.999999988265659
1.27706330130864e-08,0.944397679743393,0.00309161801791831,0.0525107022386889,0.0525107022386889,0.891886977504704,0.999999987939444
1.31291458521247e-08,0.944137419220041,0.00312062793139744,0.0527419528485615,0.0527419528485614,0.89139546637148,0.999999987604282
1.34977233023394e-08,0.943867478562153,0.00315085996297037,0.0529816614748768,0.0529816614748768,0.890885817087276,0.999999987259938
1.38766479098131e-08,0.943587419594407,0.00318237922801746,0.0532302011775752,0.0532302011775753,0.890357218416832,0.99999998690617
1.42662101526074e-08,0.94329677914073,0.00321525525581516,0.0534879656034549,0.053487965603455,0.889808813537275,0.99999998654273
1.46667086634397e-08,0.942995067250214,0.0032495623578076,0.0537553703919782,0.0537553703919781,0.889239696858236,0.999999986169366
1.50784504586105e-08,0.942681765272208,0.00328538003231021,0.0540328546954814,0.0540328546954815,0.888648910576727,0.99999998578582
1.55017511733577e-08,0.942356323765716,0.00332279340980298,0.0543208828244812,0.0543208828244811,0.888035440941235,0.999999985391827
1.59369353038178e-08,0.942018160226612,0.00336189374350685,0.0546199460298813,0.0546199460298813,0.887398214196731,0.999999984987118
1.63843364557798e-08,0.941666656614325,0.00340277895055105,0.0549305644351237,0.0549305644351237,0.886736092179201,0.999999984571417
1.68442976004231e-08,0.941301156657553,0.00344555420974118,0.0552532891327062,0.0552532891327063,0.886047867524846,0.999999984144443
1.73171713372335e-08,0.940920962916235,0.00349033262274483,0.0555887044610197,0.0555887044610198,0.885332258455216,0.999999983705911
1.78033201643011e-08,0.940525333574392,0.00353723594643731,0.0559374304791704,0.0559374304791703,0.884587903095222,0.999999983255526
1.83031167562061e-08,0.940113478935433,0.00358639540521679,0.0563001256593499,0.0563001256593499,0.883813353276083,0.999999982792993
1.88169442497056e-08,0.939684557588237,0.00363795259332676,0.0566774898184367,0.0566774898184367,0.8830070677698,0.999999982318008
1.93451965374404e-08,0.939237672208488,0.00369206047864314,0.0570702673128687,0.0570702673128687,0.882167404895619,0.999999981830263
1.98882785698881e-08,0.938771864955526,0.00374888452102435,0.0574792505234497,0.0574792505234496,0.881292614432076,0.999999981329444
2.04466066657912e-08,0.938286112420105,0.00380860392022393,0.0579052836596711,0.0579052836596711,0.880380828760434,0.999999980815233
2.10206088313016e-08,0.937779320073055,0.00387141301057131,0.0583492669163735,0.0583492669163735,0.879430053156682,0.999999980287308
2.16107250880838e-08,0.937250316158643,0.00393752282219032,0.0588121610191672,0.0588121610191672,0.878438155139475,0.999999979745341
2.22174078106288e-08,0.936697844969467,0.00400716283150963,0.0592949921990233,0.0592949921990233,0.877402852770444,0.999999979189002
2.28411220730383e-08,0.936120559431848,0.00408058292730005,0.0597988576408518,0.0597988576408518,0.876321701790996,0.999999978617956
2.34823460055428e-08,0.935517012921715,0.00415805562253824,0.0603249314557465,0.0603249314557465,0.875192081465969,0.999999978031866
2.41415711610302e-08,0.934885650220926,0.00423987854715165,0.0608744712319228,0.0608744712319228,0.874011178989003,0.999999977430392
2.48193028918626e-08,0.934224797512513,0.00432637726226996,0.0614488252252174,0.0614488252252174,0.872775972287295,0.999999976813192
2.55160607372719e-08,0.933532651300469,0.00441790844314498,0.0620494402563855,0.0620494402563856,0.871483211044084,0.999999976179924
2.62323788216312e-08,0.932807266125116,0.00451486348558093,0.0626778703893027,0.0626778703893026,0.870129395735814,0.999999975530246
2.69688062639069e-08,0.932046540928716,0.00461767259975272,0.0633357864715317,0.0633357864715316,0.868710754457184,0.999999974863817
2.77259075986048e-08,0.931248203907575,0.00472680946593435,0.0640249866264904,0.0640249866264904,0.867223217281085,0.999999974180298
2.85042632085343e-08,0.930409795666257,0.00484279653921206,0.0647474077945306,0.0647474077945307,0.865662387871727,0.999999973479354
2.93044697697214e-08,0.929528650466495,0.00496621110507338,0.0655051384284312,0.0655051384284312,0.864023512038064,0.999999972760656
3.01271407088116e-08,0.928601875337898,0.0050976922052651,0.0663004324568372,0.0663004324568371,0.86230144288106,0.999999972023881
3.09729066733141e-08,0.927626326789386,0.00523794857399681,0.0671357246366176,0.0671357246366175,0.860490602152768,0.999999971268716
3.18424160150466e-08,0.926598584829626,0.00538776774901355,0.0680136474213601,0.0680136474213601,0.858584937408266,0.999999970494862
3.27363352871525e-08,0.925514923971633,0.00554802655095165,0.0689370494774156,0.0689370494774156,0.856577874494217,0.999999969702033
3.36553497550709e-08,0.924371280861649,0.00571970315850762,0.0699090159798437,0.0699090159798436,0.854462264881805,0.999999968889961
3.46001639218511e-08,0.923163218136195,0.005903891047186,0.0709328908166193,0.0709328908166192,0.852230327319575,0.999999968058401
3.55715020682138e-08,0.921885884074966,0.0061018151067497,0.0720123008182846,0.0720123008182847,0.849873583256681,0.999999967207134
3.65701088077749e-08,0.920533967583188,0.00631485030806977,0.0731511821087419,0.0731511821087419,0.847382785474446,0.999999966335973
3.75967496578547e-08,0.919101648008045,0.00654454335501429,0.0743538086369409,0.0743538086369409,0.844747839371104,0.999999965444766
3.86522116263126e-08,0.91758253927431,0.00679263783247061,0.0756248228932191,0.0756248228932191,0.841957716381091,0.999999964533405
3.97373038148561e-08,0.915969627820811,0.00706110344857299,0.0769692687306158,0.0769692687306157,0.839000359090195,0.999999963601837
4.08528580392857e-08,0.914255203840723,0.00735217006839597,0.0783926260908811,0.078392626090881,0.835862577749842,0.999999962650062
4.19997294671531e-08,0.912430785387692,0.0076683673478164,0.0799008472644913,0.0799008472644913,0.832529938123201,0.999999961678154
4.31787972733202e-08,0.910487035023608,0.00801257089886476,0.0815003940775271,0.0815003940775272,0.828986640946081,0.999999960686265
4.43909653139217e-08,0.908413668875985,0.0083880560487578,0.0831982750752576,0.0831982750752576,0.825215393800727,0.99999995967464
4.56371628192476e-08,0.906199358274614,0.00879856038809427,0.085002081337292,0.0850020813372919,0.821197276937322,0.999999958643632
4.6918345106078e-08,0.903831624589233,0.00924835642914624,0.0869200189816209,0.0869200189816208,0.816911605607612,0.999999957593716
4.82354943100147e-08,0.901296728544627,0.00974233579599307,0.08896093565938,0.0889609356593801,0.812335792885247,0.999999956525507
4.95896201383721e-08,0.898579556211618,0.0102861064182323,0.0911343373701495,0.0911343373701494,0.807445218841469,0.999999955439781
5.09817606442043e-08,0.895663505138848,0.0108861041599111,0.0934503907012404,0.0934503907012405,0.802213114437608,0.999999954337498
5.24129830220606e-08,0.892530375787561,0.0115497201283629,0.0959199040840764,0.0959199040840765,0.796610471703484,0.999999953219821
5.38843844260822e-08,0.889160275647298,0.012285444494583,0.0985542798581192,0.0985542798581192,0.790605995789179,0.999999952088146
5.5397092811064e-08,0.885531546216836,0.0131030269115084,0.101365426871656,0.101365426871656,0.78416611934518,0.999999950944127
5.69522677971282e-08,0.88162072645948,0.0140136524039813,0.104365621136539,0.104365621136539,0.777255105322941,0.999999949789701
5.85511015586724e-08,0.877402570321518,0.0150301297637704,0.107567299914712,0.107567299914712,0.769835270406806,0.999999948627113
6.01948197382727e-08,0.872850140213737,0.0161670868436662,0.110982772942596,0.110982772942596,0.761867367271141,0.999999947458943
6.18846823862438e-08,0.86793500252544,0.0174411635579556,0.114623833916605,0.114623833916605,0.753311168608835,0.999999946288118
6.3621984926575e-08,0.862627554444581,0.0188711887978767,0.118501256757543,0.118501256757543,0.744126297687038,0.999999945117923
6.54080591499826e-08,0.856897512338873,0.0204783219748031,0.122624165686324,0.122624165686324,0.734273346652549,0.999999943951997
6.72442742348425e-08,0.850714589010392,0.0222861339343362,0.126999277055272,0.126999277055272,0.72371531195512,0.999999942794315
6.91320377967813e-08,0.844049378280169,0.0243205964148018,0.131630025305029,0.131630025305029,0.71241935297514,0.999999941649147
7.10727969677341e-08,0.836874448727025,0.0266099454781119,0.136515605794863,0.136515605794863,0.700358842932163,0.999999940520992
7.30680395052951e-08,0.829165623014096,0.029184384360162,0.141649992625742,0.141649992625742,0.687515630388354,0.999999939414494
7.51192949332097e-08,0.820903386013059,0.0320755971415872,0.147021016845353,0.147021016845353,0.673882369167706,0.999999938334317
7.72281357138864e-08,0.812074327729275,0.035316058298404,0.152609613972321,0.152609613972321,0.659464713756953,0.999999937285014
7.93961784538228e-08,0.802672493044958,0.0389381450010923,0.15838936195395,0.15838936195395,0.644283131091007,0.999999936270871
8.16250851428724e-08,0.792700489244509,0.042973087159466,0.164326423596025,0.164326423596025,0.628374065648484,0.999999935295755
8.39165644283016e-08,0.782170203853395,0.0474498200892713,0.170379976057333,0.170379976057333,0.611790227796062,0.999999934362964
8.62723729246145e-08,0.771103015375987,0.0523938295699655,0.176503155054047,0.176503155054047,0.59459986032194,0.999999933475113
8.8694316560147e-08,0.759529436545572,0.05782609188809,0.182644471566338,0.182644471566338,0.576884964979234,0.999999932634056
9.11842519614656e-08,0.747488203542256,0.0637622073503169,0.188749589107427,0.188749589107427,0.55873861443483,0.999999931840847
9.374408787663e-08,0.735024898857683,0.0702118042253812,0.194763296916936,0.194763296916936,0.540261601940747,0.999999931095761
9.63757866384109e-08,0.722190252834976,0.0771782556198948,0.20063149154513,0.20063149154513,0.521558761289846,0.999999930398346
9.90813656685867e-08,0.709038297379312,0.0846587123919297,0.206302990228758,0.206302990228758,0.502735307150554,0.999999929747517
1.01862899024469e-07,0.695624541881138,0.0926444195050673,0.211731038613795,0.211731038613795,0.483893503267343,0.999999929141667
1.04722518988844e-07,0.682004311775265,0.101121257729523,0.216874430495212,0.216874430495212,0.465129881280053,0.99999992857879
1.07662417704549e-07,0.668231345498105,0.110070440109998,0.221698214391897,0.221698214391897,0.446533131106207,0.999999928056598
1.10684848854941e-07,0.654356697856897,0.119469292316389,0.226174009826715,0.226174009826715,0.428182688030182,0.999999927572628
1.13792129391531e-07,0.640427956236693,0.129292054656122,0.230279989107186,0.230279989107186,0.410147967129507,0.999999927124339
1.16986641310131e-07,0.626488745652836,0.139510657123992,0.234000597223172,0.234000597223172,0.392488148429664,0.999999926709186
1.20270833476851e-07,0.612578480467043,0.150095433797225,0.237326085735732,0.237326085735732,0.375252394731312,0.999999926324675
1.23647223505371e-07,0.598732313010109,0.161015756622217,0.240251930367674,0.240251930367674,0.358480382642435,0.999999925968412
1.27118399686903e-07,0.584981229549069,0.172240579826603,0.242778190624329,0.242778190624329,0.34220303892474,0.999999925638122
1.30687022974335e-07,0.571352249031361,0.183738894410472,0.244908856558167,0.244908856558167,0.326443392473195,0.999999925331675
1.34355829022083e-07,0.557868687360917,0.195480097615959,0.246651215023125,0.246651215023125,0.311217472337792,0.99999992504709
1.38127630283201e-07,0.544550457856145,0.207434285439047,0.248015256704808,0.248015256704808,0.296535201151336,0.999999924782536
1.42005318165368e-07,0.531414385933979,0.21957247770963,0.249013136356391,0.249013136356391,0.282401249577588,0.999999924536331
1.45991865247398e-07,0.518474522417922,0.231866785560648,0.24965869202143,0.24965869202143,0.268815830396492,0.999999924306937
1.50090327557974e-07,0.505742445003924,0.244290530670699,0.249967024325377,0.249967024325377,0.255775420678547,0.999999924092951
1.54303846918356e-07,0.493227541374518,0.256818324821316,0.249954133804166,0.249954133804166,0.243273407570352,0.999999923893093
1.58635653350859e-07,0.480937270375713,0.269426117285015,0.249636612339272,0.249636612339272,0.231300658036442,0.999999923706202
1.63089067554933e-07,0.468877399748643,0.282091216497763,0.249031383753594,0.249031383753594,0.219846015995048,0.999999923531222
1.6766750345277e-07,0.457052220323328,0.294792291455828,0.248155488220844,0.248155488220844,0.208896732102484,0.999999923367195
1.72374470806362e-07,0.445464737498807,0.307509357357267,0.247025905143926,0.247025905143926,0.198438832354881,0.999999923213251
1.77213577908036e-07,0.434116841387325,0.320223749201457,0.245659409411217,0.245659409411217,0.188457431976108,0.999999923068601
1.82188534346517e-07,0.423009457296896,0.332918086368822,0.244072456334282,0.244072456334282,0.178937000962614,0.999999922932527
1.87303153850643e-07,0.412142678347278,0.345576230620711,0.24228109103201,0.242281091032011,0.169861587315268,0.999999922804377
1.9256135721292e-07,0.401515882019124,0.358183239475347,0.240300878505529,0.240300878505529,0.161215003513595,0.999999922683557
1.97967175295133e-07,0.391127832367761,0.370725316517181,0.238146851115058,0.238146851115058,0.152980981252703,0.999999922569528
2.03524752118358e-07,0.380976769522133,0.383189759871254,0.235833470606613,0.235833470606613,0.14514329891552,0.999999922461797
2.09238348039698e-07,0.371060487956545,0.395564909809459,0.233374602233996,0.233374602233996,0.137685885722549,0.999999922359917
2.15112343018217e-07,0.361376404881884,0.407840096241587,0.230783498876529,0.230783498876529,0.130592906005355,0.999999922263475
2.21151239972549e-07,0.351921619962865,0.420005586671557,0.228072793365578,0.228072793365578,0.123848826597287,0.999999922172097
2.27359668232772e-07,0.342692967433959,0.432052535060774,0.225254497505267,0.225254497505267,0.117438469928692,0.999999922085441
2.33742387089181e-07,0.333687061562123,0.443972931929718,0.222340006508159,0.222340006508159,0.111347055053963,0.99999992200319
2.40304289440697e-07,0.324900336290729,0.455759555940371,0.2193401077689,0.2193401077689,0.105560228521828,0.999999921925056
2.47050405545683e-07,0.316329079796682,0.467405927131651,0.216264993071667,0.216264993071667,0.100064086725015,0.999999921850773
2.53985906878073e-07,0.307969464601282,0.478906261924236,0.213124273474482,0.213124273474482,0.0948451911267998,0.999999921780096
2.61116110091746e-07,0.299817573794549,0.490255429966951,0.2099269962385,0.2099269962385,0.0898905775560496,0.999999921712801
2.68446481096197e-07,0.291869423861462,0.501448912862297,0.206681663276241,0.206681663276241,0.0851877605852216,0.99999992164868
2.75982639246618e-07,0.284120984536139,0.512482764781507,0.203396250682354,0.203396250682354,0.0807247338537843,0.999999921587541
2.83730361651621e-07,0.276568196055389,0.523353574958554,0.200078228986057,0.200078228986057,0.0764899670693315,0.999999921529206
2.91695587601879e-07,0.269206984135495,0.534058432036339,0.196734583828167,0.196734583828167,0.072472400307328,0.999999921473511
2.99884423123102e-07,0.26203327295461,0.544594890226085,0.193371836819305,0.193371836819305,0.0686614361353048,0.999999921420303
3.08303145656828e-07,0.255042996387147,0.554960937231839,0.189996066381013,0.189996066381013,0.0650469300061341,0.999999921369442
3.16958208872612e-07,0.24823210770519,0.56515496388538,0.186612928409429,0.186612928409429,0.0616191792957607,0.999999921320796
3.25856247615323e-07,0.241596587934744,0.575175735432222,0.183227676633034,0.183227676633034,0.0583689113017099,0.999999921274242
3.35004082991314e-07,0.235132453031005,0.585022364406368,0.179845182562627,0.179845182562627,0.0552872704683771,0.999999921229668
3.44408727597382e-07,0.228835760016249,0.594694285029716,0.176469954954035,0.176469954954035,0.0523658050622138,0.999999921186967
3.54077390896527e-07,0.222702612206099,0.604191229071222,0.173106158722679,0.173106158722679,0.0495964534834195,0.99999992114604
3.64017484744614e-07,0.216729163634357,0.613513203100933,0.16975763326471,0.16975763326471,0.0469715303696474,0.999999921106795
3.74236629072198e-07,0.210911622773079,0.622660467074614,0.166427910152306,0.166427910152306,0.0444837126207733,0.999999921069145
3.84742657725851e-07,0.20524625563276,0.631633514185747,0.163120230181492,0.163120230181492,0.0421260254512679,0.99999992103301
3.9554362447347e-07,0.199729388317227,0.64043305192312,0.159837559759654,0.159837559759654,0.039891828557573,0.999999920998314
4.06647809178186e-07,0.194357409098858,0.649059984273904,0.156582606627238,0.156582606627238,0.0377748024716205,0.999999920964985
4.18063724145576e-07,0.189126770071926,0.657515395013986,0.153357834914087,0.153357834914087,0.0357689351578387,0.999999920932958
4.2980012064908e-07,0.184033988434961,0.665800532029357,0.150165479535682,0.150165479535682,0.0338685088992789,0.999999920902169
4.41865995638594e-07,0.179075647447088,0.673916792614417,0.147007559938495,0.147007559938495,0.0320680875085933,0.999999920872561
4.54270598637404e-07,0.174248397097985,0.681865709695247,0.143885893206768,0.143885893206768,0.0303625038912164,0.999999920844076
4.67023438832733e-07,0.169548954526506,0.689648938928019,0.140802106545475,0.140802106545475,0.0287468479810306,0.999999920816664
4.80134292365345e-07,0.164974104218976,0.697268246624901,0.137757649156123,0.137757649156123,0.0272164550628531,0.999999920790275
4.93613209823792e-07,0.160520698014571,0.704725498461942,0.134753803523487,0.134753803523487,0.0257668944910847,0.999999920764863
5.07470523949047e-07,0.156185654942079,0.712022648925528,0.131791696132393,0.131791696132393,0.0243939588096856,0.999999920740384
5.21716857555435e-07,0.151965960909562,0.719161731456043,0.128872307634396,0.128872307634396,0.0230936532751659,0.999999920716796
5.36363131673925e-07,0.147858668266015,0.726144849249369,0.125996482484616,0.125996482484616,0.0218621857813989,0.999999920694062
5.5142057392403e-07,0.143860895251934,0.732974166678819,0.123164938069247,0.123164938069247,0.0206959571826874,0.999999920672142
5.66900727120743e-07,0.139969825353832,0.739651901301917,0.120378273344251,0.120378273344251,0.0195915520095818,0.999999920651004
5.82815458123084e-07,0.136182706576038,0.746180316418299,0.117636977005663,0.117636977005663,0.0185457295703746,0.999999920630613
5.99176966931061e-07,0.132496850641622,0.752561714146703,0.114941435211675,0.114941435211675,0.0175554154299478,0.999999920610939
6.15997796038017e-07,0.128909632132987,0.758798428990688,0.112291938876325,0.112291938876325,0.0166176932566613,0.999999920591951
6.33290840045511e-07,0.125418487581445,0.764892821864326,0.109688690554229,0.109688690554229,0.0157297970272166,0.999999920573621
6.51069355548147e-07,0.122020914514122,0.770847274550617,0.10713181093526,0.10713181093526,0.0148891035788621,0.999999920555922
6.69346971295867e-07,0.118714470465534,0.776664184566844,0.104621344967622,0.104621344967622,0.0140931254979114,0.999999920538829
6.88137698641567e-07,0.115496771960408,0.782345960412459,0.102157267627134,0.102157267627134,0.0133395043332738,0.999999920522317
7.07455942281988e-07,0.112365493473566,0.787895017176426,0.0997394893500082,0.0997394893500082,0.0126260041235573,0.999999920506364
7.27316511300145e-07,0.109318366372019,0.793313772482208,0.0973678611457729,0.0973678611457729,0.0119505052262464,0.999999920490947
7.47734630517758e-07,0.106353177843871,0.798604642749748,0.0950421794063812,0.0950421794063812,0.0113109984374893,0.999999920476046
7.68725952166374e-07,0.103467769818064,0.803770039754995,0.092762190426941,0.092762190426941,0.0107055793911233,0.99999992046164
7.90306567886135e-07,0.100660037878595,0.808812367468529,0.0905275946528756,0.0905275946528756,0.0101324432257196,0.999999920447711
8.12493021061405e-07,0.097927930176335,0.81373401915595,0.0883380506677145,0.0883380506677145,0.0095898795086205,0.99999992043424
8.35302319502679e-07,0.0952694463412943,0.818537374723587,0.0861931789351182,0.0861931789351182,0.00907626740617611,0.999999920421211
8.58751948484518e-07,0.0926826363977867,0.82322479829407,0.084092565308143,0.084092565308143,0.00859007108964368,0.999999920408605
8.82859884149515e-07,0.0901655996846693,0.827798635997157,0.0820357643181739,0.0820357643181739,0.00812983536649538,0.999999920396409
9.07644607288536e-07,0.0877164837825728,0.832261213962032,0.0800223022553951,0.0800223022553951,0.00769418152717769,0.999999920384606
9.33125117507824e-07,0.0853334834497879,0.836614836498099,0.0780516800521134,0.0780516800521134,0.00728180339767457,0.999999920373183
9.59320947793823e-07,0.0830148395682672,0.84086178445201,0.0761233759797227,0.0761233759797227,0.00689146358854447,0.999999920362125
9.86252179486878e-07,0.0807588381010063,0.845004313729411,0.0742368481695824,0.0742368481695825,0.00652198993142388,0.99999992035142
1.01393945767529e-06,0.0785638090619027,0.849044653970509,0.0723915369675883,0.0723915369675882,0.00617227209431443,0.999999920341054
1.04240400702156e-06,0.0764281254990276,0.852985007369239,0.0705868671317332,0.0705868671317332,0.00584125836729444,0.999999920331016
1.07166764803286e-06,0.074350202492121,0.856827547626377,0.0688222498815023,0.0688222498815023,0.00552795261061872,0.999999920321293
1.10175281378839e-06,0.0723284961649846,0.860574419027518,0.0670970848074971,0.0670970848074971,0.00523141135748751,0.999999920311876
1.13268256713615e-06,0.0703615027133466,0.864227735637387,0.065410761649267,0.0654107616492669,0.00495074106407959,0.999999920302752
1.16448061837269e-06,0.0684477574486683,0.867789580602415,0.0637626619489172,0.0637626619489172,0.00468509549975103,0.999999920293913
1.19717134341897e-06,0.0665858338582757,0.87126200555405,0.0621521605876745,0.0621521605876745,0.00443367327060121,0.999999920285348
1.23077980250667e-06,0.0647743426821204,0.874647030105659,0.0605786272122204,0.0605786272122203,0.00419571546990007,0.999999920277047
1.26533175938894e-06,0.0630119310064029,0.877946641436349,0.0590414275572479,0.0590414275572479,0.00397050344915498,0.999999920269002
1.30085370109057e-06,0.0612972813742282,0.881162793955414,0.0575399246703576,0.0575399246703576,0.00375735670387061,0.999999920261205
1.3373728582125e-06,0.0596291109134092,0.884297409041505,0.0560734800450862,0.0560734800450862,0.00355563086832295,0.999999920253646
1.37491722580642e-06,0.0580061704814803,0.887352374850965,0.0546414546675545,0.0546414546675545,0.00336471581392585,0.999999920246317
1.4135155848354e-06,0.0564272438279399,0.890329546190137,0.0532432099819229,0.0532432099819228,0.00318403384601708,0.999999920239211
1.4531975242369e-06,0.0548911467737032,0.893230744446725,0.0518781087795717,0.0518781087795717,0.00301303799413152,0.999999920232321
1.49399346360526e-06,0.0533967264077075,0.896057757575644,0.0505455160166487,0.0505455160166487,0.00285121039105886,0.99999992022564
1.5359346765109e-06,0.0519428603005843,0.898812340135037,0.049244799564379,0.049244799564379,0.0026980607362053,0.99999992021916
1.57905331447418e-06,0.0505284557352829,0.901496213368426,0.0479753308962911,0.0479753308962911,0.00255312483899172,0.999999920212875
1.62338243161228e-06,0.0491524489545075,0.90411106532921,0.0467364857162828,0.0467364857162828,0.00241596323822475,0.999999920206778
1.66895600997803e-06,0.0478138044248069,0.906658551043959,0.0455276445312339,0.0455276445312339,0.00228615989357296,0.999999920200864
1.71580898561001e-06,0.0465115141171391,0.90914029271119,0.044348193171671,0.0443481931716711,0.00216332094546811,0.999999920195126
1.76397727531405e-06,0.0452445968037153,0.911557879932499,0.0431975232637852,0.0431975232637853,0.00204707353993003,0.999999920189559
1.8134978041965e-06,0.0440120973709142,0.913912869973158,0.0420750326559281,0.0420750326559282,0.00193706471498611,0.999999920184158
1.86440853397049e-06,0.0428130861480479,0.916206788049424,0.0409801258025285,0.0409801258025285,0.00183296034551944,0.999999920178917
1.91674849205681e-06,0.0416466582517443,0.918441127640048,0.0399122141082075,0.0399122141082075,0.00173444414353685,0.999999920173831
1.9705578015018e-06,0.0405119329457103,0.920617350819576,0.0388707162347133,0.0388707162347134,0.001641216710997,0.999999920168895
2.02587771173502e-06,0.0394080530156263,0.922736888611229,0.0378550583731446,0.0378550583731446,0.00155299464248168,0.999999920164104
2.08275063019052e-06,0.0383341841589186,0.924801141357292,0.0368646744837895,0.0368646744837895,0.00146950967512915,0.999999920159454
2.14122015481573e-06,0.0372895143891553,0.926811479105068,0.035899006505777,0.035899006505777,0.00139050788337828,0.99999992015494
2.20133110749303e-06,0.0362732534547986,0.928769242006598,0.0349575045386033,0.0349575045386033,0.00131574891619532,0.999999920150559
2.26312956839953e-06,0.0352846322720553,0.930675740730463,0.0340396269974818,0.0340396269974819,0.00124500527457342,0.999999920146305
2.32666291133146e-06,0.0343229023715541,0.932532256884098,0.0331448407443476,0.0331448407443476,0.00117806162720649,0.999999920142176
2.39197984002024e-06,0.0333873353585859,0.934340043445174,0.0322726211962399,0.0322726211962399,0.00111471416234593,0.999999920138167
2.45913042546804e-06,0.0324772223866367,0.936100325200677,0.0314224524126864,0.0314224524126864,0.00105476997395031,0.999999920134274
2.5281661443315e-06,0.0315918736439469,0.937814299192441,0.0305938271636126,0.0305938271636125,0.000998046480334362,0.999999920130495
2.59913991838293e-06,0.0307306178528289,0.939483135167958,0.029786246979213,0.0297862469792131,0.000944370873615857,0.999999920126824
2.67210615507944e-06,0.0298928017814767,0.941107976035393,0.0289992221831308,0.0289992221831308,0.000893579598345905,0.99999992012326
2.74712078927081e-06,0.0290777897680045,0.942689938321782,0.028232271910213,0.028232271910213,0.000845517857791515,0.999999920119799
2.82424132607844e-06,0.0282849632564496,0.944230112633519,0.0274849241100317,0.0274849241100317,0.000800039146417953,0.999999920116438
2.90352688497781e-06,0.0275137203444812,0.945729564118231,0.0267567155372876,0.0267567155372877,0.000757004807193563,0.999999920113173
2.98503824511873e-06,0.0267634753425556,0.9471893329273,0.0260471917301448,0.0260471917301447,0.000716283612410826,0.999999920110003
3.06883789191764e-06,0.026033658344265,0.948610434678255,0.0253559069774799,0.0253559069774798,0.000677751366785164,0.999999920106923
3.15499006495809e-06,0.025323714807626,0.949993860916405,0.0246824242759688,0.0246824242759687,0.000641290531657219,0.999999920103931
3.24356080723581e-06,0.0246331051470604,0.951340579575065,0.024026315277875,0.024026315277875,0.000606789869185375,0.999999920101026
3.33461801578637e-06,0.0239613043358229,0.952651535433827,0.0233871602303497,0.0233871602303497,0.000574144105473164,0.999999920098203
3.42823149373397e-06,0.0233078015186342,0.953927650574363,0.0227645479070029,0.022764547907003,0.000543253611631286,0.999999920095461
3.52447300380159e-06,0.0226720996342814,0.955169824833263,0.0221580755324554,0.0221580755324554,0.000514024101826022,0.999999920092797
3.62341632332315e-06,0.0220537150479517,0.956378936251512,0.0215673487005362,0.0215673487005362,0.000486366347415489,0.999999920090209
3.72513730080021e-06,0.0214521771930694,0.957555841520183,0.0209919812867473,0.0209919812867473,0.000460195906322081,0.999999920087695
3.82971391404628e-06,0.0208670282224096,0.958701376422015,0.0204315953555756,0.0204315953555755,0.000435432866834075,0.999999920085252
3.93722632996347e-06,0.0202978226682674,0.959816356268537,0.0198858210631957,0.0198858210631957,0.000412001605071663,0.999999920082878
4.04775696599732e-06,0.0197441271114621,0.960901576332469,0.0193542965560693,0.0193542965560693,0.000389830555392804,0.999999920080572
4.16139055331671e-06,0.0192055198589656,0.961957812275121,0.0188366678659133,0.0188366678659133,0.000368851993052355,0.999999920078331
4.27821420176762e-06,0.0186815906299422,0.96298582056858,0.0183325888014782,0.0183325888014782,0.000349001828463974,0.999999920076154
4.39831746665023e-06,0.0181719402499949,0.963986338912459,0.0178417208375463,0.0178417208375463,0.000330219412448616,0.999999920074038
