-0.001,0.933168959834298,0.00446635322218746,0.0623646869435144,0.0623646869435144,0.870804272890784,1.00099998005169
-0.000986265846131283,0.932937957845377,0.0044972828081493,0.0625647593464733,0.0625647593464732,0.870373198498904,1.00098624589836
-0.000972720319245054,0.93270615510652,0.00452842688844849,0.0627654180050318,0.0627654180050318,0.869940737101488,1.00097270037201
-0.000959360828709315,0.932473548881703,0.00455978694628899,0.0629666641720076,0.0629666641720076,0.869506884709696,1.00095934088201
-0.000946184819472199,0.932240136425283,0.00459136447513507,0.0631684990995816,0.0631684990995816,0.869071637325702,1.0009461648733
-0.000933189771573324,0.932005914981961,0.00462316097878186,0.0633709240392571,0.063370924039257,0.868634990942704,1.00093316982593
-0.000920373199661823,0.931770881786755,0.00465517797142654,0.0635739402418185,0.0635739402418185,0.868196941544936,1.00092035325455
-0.000907732652521022,0.93153503406497,0.00468741697773992,0.0637775489572905,0.0637775489572906,0.867757485107679,1.00090771270793
-0.00089526571259964,0.931298369032166,0.00471987953293858,0.0639817514348953,0.0639817514348953,0.867316617597271,1.00089524576853
-0.000882969995549408,0.931060883894131,0.00475256718285747,0.0641865489230111,0.0641865489230111,0.86687433497112,1.000882950052
-0.000870843149769072,0.930822575846848,0.004785481484023,0.064391942669129,0.064391942669129,0.866430633177719,1.00087082320674
-0.000858882855954626,0.930583442076463,0.00481862400372666,0.0645979339198104,0.0645979339198103,0.865985508156653,1.00085886291344
-0.00084708682665574,0.930343479759258,0.00485199632009913,0.0648045239206434,0.0648045239206433,0.865538955838614,1.00084706688465
-0.000835452805838287,0.930102686061616,0.00488560002218489,0.065011713916199,0.0650117139161991,0.865090972145417,1.00083543286434
-0.000823978568452851,0.929861058139995,0.00491943671001736,0.0652195051499874,0.0652195051499874,0.864641552990008,1.00082395862746
-0.000812661920009195,0.929618593140893,0.00495350799469454,0.0654278988644125,0.0654278988644126,0.86419069427648,1.00081264197953
-0.000801500696156541,0.929375288200817,0.00498781549845517,0.0656368963007282,0.0656368963007282,0.863738391900088,1.00080148075618
-0.000790492762269642,0.929131140446253,0.00502236085475545,0.065846498698992,0.065846498698992,0.863284641747261,1.00079047282279
-0.000779636013040524,0.928886146993634,0.0050571457083462,0.0660567072980197,0.0660567072980197,0.862829439695614,1.00077961607407
-0.000768928372075831,0.92864030494931,0.00509217171535065,0.0662675233353397,0.0662675233353396,0.86237278161397,1.0007689084336
-0.000758367791499719,0.928393611409512,0.00512744054334267,0.0664789480471453,0.0664789480471453,0.861914663362367,1.00075834785352
-0.000747952251562183,0.928146063460326,0.00516295387142565,0.0666909826682488,0.0666909826682488,0.861455080792077,1.00074793231408
-0.000737679760252773,0.927897658177655,0.00519871339031177,0.0669036284320337,0.0669036284320337,0.860994029745621,1.00073765982326
-0.000727548352919623,0.927648392627191,0.00523472080240195,0.0671168865704067,0.0671168865704067,0.860531506056785,1.00072752841642
-0.000717556091893692,0.927398263864384,0.00527097782186629,0.0673307583137499,0.0673307583137499,0.860067505550634,1.00071753615588
-0.000707701066118189,0.927147268934403,0.00530748617472503,0.0675452448908716,0.0675452448908717,0.859602024043532,1.0007076811306
-0.000697981390783067,0.926895404872112,0.00534424759893016,0.0677603475289577,0.0677603475289578,0.859135057343154,1.00069796145575
-0.00068839520696455,0.926642668702031,0.00538126384444747,0.0679760674535219,0.0679760674535218,0.858666601248509,1.00068837527242
-0.000678940681269611,0.926389057438305,0.00541853667333924,0.0681924058883556,0.0681924058883556,0.85819665154995,1.0006789207472
-0.000669616005485322,0.926134568084674,0.00545606785984751,0.068409364055478,0.0684093640554779,0.857725204029196,1.0006695960719
-0.000660419396233031,0.925879197634438,0.00549385919047782,0.0686269431750845,0.0686269431750844,0.857252254459353,1.00066039946313
-0.000651349094627281,0.92562294307042,0.00553191246408365,0.0688451444654961,0.0688451444654961,0.856777798604924,1.00065132916201
-0.000642403365939419,0.925365801364941,0.00557022949195139,0.0690639691431072,0.0690639691431072,0.856301832221834,1.0006423834338
-0.000633580499265825,0.925107769479781,0.00560881209788581,0.0692834184223334,0.0692834184223334,0.855824351057447,1.0006335605676
-0.000624878807200689,0.924848844366145,0.00564766211829625,0.069503493515559,0.069503493515559,0.855345350850586,1.00062485887601
-0.000616296625513294,0.924589022964633,0.0056867814022833,0.0697241956330837,0.0697241956330836,0.854864827331549,1.0006162766948
-0.000607832312829724,0.924328302205205,0.00572617181172616,0.069945525983069,0.069945525983069,0.854382776222136,1.00060781238259
-0.000599484250318941,0.924066679007145,0.0057658352213705,0.0701674857714841,0.0701674857714841,0.853899193235661,1.00059946432055
-0.000591250841383188,0.923804150279031,0.00580577351891697,0.0703900762020516,0.0703900762020516,0.85341407407698,1.00059123091209
-0.000583130511352622,0.923540712918698,0.00584598860511035,0.0706132984761917,0.0706132984761918,0.852927414442506,1.00058311058253
-0.000575121707184161,0.923276363813203,0.00588648239382924,0.0708371537929677,0.0708371537929676,0.852439210020235,1.00057510177883
-0.000567222897164455,0.923011099838795,0.00592725681217644,0.071061643349029,0.071061643349029,0.851949456489766,1.00056720296928
-0.000559432570616938,0.922744917860875,0.00596831380056988,0.0712867683385552,0.0712867683385552,0.85145814952232,1.0005594126432
-0.000551749237612913,0.922477814733967,0.00600965531283418,0.0715125299531988,0.0715125299531988,0.850965284780768,1.00055172931066
-0.000544171428686589,0.922209787301679,0.00605128331629291,0.071738929382028,0.0717389293820281,0.850470857919651,1.0005441515022
-0.000536697694554048,0.921940832396671,0.00609319979186139,0.071965967811468,0.071965967811468,0.849974864585203,1.00053667776853
-0.000529326605836056,0.921670946840616,0.00613540673414017,0.0721936464252434,0.0721936464252434,0.849477300415373,1.00052930668028
-0.000522056752784698,0.921400127444173,0.00617790615150914,0.0724219664043181,0.0724219664043181,0.848978161039855,1.00052203682769
-0.00051488674501375,0.921128371006941,0.00622070006622228,0.0726509289268367,0.0726509289268367,0.848477442080104,1.00051486682038
-0.000507815211232767,0.920855674317433,0.00626379051450312,0.072880535168064,0.072880535168064,0.847975139149369,1.00050779528707
-0.000500840798984821,0.920582034153035,0.00630717954664067,0.073110786300324,0.0731107863003241,0.847471247852711,1.00050082087528
-0.000493962174387832,0.920307447279974,0.00635086922708627,0.0733416834929395,0.0733416834929396,0.846965763787035,1.00049394225114
-0.000487178021879463,0.920031910453279,0.00639486163455087,0.0735732279121699,0.0735732279121699,0.846458682541109,1.0004871580991
-0.000480487043965513,0.919755420416748,0.00643915886210313,0.0738054207211491,0.0738054207211492,0.845949999695599,1.00048046712164
-0.000473887960971765,0.919477973902909,0.00648376301726807,0.074038263079823,0.074038263079823,0.845439710823086,1.00047386803911
-0.000467379510799246,0.919199567632988,0.0065286762221265,0.0742717561448855,0.0742717561448855,0.844927811488102,1.0004673595894
-0.000460960448682843,0.918920198316869,0.00657390061341508,0.0745059010697156,0.0745059010697157,0.844414297247154,1.00046094052774
-0.00045462954695324,0.918639862653061,0.00661943834262701,0.0747406990043121,0.074740699004312,0.843899163648749,1.00045460962647
-0.000448385594802119,0.918358557328657,0.00666529157611356,0.0749761510952291,0.0749761510952291,0.843382406233428,1.00044836567477
-0.00044222739805059,0.918076279019303,0.0067114624951861,0.0752122584855106,0.0752122584855105,0.842864020533793,1.00044220747848
-0.000436153778920801,0.917793024389157,0.00675795329621899,0.0754490223146236,0.0754490223146236,0.842344002074534,1.00043613385981
-0.000430163575810679,0.917508790090855,0.0068047661907531,0.0756864437183924,0.0756864437183924,0.841822346372462,1.00043014365715
-0.000424255643071778,0.917223572765469,0.0068519034056,0.0759245238289306,0.0759245238289306,0.841299048936539,1.00042423572487
-0.000418428850790158,0.916937369042479,0.00689936718294696,0.0761632637745737,0.0761632637745737,0.840774105267906,1.00041840893305
-0.000412682084570295,0.916650175539727,0.00694715978046258,0.0764026646798104,0.0764026646798104,0.840247510859917,1.00041266216728
-0.000407014245321944,0.916361988863383,0.00699528347140318,0.0766427276652134,0.0766427276652134,0.83971926119817,1.00040699432849
-0.000401424249049932,0.91607280560791,0.00704374054471994,0.0768834538473705,0.0768834538473705,0.839189351760539,1.00040140433267
-0.000395911026646846,0.91578262235602,0.00709253330516667,0.0771248443388132,0.0771248443388132,0.838657778017207,1.00039589111073
-0.000390473523688556,0.915491435678644,0.00714166407340845,0.0773669002479472,0.0773669002479472,0.838124535430697,1.00039045360822
-0.000385110700232557,0.915199242134889,0.00719113518613096,0.0776096226789797,0.0776096226789796,0.83758961945591,1.00038509078522
-0.000379821530619074,0.914906038272001,0.00724094899615046,0.0778530127318481,0.0778530127318481,0.837053025540153,1.00037980161607
-0.000374605003274899,0.914611820625328,0.0072911078725247,0.0780970715021472,0.0780970715021472,0.836514749123181,1.00037458508918
-0.00036946012051993,0.91431658571828,0.00734161420066441,0.0783418000810556,0.0783418000810556,0.835974785637224,1.00036944020688
-0.000364385898376355,0.914020330062292,0.00739247038244569,0.0785871995552619,0.0785871995552618,0.83543313050703,1.00036436598519
-0.000359381366380463,0.913723050156787,0.00744367883632311,0.0788332710068903,0.0788332710068903,0.834889779149896,1.00035936145365
-0.000354445567397044,0.913424742489132,0.00749524199744351,0.0790800155134249,0.0790800155134249,0.834344726975707,1.00035442565512
-0.000349577557436327,0.913125403534605,0.00754716231776072,0.0793274341476344,0.0793274341476344,0.83379796938697,1.00034955764562
-0.000344776405473446,0.912825029756354,0.00759944226615093,0.0795755279774951,0.0795755279774951,0.833249501778859,1.00034475649411
-0.000340041193270371,0.912523617605357,0.00765208432852897,0.0798242980661138,0.0798242980661139,0.832699319539243,1.00034002128236
-0.000335371015200293,0.912221163520384,0.00770509100796524,0.0800737454716504,0.0800737454716504,0.832147418048734,1.00033535110475
-0.000330764978074424,0.911917663927958,0.00775846482480357,0.0803238712472385,0.0803238712472384,0.83159379268072,1.00033074506808
-0.000326222200971167,0.911613115242313,0.0078122083167798,0.0805746764409071,0.0805746764409071,0.831038438801406,1.00032620229143
-0.000321741815067637,0.911307513865358,0.0078663240391412,0.0808261620955002,0.0808261620955003,0.830481351769858,1.00032172190599
-0.000317322963473498,0.911000856186637,0.00792081456476668,0.0810783292485966,0.0810783292485966,0.82992252693804,1.00031730305485
-0.000312964801067075,0.910693138583284,0.00797568248428788,0.0813311789324282,0.0813311789324281,0.829361959650856,1.0003129448929
-0.000308666494333727,0.910384357419991,0.00803093040621099,0.0815847121737984,0.0815847121737985,0.828799645246192,1.00030864658663
-0.00030442722120643,0.910074509048961,0.00808656095703949,0.0818389299939996,0.0818389299939996,0.828235579054961,1.00030440731396
-0.000300246170908555,0.909763589809873,0.00814257678139765,0.0820938334087294,0.0820938334087294,0.827669756401144,1.00030022626412
-0.000296122543798804,0.909451596029838,0.00819898054215496,0.082349423428007,0.0823494234280069,0.827102172601831,1.00029610263747
-0.000292055551218275,0.90913852402336,0.00825577492055129,0.0826057010560882,0.0826057010560882,0.826532822967272,1.00029203564535
-0.00028804441533963,0.908824370092297,0.008312962616323,0.0828626672913799,0.0828626672913799,0.825961702800917,1.00028802450993
-0.00028408836901833,0.908509130525816,0.0083705463478299,0.0831203231263541,0.0831203231263541,0.825388807399462,1.00028406846407
-0.00028018665564592,0.908192801600356,0.00842852885218297,0.0833786695474607,0.0833786695474608,0.824814132052896,1.00028016675116
-0.000276338529005317,0.907875379579587,0.00848691288537313,0.0836377075350401,0.0836377075350401,0.824237672044547,1.00027631862498
-0.000272543253128103,0.907556860714365,0.0085457012224007,0.0838974380632345,0.0838974380632345,0.82365942265113,1.00027252334956
-0.000268800102153761,0.907237241242695,0.00860489665740585,0.0841578620998988,0.0841578620998988,0.823079379142796,1.00026878019905
-0.000265108360190854,0.906916517389689,0.00866450200379993,0.084418980606511,0.0844189806065109,0.822497536783178,1.00026508845755
-0.000261467321180109,0.906594685367522,0.00872452009439764,0.0846807945380808,0.0846807945380809,0.821913890829441,1.00026144741901
-0.00025787628875938,0.906271741375391,0.00878495378155017,0.0849433048430591,0.084943304843059,0.821328436532332,1.00025785638705
-0.000254334576130465,0.905947681599476,0.00884580593727919,0.0852065124632448,0.0852065124632448,0.820741169136231,1.00025431467489
-0.000250841505927754,0.905622502212896,0.00890707945341174,0.0854704183336925,0.0854704183336925,0.820152083879203,1.00025082160515
-0.000247396410088681,0.905296199375665,0.00896877724171613,0.0857350233826186,0.0857350233826186,0.819561175993047,1.00024737650978
-0.000243998629725955,0.904968769234655,0.00903090223403862,0.0860003285313061,0.0860003285313061,0.818968440703349,1.00024397872988
-0.000240647515001543,0.904640207923548,0.00909345738244119,0.0862663346940103,0.0862663346940102,0.818373873229538,1.00024062761563
-0.000237342425002387,0.904310511562798,0.0091564456593401,0.0865330427778617,0.0865330427778617,0.817777468784937,1.0002373225261
-0.000234082727617829,0.903979676259585,0.00921987005764547,0.0868004536827694,0.0868004536827695,0.817179222576816,1.00023406282918
-0.000230867799418717,0.903647698107775,0.00928373359090182,0.0870685683013233,0.0870685683013233,0.816579129806452,1.00023084790145
-0.000227697025538168,0.903314573187875,0.00934803929342949,0.0873373875186954,0.0873373875186954,0.81597718566918,1.00022767712804
-0.000224569799553978,0.902980297566992,0.00941279022046712,0.0876069122125404,0.0876069122125404,0.815373385354452,1.00022454990253
-0.000221485523372636,0.90264486729879,0.00947798944831501,0.0878771432528954,0.0878771432528954,0.814767724045894,1.00022146562682
-0.000218443607114943,0.902308278423442,0.00954364007447946,0.0881480815020788,0.0881480815020788,0.814160196921363,1.00021842371104
-0.000215443469003188,0.901970526967593,0.00960974521781822,0.0884197278145884,0.0884197278145884,0.813550799153005,1.0002154235734
-0.000212484535249888,0.901631608944315,0.00967630801868668,0.0886920830369983,0.0886920830369983,0.812939525907317,1.00021246464012
-0.000209566239948044,0.901291520353059,0.00974333163908531,0.0889651480078554,0.0889651480078554,0.812326372345204,1.0002095463453
-0.000206688024962908,0.900950257179617,0.00981081926280796,0.0892389235575753,0.0892389235575753,0.811711333622041,1.00020666813079
-0.000203849339825246,0.900607815396073,0.00987877409559114,0.0895134105083359,0.0895134105083359,0.811094404887737,1.00020382944613
-0.00020104964162605,0.900264190960763,0.00994719936526442,0.0897886096739721,0.0897886096739721,0.810475581286791,1.00020102974841
-0.000198288394912707,0.89991937981823,0.0100160983219018,0.0900645218598679,0.090064521859868,0.809854857958362,1.00019826850218
-0.000195565071586595,0.899573377899177,0.010085474237974,0.0903411478628488,0.0903411478628489,0.809232230036328,1.00019554517934
-0.000192879150802078,0.899226181120425,0.010155330408502,0.0906184884710726,0.0906184884710727,0.808607692649353,1.00019285925903
-0.000190230118866895,0.898877785384869,0.0102256701512114,0.0908965444639194,0.0908965444639194,0.80798124092095,1.00019021022758
-0.000187617469143912,0.89852818658143,0.0102964968066882,0.0911753166118813,0.0911753166118814,0.807352869969549,1.00018759757834
-0.00018504070195423,0.898177380585015,0.0103678137385349,0.0914548056764501,0.0914548056764501,0.806722574908565,1.00018502081164
-0.000182499324481615,0.897825363256466,0.0104396243335284,0.0917350124100052,0.0917350124100051,0.806090350846461,1.00018247943465
-0.000179992850678248,0.897472130442521,0.0105119320017789,0.0920159375556996,0.0920159375556996,0.805456192886822,1.00017997296134
-0.000177520801171764,0.897117677975765,0.010584740176889,0.0922975818473455,0.0922975818473456,0.80482009612842,1.00017750091232
-0.000175082703173572,0.896762001674585,0.0106580523161154,0.0925799460092993,0.0925799460092993,0.804182055665286,1.00017506281482
-0.000172678090388436,0.896405097343125,0.0107318719005301,0.0928630307563444,0.0928630307563444,0.803542066586781,1.00017265820252
-0.000170306502925284,0.896046960771242,0.0108062024351839,0.0931468367935746,0.0931468367935745,0.802900123977667,1.00017028661555
-0.000167967487209265,0.895687587734455,0.0108810474492703,0.0934313648162751,0.093431364816275,0.80225622291818,1.00016794760033
-0.000165660595894992,0.895326973993905,0.0109564104962908,0.0937166155098037,0.0937166155098038,0.801610358484102,1.00016564070951
-0.000163385387780986,0.894965115296308,0.0110322951542214,0.0940025895494705,0.0940025895494706,0.800962525746837,1.00016336550189
-0.000161141427725302,0.894602007373904,0.0111087050256797,0.0942892876004161,0.0942892876004162,0.800312719773488,1.00016112154234
-0.000158928286562298,0.894237645944416,0.0111856437380941,0.0945767103174899,0.0945767103174898,0.799660935626926,1.00015890840167
-0.00015674554102056,0.893872026711001,0.0112631149438729,0.0948648583451264,0.0948648583451265,0.799007168365874,1.00015672565663
-0.000154592773641948,0.893505145362203,0.0113411223205759,0.0951537323172212,0.0951537323172212,0.798351413044982,1.00015457288976
-0.000152469572701757,0.893136997571909,0.0114196695710857,0.0954433328570055,0.0954433328570055,0.797693664714903,1.00015244968932
-0.000150375532129974,0.892767578999298,0.0114987604237817,0.0957336605769199,0.0957336605769199,0.797033918422378,1.00015035564925
-0.00014831025143361,0.892396885288799,0.0115783986327139,0.0960247160784869,0.0960247160784868,0.796372169210312,1.00014829036906
-0.000146273335620113,0.892024912070039,0.0116585879777788,0.0963164999521824,0.0963164999521824,0.795708412117856,1.00014625345376
-0.000144264395121816,0.891651654957798,0.0117393322648959,0.0966090127773066,0.0966090127773066,0.795042642180491,1.00014424451377
-0.000142283045721435,0.891277109551961,0.011820635326186,0.0969022551218529,0.0969022551218529,0.794374854430108,1.00014226316488
-0.000140328908478587,0.890901271437473,0.01190250102015,0.0971962275423769,0.0971962275423769,0.793705043895096,1.00014030902815
-0.000138401609657313,0.890524136184287,0.0119849332318495,0.0974909305838632,0.0974909305838633,0.793033205600424,1.00013838172984
-0.000136500780654601,0.89014569934732,0.0120679358730882,0.0977863647795921,0.0977863647795921,0.792359334567728,1.00013648090135
-0.000134626057929891,0.889765956466401,0.0121515128825949,0.0980825306510043,0.0980825306510044,0.791683425815396,1.00013460617915
-0.000132777082935543,0.889384903066227,0.0122356682262073,0.0983794287075656,0.0983794287075657,0.791005474358662,1.00013275720467
-0.000130953502048267,0.889002534656314,0.0123204058970574,0.098677059446629,0.0986770594466291,0.790325475209685,1.0001309336243
-0.000129154966501488,0.888618846730944,0.0124057299157582,0.0989754233532974,0.0989754233532973,0.789643423377647,1.00012913508928
-0.000127381132318648,0.888233834769125,0.012491644330591,0.0992745209002835,0.0992745209002834,0.788959313868842,1.00012736125562
-0.000125631660247412,0.887847494234535,0.0125781532176952,0.0995743525477702,0.0995743525477703,0.788273141686764,1.00012561178407
-0.000123906215694792,0.887459820575474,0.0126652606812577,0.0998749187432684,0.0998749187432684,0.787584901832205,1.00012388634004
-0.000122204468663149,0.88707080922482,0.0127529708537053,0.100176219921475,0.100176219921475,0.786894589303345,1.00012218459354
-0.000120526093687084,0.886680455599976,0.012841287895897,0.100478256504127,0.100478256504127,0.786202199095849,1.00012050621909
-0.00011887076977119,0.88628875510282,0.0129302159973188,0.100781028899861,0.100781028899861,0.78550772620296,1.00011885089571
-0.00011723818032866,0.885895703119661,0.0130197593762785,0.101084537504061,0.101084537504061,0.7848111656156,1.0001172183068
-0.000115628013120738,0.885501295021181,0.0131099222801031,0.101388782698716,0.101388782698716,0.784112512322465,1.00011560814013
-0.000114039960197003,0.885105526162395,0.0132007089853367,0.101693764852269,0.101693764852269,0.783411761310126,1.00011402008774
-0.000112473717836475,0.884708391882593,0.0132921237979399,0.101999484319467,0.101999484319467,0.782708907563125,1.00011245384592
-0.000110928986489522,0.884309887505296,0.0133841710534906,0.102305941441213,0.102305941441213,0.782003946064084,1.00011090911511
-0.000109405470720574,0.883910008338205,0.0134768551173865,0.102613136544409,0.102613136544409,0.781296871793796,1.00010938559988
-0.000107902879151618,0.883508749673145,0.0135701803850483,0.102921069941806,0.102921069941806,0.780587679731339,1.00010788300886
-0.000106420924406472,0.883106106786025,0.0136641512821245,0.103229741931851,0.103229741931851,0.779876364854174,1.00010640105466
-0.000104959323055823,0.882702074936778,0.013758772264698,0.103539152798524,0.103539152798524,0.779162922138255,1.00010493945386
-0.000103517795563018,0.882296649369318,0.0138540478194936,0.103849302811189,0.103849302811189,0.778447346558129,1.00010349792691
-0.000102096066230605,0.881889825311482,0.0139499824640868,0.104160192224431,0.104160192224432,0.77772963308705,1.00010207619813
-0.000100693863147603,0.881481597974986,0.0140465807471148,0.104471821277899,0.104471821277899,0.777009776697087,1.0001006739956
-9.9310918137498e-05,0.881071962555372,0.0141438472484877,0.10478419019614,0.10478419019614,0.776287772359232,1.00009929105115
-9.79469667069539e-05,0.880660914231954,0.0142417865796025,0.105097299188444,0.105097299188444,0.77556361504351,1.00009792710027
-9.66017479952265e-05,0.880248448167769,0.0143404033835571,0.105411148448673,0.105411148448673,0.774837299719096,1.00009658188212
-9.5275004724273e-05,0.879834559509529,0.014439702335367,0.105725738155104,0.105725738155104,0.774108821354425,1.00009525513941
-9.39664831495469e-05,0.879419243387562,0.0145396881421826,0.106041068470255,0.106041068470255,0.773378174917307,1.0000939466184
-9.26759330114688e-05,0.879002494915768,0.0146403655435082,0.106357139540724,0.106357139540724,0.772645355375044,1.00009265606882
-9.14031074875622e-05,0.878584309191563,0.0147417393114231,0.106673951497014,0.106673951497014,0.771910357694548,1.00009138324387
-9.01477631452492e-05,0.878164681295827,0.0148438142508028,0.10699150445337,0.10699150445337,0.771173176842457,1.00009012790009
-8.89096598952917e-05,0.877743606292856,0.014946595199543,0.107309798507601,0.107309798507601,0.770433807785254,1.00008888979741
-8.76885609458743e-05,0.877321079230304,0.0150500870287846,0.107628833740911,0.107628833740911,0.769692245489393,1.00008766869904
-8.64842327573173e-05,0.876897095139137,0.0151542946431398,0.107948610217723,0.107948610217723,0.768948484921415,1.00008646437142
-8.52964449974102e-05,0.876471649033576,0.0152592229809207,0.108269127985503,0.108269127985503,0.768202521048074,1.00008527658424
-8.41249704973612e-05,0.876044735911047,0.0153648770143683,0.108590387074585,0.108590387074585,0.767454348836462,1.00008410511032
-8.29695852083492e-05,0.875616350752126,0.0154712617498839,0.10891238749799,0.10891238749799,0.766703963254135,1.00008294972561
-8.18300681586739e-05,0.875186488520488,0.0155783822282615,0.10923512925125,0.10923512925125,0.765951359269238,1.00008181020915
-8.07062014114951e-05,0.874755144162856,0.0156862435249222,0.109558612312221,0.109558612312221,0.765196531850635,1.00008068634299
-7.95977700231498e-05,0.874322312608945,0.0157948507501498,0.109882836640905,0.109882836640905,0.76443947596804,1.00007957791219
-7.85045620020451e-05,0.873887988771408,0.0159042090493281,0.110207802179264,0.110207802179264,0.763680186592144,1.00007848470475
-7.74263682681128e-05,0.873452167545787,0.0160143236031797,0.110533508851034,0.110533508851034,0.762918658694753,1.00007740651161
-7.63629826128224e-05,0.873014843810455,0.016125199628007,0.110859956561538,0.110859956561538,0.762154887248917,1.00007634312655
-7.53142016597438e-05,0.872576012426567,0.0162368423759335,0.1111871451975,0.1111871451975,0.761388867229067,1.0000752943462
-7.42798248256491e-05,0.872135668238001,0.0163492571351483,0.11151507462685,0.11151507462685,0.760620593611151,1.00007425996996
-7.32596542821523e-05,0.871693806071312,0.0164624492301507,0.111843744698538,0.111843744698538,0.759850061372774,1.00007323980002
-7.22534949178722e-05,0.871250420735667,0.0165764240219978,0.112173155242335,0.112173155242335,0.759077265493332,1.00007223364126
-7.12611543011175e-05,0.870805507022803,0.016691186908553,0.112503306068644,0.112503306068644,0.758302200954159,1.00007124130125
-7.02824426430835e-05,0.870359059706965,0.0168067433247357,0.1128341969683,0.1128341969683,0.757524862738665,1.0000702625902
-6.9317172761554e-05,0.869911073544853,0.016923098742774,0.113165827712373,0.113165827712373,0.756745245832479,1.00006929732093
-6.83651600451024e-05,0.869461543275569,0.0170402586724581,0.113498198051973,0.113498198051973,0.755963345223597,1.00006834530883
-6.74262224177835e-05,0.869010463620564,0.0171582286613953,0.11383130771804,0.11383130771804,0.755179155902524,1.00006740637181
-6.65001803043112e-05,0.86855782928358,0.0172770142952674,0.114165156421153,0.114165156421153,0.754392672862427,1.00006648033032
-6.55868565957144e-05,0.868103634950596,0.017396621198089,0.114499743851315,0.114499743851315,0.75360389109928,1.00006556700723
-6.46860766154632e-05,0.867647875289774,0.0175170550324686,0.114835069677758,0.114835069677758,0.752812805612016,1.00006466622787
-6.37976680860628e-05,0.867190544951405,0.0176383214998701,0.115171133548725,0.115171133548725,0.75201941140268,1.00006377781997
-6.29214610961035e-05,0.866731638567852,0.0177604263408769,0.115507935091272,0.115507935091271,0.75122370347658,1.00006290161361
-6.2057288067765e-05,0.866271150753494,0.017883375335458,0.115845473911048,0.115845473911048,0.750425676842446,1.00006203744121
-6.1204983724767e-05,0.865809076104675,0.0180071743032347,0.11618374959209,0.11618374959209,0.749625326512585,1.0000611851375
-6.03643850607586e-05,0.865345409199644,0.0181318291037505,0.116522761696606,0.116522761696606,0.748822647503038,1.00006034453947
-5.95353313081437e-05,0.864880144598499,0.0182573456367416,0.116862509764759,0.116862509764759,0.74801763483374,1.00005951548636
-5.87176639073326e-05,0.864413276843137,0.0183837298424099,0.117202993314453,0.117202993314453,0.747210283528684,1.0000586978196
-5.79112264764176e-05,0.863944800457192,0.0185109877016977,0.117544211841111,0.117544211841111,0.746400588616081,1.00005789138281
-5.71158647812644e-05,0.863474709945981,0.0186391252365639,0.117886164817455,0.117886164817455,0.745588545128526,1.00005709602176
-5.63314267060135e-05,0.863002999796451,0.0187681485102624,0.118228851693287,0.118228851693287,0.744774148103164,1.00005631158433
-5.55577622239888e-05,0.862529664477118,0.0188980636276222,0.11857227189526,0.11857227189526,0.743957392581857,1.0000555379205
-5.47947233690028e-05,0.862054698438012,0.0190288767353291,0.118916424826659,0.118916424826659,0.743138273611354,1.0000547748823
-5.40421642070591e-05,0.861578096110625,0.0191605940222099,0.119261309867165,0.119261309867165,0.742316786243461,1.0000540223238
-5.32999408084409e-05,0.861099851907848,0.019293221719518,0.119606926372634,0.119606926372634,0.741492925535214,1.00005328010106
-5.25679112201842e-05,0.860619960223918,0.0194267661012207,0.119953273674861,0.119953273674861,0.740666686549057,1.00005254807213
-5.18459354389291e-05,0.860138415434361,0.0195612334842889,0.12030035108135,0.12030035108135,0.739838064353011,1.00005182609701
-5.11338753841432e-05,0.859655211895934,0.0196966302289888,0.120648157875077,0.120648157875077,0.739007054020857,1.00005111403763
-5.04315948717136e-05,0.859170343946569,0.0198329627391745,0.120996693314256,0.120996693314256,0.738173650632313,1.00005041175778
-4.97389595879007e-05,0.858683805905316,0.0199702374625838,0.1213459566321,0.1213459566321,0.737337849273216,1.00004971912317
-4.90558370636505e-05,0.858195592072285,0.0201084608911355,0.12169594703658,0.12169594703658,0.736499645035705,1.00004903600133
-4.83820966492596e-05,0.857705696728588,0.020247639561228,0.122046663710184,0.122046663710184,0.735659033018404,1.00004836226159
-4.77176094893874e-05,0.857214114136286,0.020387780054041,0.122398105809673,0.122398105809673,0.734816008326612,1.00004769777511
-4.70622484984128e-05,0.856720838538324,0.0205288889958385,0.122750272465838,0.122750272465838,0.733970566072486,1.00004704241481
-4.64158883361278e-05,0.85622586415848,0.0206709730582736,0.123103162783246,0.123103162783246,0.733122701375233,1.00004639605533
-4.57784053837662e-05,0.855729185201305,0.020814038958696,0.123456775839999,0.123456775839999,0.732272409361306,1.00004575857307
-4.5149677720361e-05,0.855230795852064,0.0209580934604611,0.123811110687475,0.123811110687475,0.731419685164588,1.0000451298461
-4.45295850994265e-05,0.854730690276679,0.0211031433732411,0.12416616635008,0.12416616635008,0.730564523926599,1.00004450975418
-4.39180089259609e-05,0.854228862621672,0.021249195553338,0.12452194182499,0.12452194182499,0.729706920796681,1.0000438981787
-4.3314832233764e-05,0.853725307014105,0.0213962569039995,0.124878436081896,0.124878436081896,0.728846870932209,1.00004329500271
-4.27199396630678e-05,0.853220017561522,0.0215443343757358,0.125235648062742,0.125235648062742,0.72798436949878,1.00004270011085
-4.21332174384729e-05,0.852712988351894,0.0216934349666394,0.125593576681466,0.125593576681466,0.727119411670428,1.00004211338933
-4.15545533471887e-05,0.852204213453556,0.0218435657227064,0.125952220823738,0.125952220823738,0.726251992629818,1.00004153472595
-4.09838367175726e-05,0.851693686915149,0.0219947337381603,0.126311579346691,0.126311579346691,0.725382107568458,1.00004096401004
-4.04209583979631e-05,0.851181402765565,0.0221469461557777,0.126671651078657,0.126671651078657,0.724509751686908,1.00004040113243
-3.98658107358044e-05,0.850667355013885,0.0223002101672165,0.127032434818898,0.127032434818898,0.723634920194987,1.00003984598549
-3.93182875570577e-05,0.850151537649323,0.0224545330133454,0.127393929337332,0.127393929337332,0.722757608311991,1.00003929846304
-3.87782841458945e-05,0.849633944641161,0.0226099219845766,0.127756133374262,0.127756133374262,0.721877811266899,1.00003875846035
-3.824569722467e-05,0.8491145699387,0.0227663844212,0.1281190456401,0.1281190456401,0.7209955242986,1.00003822587416
-3.772042493417e-05,0.848593407471191,0.0229239277137199,0.128482664815089,0.128482664815089,0.720110742656102,1.00003770060261
-3.72023668141307e-05,0.848070451147781,0.0230825593031937,0.128846989549025,0.128846989549025,0.719223461598756,1.00003718254522
-3.66914237840249e-05,0.847545694857455,0.0232422866815728,0.129212018460973,0.129212018460973,0.718333676396482,1.00003667160293
-3.61874981241128e-05,0.847019132468971,0.0234031173920459,0.129577750138983,0.129577750138983,0.717441382329988,1.00003616767802
-3.56904934567523e-05,0.846490757830807,0.0235650590293848,0.129944183139808,0.129944183139808,0.716546574690999,1.0000356706741
-3.52003147279668e-05,0.845960564771098,0.0237281192402913,0.130311315988611,0.130311315988611,0.715649248782487,1.00003518049612
-3.47168681892656e-05,0.845428547097575,0.0238923057237483,0.130679147178676,0.130679147178676,0.714749399918899,1.00003469705033
-3.42400613797143e-05,0.844894698597511,0.0240576262313709,0.131047675171118,0.131047675171118,0.713847023426393,1.00003422024428
-3.37698031082509e-05,0.844359013037654,0.0242240885677618,0.131416898394584,0.131416898394584,0.71294211464307,1.00003374998677
-3.33060034362459e-05,0.843821484164173,0.0243917005908679,0.131786815244959,0.131786815244959,0.712034668919215,1.00003328618786
-3.28485736603005e-05,0.843282105702596,0.0245604702123393,0.132157424085064,0.132157424085064,0.711124681617532,1.00003282875885
-3.2397426295282e-05,0.842740871357749,0.0247304053978911,0.13252872324436,0.13252872324436,0.710212148113389,1.00003237761226
-3.19524750575921e-05,0.842197774813696,0.0249015141676672,0.132900711018636,0.132900711018636,0.70929706379506,1.00003193266179
-3.15136348486648e-05,0.841652809733683,0.0250738045966064,0.13327338566971,0.13327338566971,0.708379424063973,1.00003149382236
-3.10808217386906e-05,0.841105969760073,0.0252472848148109,0.133646745425116,0.133646745425116,0.707459224334956,1.00003106101003
-3.06539529505653e-05,0.840557248514286,0.0254219630079179,0.134020788477796,0.134020788477797,0.706536460036489,1.00003063414203
-3.02329468440578e-05,0.840006639596742,0.0255978474174724,0.134395512985786,0.134395512985786,0.705611126610956,1.00003021313671
-2.98177229001967e-05,0.839454136586798,0.0257749463413029,0.134770917071899,0.134770917071899,0.7046832195149,1.00002979791356
-2.94082017058706e-05,0.838899733042691,0.0259532681339005,0.135146998823409,0.135146998823409,0.703752734219282,1.00002938839316
-2.90043049386399e-05,0.83834342250147,0.0261328212067985,0.135523756291731,0.135523756291731,0.702819666209739,1.00002898449719
-2.86059553517574e-05,0.837785198478945,0.0263136140289566,0.135901187492098,0.135901187492098,0.701884010986847,1.00002858614841
-2.82130767593947e-05,0.83722505446962,0.0264956551271458,0.136279290403235,0.136279290403234,0.700945764066385,1.00002819327062
-2.78255940220713e-05,0.836662983946633,0.0266789530863366,0.13665806296703,0.13665806296703,0.700004920979603,1.0000278057887
-2.74434330322836e-05,0.836098980361699,0.02686351655009,0.137037503088211,0.137037503088211,0.699061477273489,1.00002742362852
-2.70665207003324e-05,0.835533037145046,0.0270493542209504,0.137417608634004,0.137417608634004,0.698115428511042,1.00002704671701
-2.66947849403432e-05,0.834965147705354,0.0272364748608412,0.137798377433805,0.137798377433805,0.697166770271548,1.00002667498207
-2.63281546564802e-05,0.834395305429695,0.0274248872914631,0.138179807278842,0.138179807278842,0.696215498150853,1.00002630835261
-2.59665597293487e-05,0.833823503683475,0.0276146003946951,0.13856189592183,0.13856189592183,0.695261607761645,1.00002594675851
-2.56099310025846e-05,0.833249735810367,0.0278056231129972,0.138944641076635,0.138944641076635,0.694305094733732,1.00002559013062
-2.52582002696278e-05,0.832673995132257,0.0279979644498172,0.139328040417925,0.139328040417925,0.693345954714332,1.00002523840072
-2.49113002606779e-05,0.832096274949177,0.0281916334699987,0.139712091580824,0.139712091580824,0.692384183368353,1.00002489150155
-2.45691646298279e-05,0.831516568539247,0.0283866393001923,0.140096792160561,0.140096792160561,0.691419776378686,1.00002454936677
-2.4231727942376e-05,0.830934869158614,0.0285829911292695,0.140482139712116,0.140482139712116,0.690452729446498,1.00002421193093
-2.38989256623105e-05,0.830351170041391,0.0287806982087393,0.14086813174987,0.14086813174987,0.689483038291521,1.0000238791295
-2.35706941399673e-05,0.829765464399594,0.0289797698531669,0.141254765747239,0.141254765747239,0.688510698652355,1.00002355089883
-2.32469705998565e-05,0.829177745423084,0.0291802154405961,0.14164203913632,0.14164203913632,0.687535706286764,1.00002322717615
-2.29276931286565e-05,0.828588006279502,0.0293820444129732,0.142029949307525,0.142029949307525,0.686558056971977,1.00002290789955
-2.26128006633728e-05,0.827996240114212,0.0295852662765743,0.142418493609213,0.142418493609213,0.685577746504999,1.00002259300795
-2.23022329796594e-05,0.827402440050238,0.0297898906024357,0.142807669347326,0.142807669347326,0.684594770702912,1.00002228244114
-2.19959306803007e-05,0.826806599188201,0.0299959270267859,0.143197473785013,0.143197473785013,0.683609125403188,1.00002197613972
-2.16938351838519e-05,0.826208710606261,0.0302033852514815,0.143587904142258,0.143587904142258,0.682620806464003,1.0000216740451
-2.13958887134342e-05,0.825608767360053,0.030412275044445,0.143978957595502,0.143978957595502,0.681629809764552,1.00002137609952
-2.1102034285686e-05,0.82500676248263,0.0306226062401061,0.144370631277264,0.144370631277264,0.680636131205366,1.00002108224598
-2.08122156998634e-05,0.824402688984397,0.0308343887398453,0.144762922275758,0.144762922275758,0.679639766708638,1.00002079242829
-2.05263775270925e-05,0.823796539853051,0.0310476325124402,0.145155827634509,0.145155827634509,0.678640712218542,1.00002050659101
-2.02444650997681e-05,0.823188308053523,0.0312623475945155,0.145549344351962,0.145549344351961,0.677638963701562,1.00002022467949
-1.99664245010979e-05,0.822577986527914,0.0314785440909949,0.145943469381091,0.145943469381091,0.676634517146822,1.0000199466398
-1.96922025547917e-05,0.821965568195434,0.031696232175556,0.14633819962901,0.146338199629011,0.675627368566423,1.00001967241876
-1.94217468148902e-05,0.821351045952341,0.0319154220910886,0.14673353195657,0.14673353195657,0.674617513995771,1.00001940196394
-1.91550055557353e-05,0.820734412671882,0.0321361241501555,0.147129463177962,0.147129463177962,0.67360494949392,1.0000191352236
-1.88919277620767e-05,0.820115661204229,0.0323583487354562,0.147525990060314,0.147525990060314,0.672589671143915,1.00001887214673
-1.86324631193156e-05,0.81949478437642,0.0325821063002939,0.147923109323286,0.147923109323286,0.671571675053134,1.00001861268301
-1.83765620038817e-05,0.818871774992296,0.0328074073690443,0.14832081763866,0.14832081763866,0.670550957353636,1.00001835678283
-1.81241754737424e-05,0.818246625832442,0.0330342625376293,0.148719111629928,0.148719111629928,0.669527514202514,1.00001810439724
-1.78752552590424e-05,0.817619329654127,0.0332626824739918,0.149117987871881,0.149117987871881,0.668501341782246,1.00001785547797
-1.7629753752872e-05,0.816989879191239,0.0334926779185744,0.149517442890187,0.149517442890187,0.667472436301051,1.00001760997741
-1.73876240021625e-05,0.816358267154227,0.033724259684801,0.149917473160972,0.149917473160972,0.666440793993255,1.00001736784861
-1.71488196987054e-05,0.815724486230042,0.0339574386595614,0.150318075110397,0.150318075110397,0.665406411119644,1.00001712904526
-1.69132951702965e-05,0.815088529082071,0.0341922258036986,0.15071924511423,0.15071924511423,0.664369283967841,1.0000168935217
-1.66810053720006e-05,0.814450388350084,0.0344286321524997,0.151120979497416,0.151120979497416,0.663329408852668,1.00001666123286
-1.64519058775366e-05,0.813810056650165,0.0346666688161897,0.151523274533646,0.151523274533646,0.662286782116519,1.00001643213434
-1.62259528707809e-05,0.813167526574656,0.0349063469804276,0.151926126444916,0.151926126444916,0.66124140012974,1.00001620618231
-1.6003103137387e-05,0.812522790692098,0.0351476779068071,0.152329531401095,0.152329531401095,0.660193259291003,1.00001598333356
-1.57833140565212e-05,0.811875841547167,0.0353906729333587,0.152733485519474,0.152733485519474,0.659142356027693,1.00001576354546
-1.55665435927106e-05,0.811226671660617,0.0356353434750566,0.153137984864327,0.153137984864327,0.65808868679629,1.00001554677599
-1.53527502878042e-05,0.810575273529215,0.0358817010243274,0.153543025446458,0.153543025446458,0.657032248082757,1.00001533298368
-1.51418932530435e-05,0.809921639625687,0.0361297571515623,0.15394860322275,0.15394860322275,0.655973036402937,1.00001512212764
-1.49339321612425e-05,0.809265762398655,0.0363795235056332,0.154354714095711,0.154354714095711,0.654911048302944,1.00001491416755
-1.4728827239075e-05,0.808607634272576,0.0366310118144111,0.154761353913013,0.154761353913013,0.653846280359563,1.00001470906364
