1e-09,0.952378530903673,0.00730710002909225,0.0403143690672348,0.0403143690672347,0.912064161836438,0.999999999000053
1.02807322383086e-09,0.952378462916108,0.00730711333912591,0.0403144237447663,0.0403144237447663,0.912064039171341,0.999999998971982
1.05693455355799e-09,0.952378393019406,0.00730712702292283,0.0403144799576711,0.0403144799576711,0.912063913061735,0.999999998943122
1.0866061138546e-09,0.952378321159943,0.00730714109098186,0.0403145377490747,0.0403145377490747,0.912063783410869,0.999999998913452
1.11711065050482e-09,0.952378247282588,0.00730715555409697,0.0403145971633146,0.0403145971633145,0.912063650119274,0.999999998882949
1.14847154784029e-09,0.95237817133066,0.0073071704233655,0.0403146582459744,0.0403146582459745,0.912063513084686,0.99999999885159
1.18071284666619e-09,0.952378093245884,0.00730718571019674,0.040314721043919,0.040314721043919,0.912063372201965,0.99999999881935
1.21385926269063e-09,0.952378012968349,0.00730720142632067,0.0403147856053301,0.0403147856053301,0.912063227363019,0.999999998786205
1.24793620547131e-09,0.952377930436459,0.00730721758379701,0.040314851979744,0.0403148519797439,0.912063078456715,0.99999999875213
1.28296979789415e-09,0.952377845586886,0.0073072341950245,0.040314920218089,0.040314920218089,0.912062925368797,0.999999998717099
1.31898689619867e-09,0.952377758354524,0.00730725127275043,0.0403149903727253,0.0403149903727253,0.912062767981799,0.999999998681083
1.35601511056563e-09,0.952377668672435,0.00730726883008046,0.0403150624974847,0.0403150624974846,0.91206260617495,0.999999998644057
1.39408282628258e-09,0.952377576471799,0.00730728688048874,0.0403151366477122,0.0403151366477121,0.912062439824087,0.999999998605991
1.43321922550358e-09,0.952377481681863,0.00730730543782823,0.0403152128803088,0.0403152128803088,0.912062268801554,0.999999998566857
1.47345430961984e-09,0.952377384229884,0.00730732451634141,0.040315291253775,0.040315291253775,0.912062092976109,0.999999998526624
1.51481892225835e-09,0.952377284041073,0.00730734413067122,0.0403153718282561,0.0403153718282561,0.912061912212817,0.999999998485262
1.55734477292614e-09,0.952377181038539,0.00730736429587236,0.0403154546655883,0.0403154546655884,0.912061726372951,0.999999998442739
1.60106446131832e-09,0.952377075143231,0.0073073850274229,0.0403155398293465,0.0403155398293464,0.912061535313884,0.999999998399021
1.64601150230855e-09,0.952376966273871,0.00730740634123615,0.040315627384893,0.040315627384893,0.912061338888978,0.999999998354076
1.69222035164104e-09,0.952376854346899,0.00730742825367301,0.0403157173994282,0.0403157173994281,0.912061136947471,0.99999999830787
1.7397264323438e-09,0.952376739276404,0.00730745078155449,0.0403158099420419,0.0403158099420419,0.912060929334362,0.999999998260366
1.78856616188346e-09,0.952376620974058,0.00730747394217472,0.0403159050837671,0.0403159050837671,0.912060715890291,0.999999998211529
1.83877698008233e-09,0.952376499349051,0.00730749775331431,0.0403160028976343,0.0403160028976343,0.912060496451417,0.999999998161321
1.89039737781922e-09,0.952376374308018,0.00730752223325399,0.0403161034587278,0.0403161034587277,0.912060270849291,0.999999998109704
1.94346692653602e-09,0.952376245754967,0.00730754740078879,0.0403162068442437,0.0403162068442438,0.912060038910724,0.999999998056637
1.99802630857255e-09,0.952376113591208,0.00730757327524245,0.0403163131335496,0.0403163131335497,0.912059800457658,0.99999999800208
2.05411734835306e-09,0.952375977715272,0.0073075998764824,0.0403164224082455,0.0403164224082454,0.912059555307027,0.999999997945992
2.11178304444824e-09,0.952375838022839,0.00730762722493507,0.0403165347522265,0.0403165347522264,0.912059303270612,0.99999999788833
2.17106760253726e-09,0.95237569440665,0.00730765534160162,0.0403166502517481,0.0403166502517481,0.912059044154902,0.999999997829048
2.23201646929523e-09,0.952375546756433,0.0073076842480742,0.0403167689954925,0.0403167689954925,0.912058777760941,0.999999997768103
2.29467636723194e-09,0.952375394958811,0.00730771396655258,0.0403168910746367,0.0403168910746368,0.912058503884174,0.999999997705446
2.35909533050864e-09,0.952375238897215,0.00730774451986133,0.0403170165829233,0.0403170165829232,0.912058222314292,0.999999997641031
2.42532274176036e-09,0.9523750784518,0.0073077759314674,0.0403171456167325,0.0403171456167325,0.912057932835068,0.999999997574807
2.49340936995188e-09,0.952374913499345,0.00730780822549829,0.0403172782751568,0.0403172782751567,0.912057635224188,0.999999997506724
2.56340740929651e-09,0.952374743913162,0.0073078414267607,0.0403174146600773,0.0403174146600774,0.912057329253085,0.99999999743673
2.63537051926739e-09,0.952374569562998,0.00730787556075964,0.0403175548762425,0.0403175548762426,0.912057014686755,0.99999999736477
2.70935386573205e-09,0.952374390314933,0.00730791065371822,0.0403176990313491,0.0403176990313491,0.912056691283584,0.999999997290791
2.78541416324176e-09,0.952374206031277,0.00730794673259789,0.0403178472361252,0.0403178472361251,0.912056358795152,0.999999997214735
2.86360971850811e-09,0.952374016570465,0.00730798382511926,0.0403179996044159,0.040317999604416,0.912056016966049,0.999999997136543
2.94400047510004e-09,0.952373821786945,0.00730802195978363,0.0403181562532714,0.0403181562532715,0.912055665533673,0.999999997056157
3.0266480593957e-09,0.952373621531068,0.00730806116589496,0.0403183173030374,0.0403183173030374,0.91205530422803,0.999999996973513
3.11161582782436e-09,0.952373415648969,0.00730810147358258,0.040318482877448,0.040318482877448,0.912054932771521,0.99999999688855
3.19896891543454e-09,0.952373203982454,0.00730814291382454,0.0403186531037217,0.0403186531037216,0.912054550878732,0.999999996801202
3.28877428582551e-09,0.952372986368869,0.00730818551847157,0.0403188281126595,0.0403188281126594,0.91205415825621,0.999999996711401
3.38110078248068e-09,0.952372762640982,0.00730822932027176,0.0403190080387464,0.0403190080387464,0.912053754602235,0.99999999661908
3.47601918154197e-09,0.952372532626849,0.00730827435289592,0.0403191930202554,0.0403191930202553,0.912053339606593,0.999999996524167
3.57360224606578e-09,0.952372296149682,0.00730832065096372,0.0403193831993544,0.0403193831993544,0.912052912950328,0.999999996426589
3.67392478180208e-09,0.952372053027713,0.00730836825007049,0.0403195787222166,0.0403195787222165,0.912052474305496,0.999999996326271
3.77706369453937e-09,0.952371803074052,0.00730841718681485,0.0403197797391334,0.0403197797391335,0.912052023334918,0.999999996223138
3.88309804905961e-09,0.952371546096542,0.00730846749882709,0.0403199864046313,0.0403199864046312,0.91205155969191,0.999999996117109
3.99210912974805e-09,0.952371281897611,0.00730851922479836,0.0403201988775911,0.0403201988775911,0.912051083020019,0.999999996008104
4.10418050290471e-09,0.952371010274118,0.00730857240451076,0.0403204173213716,0.0403204173213716,0.912050592952746,0.999999995896039
4.21939808080502e-09,0.952370731017196,0.00730862707886819,0.0403206419039361,0.0403206419039361,0.91205008911326,0.999999995780828
4.33785018755898e-09,0.952370443912089,0.00730868328992814,0.0403208727979827,0.0403208727979827,0.912049571114106,0.999999995662382
4.45962762681909e-09,0.952370148737987,0.00730874108093436,0.0403211101810784,0.0403211101810783,0.912049038556909,0.99999999554061
4.58482375138911e-09,0.952369845267853,0.00730880049635053,0.0403213542357969,0.040321354235797,0.912048491032056,0.999999995415421
4.71353453478692e-09,0.952369533268245,0.00730886158189479,0.0403216051498605,0.0403216051498604,0.912047928118384,0.999999995286717
4.8458586448165e-09,0.952369212499139,0.00730892438457535,0.0403218631162858,0.0403218631162858,0.912047349382853,0.9999999951544
4.98189751920517e-09,0.952368882713739,0.00730898895272707,0.0403221283335339,0.040322128333534,0.912046754380205,0.999999995018369
5.12175544336424e-09,0.952368543658286,0.00730905533604908,0.0403224010056648,0.0403224010056648,0.912046142652621,0.999999994878518
5.26553963033276e-09,0.952368195071861,0.00730912358564356,0.0403226813424956,0.0403226813424956,0.912045513729365,0.999999994734742
5.41336030296538e-09,0.95236783668618,0.0073091937540555,0.0403229695597644,0.0403229695597644,0.912044867126416,0.999999994586929
5.56533077842764e-09,0.952367468225388,0.00730926589531373,0.040323265879298,0.0403232658792979,0.91204420234609,0.999999994434967
5.72156755506324e-09,0.952367089405842,0.00730934006497305,0.0403235705291846,0.0403235705291846,0.912043518876658,0.999999994278738
5.88219040169997e-09,0.952366699935891,0.00730941632015759,0.0403238837439517,0.0403238837439517,0.912042816191939,0.999999994118124
6.04732244946265e-09,0.952366299515646,0.00730949471960547,0.0403242057647487,0.0403242057647487,0.912042093750897,0.999999993953001
6.21709028616383e-09,0.95236588783675,0.0073095753237146,0.0403245368395353,0.0403245368395354,0.912041350997215,0.999999993783242
6.39162405334401e-09,0.952365464582135,0.00730965819459002,0.0403248772232747,0.0403248772232747,0.912040587358861,0.999999993608717
6.57105754603627e-09,0.952365029425775,0.00730974339609238,0.0403252271781327,0.0403252271781327,0.912039802247642,0.999999993429293
6.75552831533164e-09,0.95236458203243,0.00730983099388796,0.0403255869736825,0.0403255869736825,0.912038995058747,0.999999993244833
6.94517777382369e-09,0.952364122057384,0.00730992105550013,0.0403259568871154,0.0403259568871155,0.912038165170269,0.999999993055193
7.14015130401339e-09,0.95236364914618,0.00731001365036219,0.0403263372034577,0.0403263372034577,0.912037311942722,0.99999999286023
7.3405983697572e-09,0.952363162934335,0.00731010884987186,0.0403267282157932,0.0403267282157933,0.912036434718542,0.999999992659794
7.5466726308439e-09,0.95236266304706,0.00731020672744729,0.0403271302254932,0.0403271302254932,0.912035532821566,0.999999992453731
7.75853206078784e-09,0.952362149098963,0.00731030735858468,0.0403275435424521,0.040327543542452,0.912034605556511,0.999999992241882
7.97633906792928e-09,0.952361620693752,0.0073104108209176,0.0403279684853306,0.0403279684853305,0.912033652208421,0.999999992024087
8.20026061993413e-09,0.952361077423917,0.00731051719427803,0.0403284053818052,0.0403284053818053,0.912032672042112,0.999999991800178
8.43046837178897e-09,0.952360518870415,0.00731062656075914,0.0403288545688258,0.0403288545688258,0.912031664301589,0.999999991569982
8.66713879738922e-09,0.95235994460234,0.00731073900477993,0.04032931639288,0.04032931639288,0.91203062820946,0.999999991333325
8.9104533248215e-09,0.952359354176583,0.00731085461315173,0.0403297912102652,0.0403297912102651,0.912029562966318,0.999999991090023
9.16059847544369e-09,0.952358747137484,0.00731097347514665,0.0403302793873691,0.0403302793873691,0.912028467750115,0.999999990839891
9.41776600686954e-09,0.952358123016474,0.00731109568256802,0.0403307813009578,0.0403307813009578,0.912027341715516,0.999999990582737
9.6821530599671e-09,0.952357481331705,0.00731122132982289,0.0403312973384723,0.0403312973384723,0.912026183993233,0.999999990318364
9.95396230998424e-09,0.952356821587669,0.00731135051399662,0.0403318278983341,0.0403318278983341,0.912024993689335,0.99999999004657
1.02334021219164e-08,0.952356143274811,0.00731148333492968,0.0403323733902593,0.0403323733902593,0.912023769884552,0.999999989767145
1.05206867102362e-08,0.952355445869122,0.00731161989529671,0.0403329342355818,0.0403329342355817,0.91202251163354,0.999999989479876
1.08160363031071e-08,0.952354728831726,0.00731176030068786,0.0403335108675861,0.0403335108675862,0.91202121796414,0.999999989184542
1.1119677311207e-08,0.952353991608457,0.00731190465969254,0.0403341037318501,0.04033410373185,0.912019887876607,0.999999988880917
1.14318425012915e-08,0.952353233629417,0.00731205308398564,0.0403347132865972,0.0403347132865972,0.91201852034282,0.999999988568769
1.17527711746295e-08,0.952352454308524,0.00731220568841622,0.0403353400030596,0.0403353400030596,0.912017114305465,0.999999988247857
1.20827093504478e-08,0.95235165304305,0.00731236259109894,0.0403359843658513,0.0403359843658514,0.912015668677198,0.999999987917937
1.24219099545262e-08,0.952350829213139,0.00731252391350803,0.0403366468733531,0.0403366468733531,0.912014182339786,0.999999987578754
1.27706330130864e-08,0.952349982181318,0.00731268978057416,0.0403373280381079,0.0403373280381079,0.91201265414321,0.99999998723005
1.31291458521247e-08,0.952349111291988,0.00731286032078414,0.0403380283872282,0.0403380283872282,0.91201108290476,0.999999986871556
1.34977233023394e-08,0.952348215870901,0.00731303566628349,0.0403387484628155,0.0403387484628156,0.912009467408085,0.999999986502999
1.38766479098131e-08,0.952347295224625,0.00731321595298221,0.0403394888223924,0.0403394888223924,0.912007806402233,0.999999986124094
1.42662101526074e-08,0.95234634863999,0.00731340132066351,0.0403402500393466,0.0403402500393465,0.912006098600643,0.999999985734553
1.46667086634397e-08,0.952345375383515,0.00731359191309594,0.0403410327033887,0.0403410327033887,0.912004342680127,0.999999985334076
1.50784504586105e-08,0.952344374700828,0.00731378787814873,0.0403418374210237,0.0403418374210237,0.912002537279804,0.999999984922356
1.55017511733577e-08,0.952343345816054,0.00731398936791065,0.0403426648160359,0.040342664816036,0.912000681000018,0.999999984499078
1.59369353038178e-08,0.952342287931199,0.00731419653881237,0.0403435155299888,0.0403435155299888,0.91199877240121,0.999999984063917
1.63843364557798e-08,0.952341200225508,0.00731440955175255,0.040344390222739,0.0403443902227391,0.911996810002769,0.99999998361654
1.68442976004231e-08,0.952340081854806,0.00731462857222761,0.0403452895729668,0.0403452895729667,0.911994792281839,0.999999983156603
1.73171713372335e-08,0.952338931950813,0.0073148537704655,0.0403462142787211,0.0403462142787211,0.911992717672092,0.999999982683755
1.78033201643011e-08,0.952337749620455,0.00731508532156339,0.0403471650579818,0.0403471650579817,0.911990584562473,0.999999982197632
1.83031167562061e-08,0.952336533945132,0.00731532340562965,0.0403481426492384,0.0403481426492384,0.911988391295894,0.999999981697863
1.88169442497056e-08,0.952335283979984,0.00731556820792994,0.0403491478120858,0.0403491478120859,0.911986136167898,0.999999981184063
1.93451965374404e-08,0.952333998753123,0.00731581991903787,0.040350181327839,0.0403501813278391,0.911983817425284,0.999999980655839
1.98882785698881e-08,0.952332677264845,0.00731607873499016,0.0403512440001649,0.0403512440001649,0.91198143326468,0.999999980112786
2.04466066657912e-08,0.952331318486819,0.00731634485744652,0.0403523366557342,0.0403523366557342,0.911978981831085,0.999999979554488
2.10206088313016e-08,0.952329921361253,0.00731661849385437,0.0403534601448926,0.0403534601448926,0.91197646121636,0.999999978980517
2.16107250880838e-08,0.952328484800029,0.00731689985761864,0.0403546153423526,0.0403546153423526,0.911973869457676,0.999999978390432
2.22174078106288e-08,0.952327007683818,0.00731718916827674,0.0403558031479056,0.0403558031479057,0.911971204535912,0.999999977783782
2.28411220730383e-08,0.952325488861165,0.00731748665167884,0.0403570244871565,0.0403570244871565,0.911968464374008,0.999999977160101
2.34823460055428e-08,0.952323927147546,0.00731779254017376,0.0403582803122801,0.0403582803122801,0.911965646835266,0.999999976518912
2.41415711610302e-08,0.952322321324399,0.00731810707280052,0.0403595716028006,0.0403595716028006,0.911962749721598,0.999999975859722
2.48193028918626e-08,0.952320670138118,0.00731843049548585,0.0403608993663956,0.0403608993663956,0.911959770771723,0.999999975182026
2.55160607372719e-08,0.952318972299029,0.00731876306124775,0.0403622646397236,0.0403622646397237,0.911956707659305,0.999999974485306
2.62323788216312e-08,0.952317226480316,0.00731910503040542,0.0403636684892783,0.0403636684892783,0.911953557991038,0.999999973769026
2.69688062639069e-08,0.952315431316937,0.00731945667079568,0.0403651120122677,0.0403651120122677,0.911950319304669,0.999999973032639
2.77259075986048e-08,0.952313585404482,0.0073198182579961,0.0403665963375218,0.0403665963375218,0.91194698906696,0.999999972275578
2.85042632085343e-08,0.952311687298018,0.00732019007555518,0.0403681226264272,0.0403681226264273,0.91194356467159,0.999999971497264
2.93044697697214e-08,0.952309735510878,0.0073205724152297,0.0403696920738918,0.0403696920738918,0.911940043436987,0.999999970697101
3.01271407088116e-08,0.952307728513432,0.00732096557722949,0.0403713059093382,0.0403713059093382,0.911936422604094,0.999999969874474
3.09729066733141e-08,0.952305664731801,0.00732136987046998,0.0403729653977294,0.0403729653977294,0.911932699334071,0.999999969028754
3.18424160150466e-08,0.952303542546542,0.00732178561283266,0.0403746718406257,0.0403746718406257,0.911928870705916,0.999999968159291
3.27363352871525e-08,0.952301360291291,0.0073222131314339,0.0403764265772753,0.0403764265772752,0.911924933714016,0.99999996726542
3.36553497550709e-08,0.95229911625136,0.00732265276290213,0.0403782309857383,0.0403782309857383,0.911920885265621,0.999999966346455
3.46001639218511e-08,0.952296808662288,0.00732310485366409,0.0403800864840475,0.0403800864840476,0.911916722178241,0.999999965401692
3.55715020682138e-08,0.952294435708355,0.00732356976024004,0.0403819945314048,0.0403819945314048,0.91191244117695,0.999999964430406
3.65701088077749e-08,0.952291995521035,0.00732404784954855,0.0403839566294161,0.0403839566294161,0.911908038891619,0.999999963431853
3.75967496578547e-08,0.952289486177414,0.00732453949922108,0.0403859743233652,0.0403859743233652,0.911903511854048,0.999999962405268
3.86522116263126e-08,0.952286905698545,0.00732504509792671,0.0403880492035286,0.0403880492035286,0.911898856495016,0.999999961349862
3.97373038148561e-08,0.95228425204776,0.00732556504570743,0.0403901829065325,0.0403901829065324,0.911894069141228,0.999999960264828
4.08528580392857e-08,0.952281523128923,0.00732609975432429,0.0403923771167528,0.0403923771167527,0.91188914601217,0.999999959149334
4.19997294671531e-08,0.952278716784624,0.00732664964761488,0.0403946335677612,0.0403946335677613,0.911884083216863,0.999999958002525
4.31787972733202e-08,0.95227583079432,0.00732721516186255,0.0403969540438175,0.0403969540438175,0.911878876750502,0.999999956823521
4.43909653139217e-08,0.952272862872412,0.00732779674617777,0.04039934038141,0.04039934038141,0.911873522491002,0.999999955611418
4.56371628192476e-08,0.952269810666261,0.00732839486289202,0.040401794470847,0.0404017944708469,0.911868016195414,0.999999954365288
4.6918345106078e-08,0.952266671754135,0.00732900998796484,0.0404043182578998,0.0404043182578998,0.911862353496236,0.999999953084175
4.82354943100147e-08,0.952263443643096,0.00732964261140434,0.0404069137454996,0.0404069137454997,0.911856529897596,0.999999951767097
4.95896201383721e-08,0.952260123766807,0.00733029323770188,0.0404095829954906,0.0404095829954907,0.911850540771317,0.999999950413045
5.09817606442043e-08,0.952256709483278,0.00733096238628119,0.0404123281304408,0.0404123281304408,0.911844381352837,0.999999949020979
5.24129830220606e-08,0.952253198072524,0.00733165059196278,0.0404151513355134,0.0404151513355134,0.91183804673701,0.999999947589834
5.38843844260822e-08,0.952249586734156,0.00733235840544398,0.0404180548604001,0.0404180548604001,0.911831531873756,0.999999946118513
5.5397092811064e-08,0.952245872584885,0.00733308639379537,0.0404210410213195,0.0404210410213194,0.911824831563566,0.999999944605886
5.69522677971282e-08,0.952242052655943,0.00733383514097407,0.0404241122030826,0.0404241122030826,0.911817940452861,0.999999943050795
5.85511015586724e-08,0.952238123890417,0.00733460524835482,0.0404272708612283,0.0404272708612283,0.911810853029189,0.999999941452048
6.01948197382727e-08,0.95223408314049,0.00733539733527919,0.0404305195242309,0.0404305195242309,0.911803563616259,0.999999939808419
6.18846823862438e-08,0.952229927164593,0.00733621203962395,0.0404338607957836,0.0404338607957835,0.911796066368809,0.999999938118648
6.3621984926575e-08,0.952225652624452,0.00733705001838918,0.040437297357159,0.0404372973571591,0.911788355267293,0.99999993638144
6.54080591499826e-08,0.952221256082041,0.00733791194830697,0.0404408319696525,0.0404408319696524,0.911780424112388,0.999999934595463
6.72442742348425e-08,0.95221673399642,0.00733879852647157,0.0404444674771086,0.0404444674771085,0.911772266519311,0.999999932759347
6.91320377967813e-08,0.952212082720473,0.00733971047099171,0.0404482068085358,0.0404482068085358,0.911763875911937,0.999999930871687
7.10727969677341e-08,0.952207298497521,0.0073406485216663,0.0404520529808128,0.0404520529808129,0.911755245516708,0.999999928931033
7.30680395052951e-08,0.952202377457826,0.00734161344068407,0.0404560091014896,0.0404560091014896,0.911746368356337,0.999999926935899
7.51192949332097e-08,0.952197315614964,0.00734260601334848,0.040460078371687,0.0404600783716871,0.911737237243277,0.999999924884755
7.72281357138864e-08,0.952192108862072,0.00734362704882881,0.0404642640890995,0.0404642640890994,0.911727844772972,0.999999922776029
7.93961784538228e-08,0.952186752967956,0.00734467738093851,0.0404685696511053,0.0404685696511052,0.911718183316851,0.999999920608104
8.16250851428724e-08,0.952181243573071,0.00734575786894202,0.0404729985579871,0.0404729985579871,0.911708245015084,0.999999918379319
8.39165644283016e-08,0.952175576185339,0.00734686939839125,0.0404775544162701,0.0404775544162701,0.911698021769069,0.999999916087965
8.62723729246145e-08,0.952169746175827,0.007348012881993,0.0404822409421798,0.0404822409421798,0.911687505233647,0.999999913732285
8.8694316560147e-08,0.952163748774264,0.00734918926050866,0.0404870619652272,0.0404870619652271,0.911676686809037,0.999999911310474
9.11842519614656e-08,0.952157579064388,0.00735039950368758,0.0404920214319243,0.0404920214319244,0.911665557632464,0.999999908820675
9.374408787663e-08,0.952151231979126,0.00735164461123564,0.0404971234096379,0.040497123409638,0.911654108569488,0.999999906260979
9.63757866384109e-08,0.952144702295594,0.00735292561382051,0.0405023720905854,0.0405023720905855,0.911642330205009,0.999999903629424
9.90813656685867e-08,0.952137984629904,0.00735424357411528,0.0405077717959808,0.0405077717959808,0.911630212833923,0.999999900923993
1.01862899024469e-07,0.952131073431782,0.00735559958788223,0.0405133269803358,0.0405133269803358,0.911617746451446,0.999999898142612
1.04722518988844e-07,0.952123962978977,0.00735699478509843,0.0405190422359247,0.0405190422359247,0.911604920743052,0.999999895283149
1.07662417704549e-07,0.952116647371457,0.00735843033112525,0.0405249222974182,0.0405249222974181,0.911591725074038,0.999999892343412
1.10684848854941e-07,0.952109120525381,0.00735990742792368,0.0405309720466955,0.0405309720466955,0.911578148478685,0.999999889321147
1.13792129391531e-07,0.95210137616684,0.00736142731531763,0.0405371965178426,0.0405371965178425,0.911564179648997,0.999999886214037
1.16986641310131e-07,0.952093407825349,0.0073629912723075,0.0405436009023435,0.0405436009023434,0.911549806923005,0.999999883019701
1.20270833476851e-07,0.952085208827087,0.00736460061843633,0.0405501905544763,0.0405501905544763,0.911535018272611,0.99999987973569
1.23647223505371e-07,0.952076772287868,0.00736625671521105,0.0405569709969207,0.0405569709969207,0.911519801290947,0.999999876359486
1.27118399686903e-07,0.952068091105829,0.00736796096758159,0.0405639479265889,0.0405639479265888,0.911504143179241,0.999999872888501
1.30687022974335e-07,0.952059157953831,0.00736971482548048,0.0405711272206888,0.0405711272206889,0.911488030733142,0.999999869320075
1.34355829022083e-07,0.952049965271541,0.007371519785426,0.0405785149430331,0.040578514943033,0.911471450328508,0.999999865651471
1.38127630283201e-07,0.952040505257205,0.00737337739219206,0.0405861173506025,0.0405861173506026,0.911454387906603,0.999999861879879
1.42005318165368e-07,0.952030769859073,0.00737528924054804,0.0405939409003792,0.0405939409003792,0.911436828958694,0.999999858002406
1.45991865247398e-07,0.952020750766467,0.00737725697707214,0.0406019922564608,0.0406019922564609,0.911418758510006,0.99999985401608
1.50090327557974e-07,0.952010439400487,0.00737928230204203,0.0406102782974707,0.0406102782974708,0.911400161103016,0.999999849917845
1.54303846918356e-07,0.951999826904315,0.00738136697140661,0.0406188061242783,0.0406188061242784,0.911381020780037,0.999999845704561
1.58635653350859e-07,0.951988904133111,0.00738351279884327,0.0406275830680453,0.0406275830680453,0.911361321065066,0.999999841372995
1.63089067554933e-07,0.95197766164348,0.00738572165790494,0.040636616698615,0.040636616698615,0.911341044944865,0.999999836919829
1.6766750345277e-07,0.951966089682477,0.00738799548426166,0.0406459148332611,0.0406459148332612,0.911320174849216,0.999999832341649
1.72374470806362e-07,0.951954178176142,0.00739033627804188,0.0406554855458157,0.0406554855458157,0.911298692630327,0.999999827634944
1.77213577908036e-07,0.951941916717526,0.00739274610627853,0.0406653371761957,0.0406653371761957,0.91127657954133,0.999999822796107
1.82188534346517e-07,0.951929294554185,0.00739522710546586,0.0406754783403491,0.0406754783403491,0.911253816213836,0.99999981782143
1.87303153850643e-07,0.951916300575124,0.00739778148423278,0.0406859179406429,0.0406859179406429,0.911230382634481,0.999999812707097
1.9256135721292e-07,0.951902923297143,0.00740041152613943,0.0406966651767172,0.0406966651767171,0.911206258120426,0.999999807449189
1.97967175295133e-07,0.951889150850567,0.00740311959260357,0.0407077295568296,0.0407077295568297,0.911181421293737,0.999999802043675
2.03524752118358e-07,0.951874970964317,0.00740590812596433,0.0407191209097189,0.0407191209097189,0.911155850054598,0.999999796486411
2.09238348039698e-07,0.951860370950295,0.00740877965269095,0.0407308493970139,0.0407308493970139,0.911129521553281,0.999999790773137
2.15112343018217e-07,0.951845337687034,0.00741173678674491,0.0407429255262211,0.0407429255262211,0.911102412160813,0.999999784899474
2.21151239972549e-07,0.951829857602574,0.00741478223310432,0.0407553601643213,0.0407553601643212,0.911074497438253,0.999999778860919
2.27359668232772e-07,0.951813916656529,0.0074179187914601,0.0407681645520113,0.0407681645520113,0.911045752104517,0.999999772652842
2.33742387089181e-07,0.951797500321278,0.00742114936009407,0.0407813503186279,0.040781350318628,0.91101615000265,0.999999766270486
2.40304289440697e-07,0.951780593562257,0.00742447693994982,0.0407949294977933,0.0407949294977933,0.910985664064463,0.999999759708957
2.47050405545683e-07,0.951763180817267,0.00742790463890802,0.0408089145438251,0.0408089145438252,0.910954266273442,0.999999752963225
2.53985906878073e-07,0.951745245974765,0.00743143567627871,0.040823318348956,0.040823318348956,0.910921927625809,0.99999974602812
2.61116110091746e-07,0.951726772351064,0.00743507338752379,0.0408381542614122,0.0408381542614122,0.910888618089652,0.999999738898324
2.68446481096197e-07,0.951707742666373,0.00743882122922419,0.0408534361044029,0.0408534361044028,0.91085430656197,0.999999731568374
2.75982639246618e-07,0.951688139019617,0.00744268278430714,0.0408691781960758,0.0408691781960757,0.910818960823541,0.999999724032648
2.83730361651621e-07,0.951667942861949,0.00744666176754999,0.0408853953705008,0.0408853953705007,0.910782547491448,0.999999716285372
2.91695587601879e-07,0.951647134968877,0.00745076203137854,0.0409021029997447,0.0409021029997446,0.910745031969132,0.999999708320605
2.99884423123102e-07,0.951625695410915,0.00745498757197891,0.0409193170171064,0.0409193170171064,0.910706378393808,0.999999700132243
3.08303145656828e-07,0.951603603522667,0.00745934253574372,0.0409370539415888,0.0409370539415888,0.910666549581079,0.999999691714009
3.16958208872612e-07,0.951580837870239,0.00746383122607474,0.040955330903686,0.040955330903686,0.910625506966553,0.999999683059448
3.25856247615323e-07,0.951557376216861,0.00746845811056612,0.0409741656725734,0.0409741656725734,0.910583210544287,0.999999674161928
3.35004082991314e-07,0.951533195486612,0.00747322782859397,0.0409935766847937,0.0409935766847938,0.910539618801819,0.999999665014627
3.44408727597382e-07,0.951508271726119,0.00747814519934055,0.0410135830745401,0.0410135830745401,0.910494688651579,0.999999655610533
3.54077390896527e-07,0.951482580064073,0.00748321523028311,0.0410342047056442,0.0410342047056442,0.910448375358428,0.999999645942437
3.64017484744614e-07,0.951456094668432,0.00748844312618034,0.0410554622053881,0.0410554622053881,0.910400632463043,0.999999636002928
3.74236629072198e-07,0.951428788701141,0.00749383429859193,0.0410773770002667,0.0410773770002667,0.910351411700875,0.999999625784387
3.84742657725851e-07,0.951400634270192,0.00749939437596979,0.0410999713538383,0.0410999713538382,0.910300662916354,0.999999615278981
3.9554362447347e-07,0.951371602378824,0.00750512921436276,0.0411232684068135,0.0411232684068135,0.91024833397201,0.999999604478655
4.06647809178186e-07,0.951341662871676,0.00751104490878026,0.0411472922195437,0.0411472922195436,0.910194370652132,0.999999593375132
4.18063724145576e-07,0.951310784377649,0.00751714780526438,0.0411720678170866,0.0411720678170866,0.910138716560562,0.9999995819599
4.2980012064908e-07,0.951278934249237,0.0075234445137242,0.0411976212370389,0.0411976212370389,0.910081313012198,0.999999570224207
4.41865995638594e-07,0.951246078498063,0.00752994192159107,0.0412239795803455,0.0412239795803455,0.910022098917718,0.999999558159058
4.54270598637404e-07,0.951212181726329,0.00753664720835883,0.0412511710653121,0.0412511710653122,0.909961010661017,0.999999545755204
4.67023438832733e-07,0.951177207053852,0.00754356786107898,0.0412792250850693,0.0412792250850693,0.909897981968782,0.999999533003137
4.80134292365345e-07,0.951141116040355,0.00755071169088721,0.0413081722687579,0.0413081722687579,0.909832943771597,0.999999519893082
4.93613209823792e-07,0.951103868602623,0.00755808685064511,0.0413380445467322,0.0413380445467323,0.90976582405589,0.999999506414988
5.07470523949047e-07,0.951065422926107,0.00756570185378878,0.0413688752201045,0.0413688752201045,0.909696547706002,0.999999492558523
5.21716857555435e-07,0.951025735370529,0.00757356559448511,0.0414006990349856,0.0414006990349856,0.909625036335544,0.999999478313068
5.36363131673925e-07,0.950984760368983,0.00758168736920643,0.0414335522618102,0.0414335522618102,0.909551208107173,0.9999994636677
5.5142057392403e-07,0.950942450319978,0.00759007689984529,0.0414674727801766,0.0414674727801766,0.909474977539802,0.999999448611193
5.66900727120743e-07,0.950898755471828,0.00759874435850364,0.0415025001696684,0.0415025001696684,0.90939625530216,0.999999433132006
5.82815458123084e-07,0.950853623798717,0.00760770039410427,0.0415386758071792,0.0415386758071791,0.909314947991537,0.999999417218273
5.99176966931061e-07,0.950807000867701,0.00761695616098835,0.0415760429713102,0.0415760429713102,0.909230957896391,0.999999400857796
6.15997796038017e-07,0.950758829695847,0.00762652334967972,0.0416146469544737,0.0416146469544737,0.909144182741373,0.999999384038033
6.33290840045511e-07,0.950709050596583,0.00763641422001674,0.0416545351834003,0.0416545351834003,0.909054515413183,0.99999936674609
6.51069355548147e-07,0.950657601014301,0.007646641636874,0.0416957573488246,0.0416957573488246,0.908961843665477,0.999999348968713
6.69346971295867e-07,0.950604415346069,0.00765721910872141,0.0417383655452094,0.0417383655452094,0.90886604980086,0.999999330692275
6.88137698641567e-07,0.950549424749241,0.00766816082929601,0.0417824144214627,0.0417824144214627,0.908767010327779,0.999999311902764
7.07455942281988e-07,0.950492556933594,0.00767948172269364,0.0418279613437123,0.0418279613437124,0.908664595589882,0.99999929258578
7.27316511300145e-07,0.950433735936452,0.00769119749222372,0.0418750665713243,0.0418750665713243,0.908558669365128,0.999999272726513
7.47734630517758e-07,0.950372881879098,0.00770332467341103,0.0419237934474915,0.0419237934474914,0.908449088431606,0.999999252309741
7.68725952166374e-07,0.950309910702548,0.00771588069157543,0.0419742086058766,0.0419742086058765,0.908335702096671,0.999999231319814
7.90306567886135e-07,0.950244733880551,0.00772888392447316,0.0420263821949755,0.0420263821949756,0.908218351685576,0.999999209740642
8.12493021061405e-07,0.950177258107384,0.00774235377054463,0.0420803881220718,0.0420803881220717,0.908096869985312,0.999999187555683
8.35302319502679e-07,0.950107384957725,0.0077563107233831,0.0421363043188915,0.0421363043188915,0.907971080638834,0.999999164747933
8.58751948484518e-07,0.950035010515545,0.00777077645311911,0.0421942130313364,0.0421942130313364,0.907840797484208,0.999999141299907
8.82859884149515e-07,0.949960024968504,0.00778577389550773,0.042254201135988,0.0422542011359881,0.907705823832516,0.999999117193633
9.07644607288536e-07,0.949882312163954,0.00780132734961278,0.0423163604864334,0.0423163604864333,0.907565951677521,0.999999092410633
9.33125117507824e-07,0.949801749122014,0.00781746258510561,0.0423807882928807,0.0423807882928806,0.907420960829133,0.999999066931908
9.59320947793823e-07,0.949718205500643,0.00783420696034025,0.0424475875390166,0.0424475875390167,0.907270617961627,0.99999904073793
9.86252179486878e-07,0.949631543006848,0.00785158955253377,0.042516867440618,0.0425168674406181,0.90711467556623,0.999999013808621
1.01393945767529e-06,0.949541614747334,0.00786964130157718,0.0425887439510892,0.0425887439510892,0.906952870796244,0.999998986123337
1.04240400702156e-06,0.949448264510907,0.00788839516923127,0.0426633403198615,0.0426633403198615,0.906784924191046,0.999998957660858
1.07166764803286e-06,0.949351325973771,0.00790788631573244,0.0427407877104963,0.0427407877104963,0.906610538263275,0.999998928399368
1.10175281378839e-06,0.94925062181745,0.00792815229615253,0.0428212258863971,0.0428212258863971,0.906429395931053,0.999998898316438
1.13268256713615e-06,0.949145962747475,0.00794923327923445,0.0429048039732907,0.0429048039732908,0.906241158774184,0.999998867389007
1.16448061837269e-06,0.949037146398986,0.00797117229187551,0.0429916813091388,0.0429916813091388,0.906045465089847,0.999998835593372
1.19717134341897e-06,0.948923956113118,0.00799401549296672,0.0430820283939152,0.0430820283939152,0.905841927719203,0.999998802905161
1.23077980250667e-06,0.948806159565235,0.00801781248094085,0.043176027953824,0.0431760279538241,0.905630131611411,0.999998769299319
1.26533175938894e-06,0.948683507222749,0.00804261664015688,0.043273876137094,0.043273876137094,0.905409631085655,0.999998734750087
1.30085370109057e-06,0.948555730606228,0.00806848553218724,0.0433757838615843,0.0433757838615844,0.905179946744644,0.999998699230985
1.3373728582125e-06,0.948422540322589,0.00809548133921442,0.0434819783381967,0.0434819783381967,0.904940561984392,0.999998662714789
1.37491722580642e-06,0.948283623833186,0.00812367136813769,0.0435927047986761,0.0435927047986761,0.90469091903451,0.99999862517351
1.4135155848354e-06,0.948138642912292,0.0081531286257028,0.0437082284620052,0.0437082284620052,0.904430414450287,0.999998586578377
1.4531975242369e-06,0.947987230742379,0.00818393247708264,0.0438288367805384,0.0438288367805384,0.904158393961841,0.999998546899806
1.49399346360526e-06,0.947828988581408,0.00821616940296631,0.0439548420156258,0.0439548420156258,0.903874146565782,0.999998506107389
1.5359346765109e-06,0.947663481923272,0.00824993387350171,0.0440865842032259,0.0440865842032259,0.903576897720046,0.999998464169861
1.57905331447418e-06,0.94749023605491,0.00828532936157723,0.0442244345835128,0.0442244345835129,0.903265801471397,0.999998421055083
1.62338243161228e-06,0.94730873089124,0.00832246952317826,0.0443687995855821,0.044368799585582,0.902939931305658,0.99999837673001
1.66895600997803e-06,0.947118394940564,0.008361479579263,0.0445201254801734,0.0445201254801733,0.90259826946039,0.999998331160674
1.71580898561001e-06,0.946918598216384,0.0084024979422445,0.0446789038413714,0.0446789038413714,0.902239694375013,0.999998284312154
1.76397727531405e-06,0.946708643863976,0.00844567814139579,0.0448456779946282,0.0448456779946282,0.901862965869348,0.999998236148548
1.8134978041965e-06,0.9464877582077,0.00849119111622345,0.045021050676076,0.0450210506760761,0.901466707531625,0.99999818663295
1.86440853397049e-06,0.946255078842556,0.00853922796636714,0.045205693191077,0.0452056931910769,0.901049385651479,0.999998135727416
1.91674849205681e-06,0.946009640283156,0.00859000327270956,0.0454003564441345,0.0454003564441345,0.900609283839022,0.999998083392941
1.9705578015018e-06,0.945750356534101,0.00864375913977913,0.0456058843261202,0.0456058843261203,0.90014447220798,0.999998029589428
2.02587771173502e-06,0.945475999741254,0.00870077015809228,0.045823230100654,0.045823230100654,0.8996527696406,0.999997974275654
2.08275063019052e-06,0.945185173799459,0.00876134955263775,0.0460534766479037,0.0460534766479037,0.899131697151555,0.999997917409244
2.14122015481573e-06,0.944876281391788,0.00882585687909976,0.0462978617291125,0.0462978617291125,0.898578419662675,0.999997858946637
2.20133110749303e-06,0.944547482361393,0.00889470776636735,0.0465578098722395,0.0465578098722395,0.897989672489154,0.999997798843053
2.26312956839953e-06,0.944196640479026,0.00896838640409724,0.0468349731168764,0.0468349731168765,0.89736166736215,0.99999773705246
2.32666291133146e-06,0.943821254421013,0.00904746177279117,0.047131283806196,0.047131283806196,0.896689970614817,0.999997673527541
2.39197984002024e-06,0.943418366870681,0.00913260906959475,0.0474490240597243,0.0474490240597243,0.895969342810957,0.999997608219662
2.45913042546804e-06,0.942984442684677,0.0092246384962128,0.0477909188191099,0.0477909188191098,0.895193523865567,0.999997541078832
2.5281661443315e-06,0.942515202287795,0.00932453472377908,0.0481602629884262,0.0481602629884261,0.894354939299369,0.999997472053672
2.59913991838293e-06,0.942005388523161,0.00943351226022745,0.0485610992166113,0.0485610992166112,0.89344428930655,0.999997401091382
2.67210615507944e-06,0.941448431494811,0.0095530952465567,0.0489984732586323,0.0489984732586324,0.892449958236179,0.999997328137706
2.74712078927081e-06,0.940835951267245,0.00968523616669608,0.049478812566059,0.049478812566059,0.891357138701186,0.999997253136901
2.82424132607844e-06,0.940156991450769,0.00983249928447616,0.0500105092647548,0.0500105092647549,0.890146482186014,0.999997176031716
2.90352688497781e-06,0.939396782055954,0.00999835755150417,0.0506048603925417,0.0506048603925418,0.888791921663412,0.999997096763373
2.98503824511873e-06,0.938534623443155,0.0101877018562613,0.0512776747005834,0.0512776747005833,0.887256948742572,0.99999701527157
3.06883789191764e-06,0.937539986256575,0.0104077822829072,0.0520522314605178,0.0520522314605177,0.885487754796057,0.999996931494531
3.15499006495809e-06,0.93636456302516,0.0106701320265097,0.0529653049483307,0.0529653049483307,0.883399258076829,0.999996845369136
3.24356080723581e-06,0.934923560696267,0.0109951093135636,0.0540813299901689,0.054081329990169,0.880842230706098,0.999996756831315
3.33461801578637e-06,0.933040372014848,0.0114253737305008,0.0555342542546509,0.0555342542546509,0.877506117760197,0.999996665817282
3.42823149373397e-06,0.930189748170168,0.0120886693270513,0.0577215825027806,0.0577215825027806,0.872468165667387,0.999996572269494
