1.72374470806362e-07,0.336111829313457,0.472624744450693,0.19126342623585,0.19126342623585,0.144848403077606,0.99999986612953
1.77213577908036e-07,0.363634683328819,0.438018605434967,0.198346711236214,0.198346711236214,0.165287972092605,0.999999856786672
1.82188534346517e-07,0.384662454711348,0.412454191221886,0.202883354066766,0.202883354066766,0.181779100644582,0.999999848805099
1.87303153850643e-07,0.402474346975055,0.391392445113078,0.206133207911867,0.206133207911867,0.196341139063188,0.99999984138945
1.9256135721292e-07,0.41825526666199,0.373186624218447,0.208558109119563,0.208558109119563,0.209697157542427,0.999999834256327
1.97967175295133e-07,0.43259566987216,0.357012914512628,0.210391415615211,0.210391415615211,0.222204254256949,0.999999827265369
2.03524752118358e-07,0.445841005651167,0.34238745278167,0.211771541567163,0.211771541567163,0.234069464084004,0.999999820334285
2.09238348039698e-07,0.458214382104866,0.32899651171314,0.212789106181994,0.212789106181994,0.245425275922872,0.99999981340934
2.15112343018217e-07,0.469869978320313,0.316622441569415,0.213507580110273,0.213507580110273,0.25636239821004,0.99999980645262
2.21151239972549e-07,0.480919737159966,0.305106601259113,0.213973661580921,0.213973661580921,0.266946075579045,0.999999799435737
2.27359668232772e-07,0.491448064095822,0.294328913660894,0.214223022243284,0.214223022243284,0.277225041852538,0.999999792336388
2.33742387089181e-07,0.501520529767336,0.284195742083402,0.214283728149262,0.214283728149262,0.287236801618074,0.999999785136335
2.40304289440697e-07,0.511189321352147,0.274632283869765,0.214178394778087,0.214178394778087,0.29701092657406,0.999999777820155
2.47050405545683e-07,0.520496815390157,0.265577577162701,0.213925607447142,0.213925607447142,0.306571207943016,0.999999770374418
2.53985906878073e-07,0.529478008022861,0.256981098986905,0.213540892990234,0.213540892990234,0.315937115032626,0.999999762787141
2.61116110091746e-07,0.53816222021686,0.248800374312329,0.213037405470811,0.213037405470811,0.325124814746049,0.999999755047402
2.68446481096197e-07,0.546574326269623,0.240999250677713,0.212426423052663,0.212426423052663,0.33414790321696,0.999999747145062
2.75982639246618e-07,0.554735659202146,0.233546624477795,0.211717716320059,0.211717716320059,0.343017942882087,0.999999739070565
2.83730361651621e-07,0.562664691336079,0.226415481899198,0.210919826764723,0.210919826764723,0.351744864571356,0.999999730814783
2.91695587601879e-07,0.570377554831954,0.219582164125254,0.210040281042792,0.210040281042792,0.360337273789162,0.999999722368902
2.99884423123102e-07,0.577888445984916,0.213025795642259,0.209085758372825,0.209085758372825,0.368802687612091,0.999999713724329
3.08303145656828e-07,0.585209943567704,0.206727833301532,0.208062223130764,0.208062223130764,0.37714772043694,0.99999970487262
3.16958208872612e-07,0.592353262595663,0.200671706225107,0.20697503117923,0.20697503117923,0.385378231416433,0.999999695805423
3.25856247615323e-07,0.599328458872103,0.194842525040911,0.205829016086986,0.205829016086986,0.393499442785118,0.999999686514432
3.35004082991314e-07,0.606144595530111,0.189226844719968,0.204628559749921,0.204628559749921,0.40151603578019,0.999999676991341
3.44408727597382e-07,0.612809879883416,0.183812469347759,0.203377650768825,0.203377650768825,0.409432229114591,0.999999667227818
3.54077390896527e-07,0.619331776830055,0.178588290056972,0.202079933112973,0.202079933112973,0.417251843717082,0.999999657215474
3.64017484744614e-07,0.625717103556502,0.173544149444186,0.200738746999312,0.200738746999311,0.424978356557191,0.999999646945838
3.74236629072198e-07,0.631972109193073,0.168670727330563,0.199357163476364,0.199357163476364,0.432614945716709,0.999999636410334
3.84742657725851e-07,0.638102542257249,0.163959443868854,0.197938013873896,0.197938013873896,0.440164528383353,0.999999625600263
3.9554362447347e-07,0.644113708110151,0.159402376857608,0.196483915032241,0.196483915032241,0.44762979307791,0.99999961450679
4.06647809178186e-07,0.650010518187352,0.154992190775588,0.19499729103706,0.19499729103706,0.455013227150292,0.99999960312092
4.18063724145576e-07,0.655797532409515,0.15072207554986,0.193480392040625,0.193480392040625,0.46231714036889,0.99999959143349
4.2980012064908e-07,0.661478995903181,0.146585693458377,0.191935310638441,0.191935310638441,0.469543685264741,0.999999579435151
4.41865995638594e-07,0.667058870947319,0.142577132870546,0.190363996182135,0.190363996182135,0.476694874765183,0.999999567116362
4.54270598637404e-07,0.672540864892381,0.138690867767448,0.18876826734017,0.18876826734017,0.483772597552211,0.999999554467368
4.67023438832733e-07,0.67792845466483,0.134921722172405,0.187149823162765,0.187149823162765,0.490778631502066,0.999999541478196
4.80134292365345e-07,0.683224908363263,0.131264838773505,0.185510252863231,0.185510252863231,0.497714655500032,0.999999528138641
4.93613209823792e-07,0.688433304366557,0.127715651141153,0.183851044492289,0.18385104449229,0.504582259874268,0.999999514438257
5.07470523949047e-07,0.693556548305107,0.124269859041915,0.182173592652978,0.182173592652978,0.51138295565213,0.999999500366342
5.21716857555435e-07,0.698597388189913,0.120923406429932,0.180479205380155,0.180479205380155,0.518118182809758,0.999999485911932
5.36363131673925e-07,0.703558427948233,0.117672461762615,0.178769110289152,0.178769110289152,0.524789317659081,0.999999471063786
5.5142057392403e-07,0.70844213957673,0.114513400341209,0.17704446008206,0.17704446008206,0.53139767949467,0.99999945581038
5.66900727120743e-07,0.713250874091851,0.111442788421352,0.175306337486797,0.175306337486797,0.537944536605053,0.999999440139894
5.82815458123084e-07,0.717986871431356,0.108457368875754,0.17355575969289,0.17355575969289,0.544431111738466,0.999999424040201
5.99176966931061e-07,0.72265226943947,0.105554048222014,0.171793682338515,0.171793682338515,0.550858587100955,0.999999407498857
6.15997796038017e-07,0.727249112050199,0.102729884854439,0.170021003095362,0.170021003095362,0.557228108954838,0.999999390503093
6.33290840045511e-07,0.731779356768434,0.0999820783405036,0.168238564891062,0.168238564891062,0.563540791877372,0.999999373039799
6.51069355548147e-07,0.736244881535931,0.0973079596609641,0.166447158803104,0.166447158803104,0.569797722732827,0.999999355095515
6.69346971295867e-07,0.740647491058787,0.0947049822881638,0.16464752665305,0.16464752665305,0.575999964405737,0.999999336656424
6.88137698641567e-07,0.744988922664255,0.092170714010291,0.162840363325454,0.162840363325454,0.5821485593388,0.999999317708334
7.07455942281988e-07,0.749270851747473,0.0897028294205869,0.161026318831941,0.161026318831941,0.588244532915532,0.999999298236671
7.27316511300145e-07,0.753494896862583,0.0872991030000739,0.159206000137343,0.159206000137343,0.59428889672524,0.999999278226465
7.47734630517758e-07,0.757662624507806,0.0849574027305649,0.15737997276163,0.15737997276163,0.600282651746176,0.999999257662339
7.68725952166374e-07,0.761775553650005,0.082675684181693,0.155548762168302,0.155548762168302,0.606226791481703,0.999999236528497
7.90306567886135e-07,0.765835160031189,0.0804519850216615,0.153712854947149,0.153712854947149,0.61212230508404,0.999999214808709
8.12493021061405e-07,0.769842880297063,0.0782844199064789,0.151872699796458,0.151872699796458,0.617970180500605,0.999999192486302
8.35302319502679e-07,0.773800115986197,0.0761711757067368,0.150028708307066,0.150028708307066,0.623771407679131,0.999999169544145
8.58751948484518e-07,0.777708237417602,0.0741105070345828,0.148181255547816,0.148181255547816,0.629526981869786,0.999999145964633
8.82859884149515e-07,0.78156858751445,0.0721007320365109,0.146330680449039,0.146330680449039,0.635237907065411,0.999999121729677
9.07644607288536e-07,0.785382485602462,0.070140228419996,0.144477285977542,0.144477285977542,0.640905199624921,0.999999096820688
9.33125117507824e-07,0.789151231223107,0.0682274296838493,0.142621339093044,0.142621339093044,0.646529892130063,0.999999071218563
9.59320947793823e-07,0.792876108004378,0.0663608215234992,0.140763070472122,0.140763070472122,0.652113037532256,0.99999904490367
9.86252179486878e-07,0.79655838763566,0.0645389383831978,0.138902673981142,0.138902673981142,0.657655713654519,0.999999017855832
1.01393945767529e-06,0.80019933399822,0.0627603601273952,0.137040305874385,0.137040305874385,0.663159028123834,0.999998990054311
1.04240400702156e-06,0.803800207509553,0.0610237088031621,0.135176083687285,0.135176083687285,0.668624123822268,0.999998961477794
1.07166764803286e-06,0.807362269748407,0.059327645464511,0.133310084787082,0.133310084787082,0.674052184961325,0.999998932104375
1.10175281378839e-06,0.81088678843836,0.0576708670276473,0.131442344533992,0.131442344533992,0.679444443904368,0.999998901911538
1.13268256713615e-06,0.814375042881965,0.0560521031234347,0.1295728539946,0.1295728539946,0.684802188887365,0.999998870876138
1.16448061837269e-06,0.81782832995553,0.0544701129094547,0.127701557135015,0.127701557135015,0.690126772820515,0.999998838974388
1.19717134341897e-06,0.821247970797747,0.0529236817987027,0.125828347403551,0.125828347403551,0.695419623394196,0.999998806181833
1.23077980250667e-06,0.824635318355107,0.051411618054775,0.123953063590118,0.123953063590118,0.700682254764989,0.999998772473339
1.26533175938894e-06,0.827991765985562,0.0499327491938183,0.12207548482062,0.12207548482062,0.705916281164942,0.999998737823066
1.30085370109057e-06,0.831318757371962,0.0484859181207588,0.120195324507279,0.120195324507279,0.711123432864683,0.999998702204455
1.3373728582125e-06,0.834617798062619,0.0470699789103344,0.118312223027047,0.118312223027047,0.716305575035572,0.999998665590202
1.37491722580642e-06,0.837890469043445,0.0456837921206915,0.116425738835864,0.116425738835864,0.721464730207581,0.999998627952239
1.4135155848354e-06,0.841138442862731,0.044326219496614,0.114535337640655,0.114535337640655,0.726603105222075,0.99999858926171
1.4531975242369e-06,0.844363502987338,0.042996117877686,0.112640379134976,0.112640379134976,0.731723123852361,0.999998549488953
1.49399346360526e-06,0.847567567285117,0.0416923320692267,0.110740100645657,0.110740100645657,0.73682746663946,0.999998508603471
1.5359346765109e-06,0.850752716828241,0.0404136863538071,0.108833596817952,0.108833596817952,0.741919120010289,0.999998466573913
1.57905331447418e-06,0.853921231634572,0.039158974208101,0.106919794157327,0.106919794157327,0.747001437477246,0.999998423368046
1.62338243161228e-06,0.857075635569058,0.0379269456275788,0.104997418803363,0.104997418803363,0.752078216765695,0.999998378952728
1.66895600997803e-06,0.860218753508943,0.0367162912245517,0.103064955266505,0.103064955266505,0.757153798242438,0.999998333293886
1.71580898561001e-06,0.863353785187934,0.0355256219119984,0.101120592900068,0.101120592900068,0.762233192287866,0.999998286356485
1.76397727531405e-06,0.866484402128596,0.0343534424477896,0.0991621554236145,0.0991621554236145,0.767322246704981,0.999998238104498
1.8134978041965e-06,0.869614877181363,0.0331981162740892,0.0971870065445483,0.0971870065445483,0.772427870636814,0.999998188500879
1.86440853397049e-06,0.872750261174997,0.0320578177376721,0.095191921087331,0.0951919210873311,0.777558340087666,0.999998137507526
1.91674849205681e-06,0.87589662944279,0.0309304655390014,0.0931729050182084,0.0931729050182083,0.782723724424582,0.999998085085249
1.9705578015018e-06,0.879061435186986,0.0298136274050693,0.0911249374079446,0.0911249374079446,0.787936497779042,0.999998031193734
2.02587771173502e-06,0.882254032130339,0.0287043790544953,0.0890415888151656,0.0890415888151656,0.793212443315174,0.999997975791493
2.08275063019052e-06,0.885486477053087,0.027599087417659,0.0869144355292536,0.0869144355292536,0.798572041523834,0.999997918835821
2.14122015481573e-06,0.888774819544577,0.0264930617047476,0.0847321187506756,0.0847321187506757,0.804042700793901,0.99999786028273
2.20133110749303e-06,0.892141295865039,0.025379958694562,0.0824787454403988,0.0824787454403988,0.80966255042464,0.999997800086863
2.26312956839953e-06,0.895618343236687,0.0242506920345745,0.0801309647287389,0.0801309647287389,0.815487378507948,0.999997738201369
2.32666291133146e-06,0.899256699541914,0.0230912259006288,0.0776520745574572,0.0776520745574573,0.821604624984457,0.999997674577676
2.39197984002024e-06,0.903144184507669,0.0218774448852123,0.0749783706071188,0.0749783706071188,0.82816581390055,0.999997609165015
2.45913042546804e-06,0.907459858092839,0.0205603161669913,0.07197982574017,0.0719798257401699,0.835480032352669,0.999997541909114
2.5281661443315e-06,0.91271115647881,0.0190007000005869,0.0682881435206029,0.0682881435206029,0.844423012958207,0.999997472746591
