1.77213577908036e-07,0.224880348036192,0.619158811681418,0.15596084028239,0.15596084028239,0.0689195077538021,0.9999998907226
1.82188534346517e-07,0.203133292524758,0.652035515436551,0.144831192038691,0.144831192038691,0.0583021004860676,0.999999895268978
1.87303153850643e-07,0.187643296393368,0.675969024965409,0.136387678641223,0.136387678641223,0.0512556177521446,0.999999898282048
1.9256135721292e-07,0.175234154347591,0.695452085245444,0.129313760406964,0.129313760406964,0.0459203939406272,0.999999900571637
1.97967175295133e-07,0.164756345408443,0.712117404920291,0.123126249671266,0.123126249671267,0.0416300957371762,0.999999902424196
2.03524752118358e-07,0.155636783371073,0.726782292502082,0.117580924126845,0.117580924126845,0.0380558592442276,0.999999903979566
2.09238348039698e-07,0.147540176465315,0.739926917007089,0.112532906527596,0.112532906527596,0.0350072699377185,0.999999905317941
2.15112343018217e-07,0.140250034311389,0.751862631631376,0.107887334057235,0.107887334057235,0.0323627002541546,0.999999906490109
2.21151239972549e-07,0.133616824286165,0.762805425268902,0.103577750444933,0.103577750444933,0.0300390738412316,0.9999999075305
2.27359668232772e-07,0.127532051993332,0.77291270237574,0.0995552456309279,0.099555245630928,0.0279768063624038,0.999999908463644
2.33742387089181e-07,0.12191398405359,0.782303574053313,0.0957824418930966,0.0957824418930966,0.0261315421604937,0.999999909307692
2.40304289440697e-07,0.116699193294516,0.791070893121053,0.0922299135844308,0.0922299135844309,0.0244692797100848,0.999999910076491
2.47050405545683e-07,0.111837261653112,0.799288806284077,0.0888739320628113,0.0888739320628113,0.0229633295903009,0.999999910780858
2.53985906878073e-07,0.107287307983249,0.807017712438905,0.0856949795778463,0.0856949795778463,0.0215923284054025,0.999999911429422
2.61116110091746e-07,0.103015626004078,0.81430764116338,0.0826767328325417,0.0826767328325418,0.0203388931715367,0.999999912029182
2.68446481096197e-07,0.0989940267739668,0.821200627401418,0.0798053458246151,0.0798053458246152,0.0191886809493516,0.999999912585899
2.75982639246618e-07,0.0951986444631932,0.82773242523914,0.0770689302976666,0.0770689302976666,0.0181297141655265,0.999999913104373
2.83730361651621e-07,0.0916090561761263,0.833933773132394,0.0744571706914799,0.0744571706914799,0.0171518854846463,0.999999913588652
2.91695587601879e-07,0.0882076203020305,0.839831346630787,0.0719610330671825,0.0719610330671824,0.016246587234848,0.999999914042179
2.99884423123102e-07,0.0849789704417325,0.845448488346434,0.0695725412118334,0.0695725412118335,0.0154064292298991,0.999999914467908
3.08303145656828e-07,0.0819096223433883,0.850805775912278,0.0672846017443338,0.0672846017443338,0.0146250205990545,0.999999914868397
3.16958208872612e-07,0.0789876644059602,0.855921469985946,0.0650908656080934,0.0650908656080934,0.0138967987978668,0.99999991524587
3.25856247615323e-07,0.0762025109729942,0.860811872008489,0.0629856170185165,0.0629856170185165,0.0132168939544777,0.99999991560228
3.35004082991314e-07,0.0735447034868557,0.865491613087369,0.0609636834257757,0.0609636834257756,0.0125810200610801,0.999999915939346
3.44408727597382e-07,0.0710057485997196,0.869973889626117,0.0590203617741634,0.0590203617741634,0.0119853868255562,0.999999916258591
3.54077390896527e-07,0.068577985160013,0.874270657290981,0.0571513575490064,0.0571513575490065,0.0114266276110066,0.999999916561373
3.64017484744614e-07,0.0662544740041026,0.878392792029408,0.0553527339664891,0.0553527339664891,0.0109017400376136,0.999999916848905
3.74236629072198e-07,0.0640289059375028,0.882350224773879,0.0536208692886177,0.0536208692886177,0.010408036648885,0.999999917122274
3.84742657725851e-07,0.0618955243562195,0.886152054937341,0.0519524207064395,0.0519524207064395,0.00994310364978001,0.999999917382464
3.9554362447347e-07,0.0598490597504649,0.889806646671801,0.050344293577734,0.0503442935777339,0.00950476617273088,0.999999917630361
4.06647809178186e-07,0.0578846739274604,0.893321711008753,0.0487936150637868,0.0487936150637868,0.00909105886367357,0.999999917866772
4.18063724145576e-07,0.0559979122412926,0.896704376352167,0.04729771140654,0.04729771140654,0.00870020083475266,0.999999918092428
4.2980012064908e-07,0.0541846624636894,0.8999612492977,0.0458540882386107,0.0458540882386107,0.00833057422507872,0.999999918307999
4.41865995638594e-07,0.0524411191972183,0.903098467366792,0.04446041343599,0.04446041343599,0.00798070576122827,0.999999918514096
4.54270598637404e-07,0.0507637529412461,0.906121744943719,0.0431145021150352,0.0431145021150352,0.00764925082621087,0.999999918711282
4.67023438832733e-07,0.0491492830852897,0.909036413466908,0.041814303447802,0.041814303447802,0.00733497963748772,0.999999918900073
4.80134292365345e-07,0.0475946542345959,0.911847456738077,0.0405578890273273,0.0405578890273274,0.00703676520726851,0.999999919080944
4.93613209823792e-07,0.0460970153767303,0.914559542062704,0.0393434425605654,0.0393434425605654,0.00675357281616497,0.999999919254335
5.07470523949047e-07,0.0446537014814716,0.917177047814716,0.0381692507038122,0.0381692507038123,0.00648445077765941,0.999999919420652
5.21716857555435e-07,0.0432622171938374,0.919704087920587,0.0370336948855759,0.0370336948855758,0.00622852230826154,0.999999919580273
5.36363131673925e-07,0.0419202223350065,0.922144533678577,0.0359352439864166,0.0359352439864166,0.0059849783485899,0.999999919733548
5.5142057392403e-07,0.0406255189708248,0.92450203326374,0.034872447765435,0.034872447765435,0.00575307120538984,0.999999919880802
5.66900727120743e-07,0.039376039844538,0.926780029215751,0.0338439309397115,0.0338439309397114,0.00553210890482659,0.999999920022339
5.82815458123084e-07,0.0381698380009243,0.928981774162301,0.0328483878367748,0.0328483878367749,0.00532145016414952,0.999999920158442
5.99176966931061e-07,0.0370050774543624,0.931110344993981,0.0318845775516565,0.0318845775516564,0.00512049990270594,0.999999920289376
6.15997796038017e-07,0.0358800247745207,0.933168655675794,0.0309513195496852,0.0309513195496851,0.00492870522483559,0.999999920415389
6.33290840045511e-07,0.0347930414810794,0.935159468854673,0.0300474896642477,0.0300474896642477,0.00474555181683167,0.999999920536712
6.51069355548147e-07,0.0337425771538024,0.937085406400652,0.0291720164455459,0.0291720164455459,0.00457056070825645,0.999999920653565
6.69346971295867e-07,0.0327271631768766,0.938948959000973,0.0283238778221506,0.0283238778221506,0.00440328535472601,0.999999920766151
6.88137698641567e-07,0.0317454070471042,0.940752494910842,0.0275020980420538,0.0275020980420537,0.00424330900505045,0.999999920874663
7.07455942281988e-07,0.0307959871846245,0.942498267951266,0.0267057448641093,0.0267057448641094,0.00409024232051515,0.999999920979283
7.27316511300145e-07,0.0298776481925924,0.944188424833075,0.0259339269743322,0.0259339269743322,0.00394372121826019,0.999999921080181
7.47734630517758e-07,0.028989196518889,0.945825011876501,0.0251857916046097,0.0251857916046097,0.00380340491427922,0.999999921177519
7.68725952166374e-07,0.0281294964786449,0.947409981187324,0.024460522334031,0.024460522334031,0.00366897414461386,0.999999921271449
7.90306567886135e-07,0.0272974666012807,0.948945196343384,0.023757337055335,0.0237573370553349,0.00354012954594573,0.999999921362114
8.12493021061405e-07,0.0264920762700212,0.95043243763901,0.0230754860909692,0.0230754860909693,0.00341659017905198,0.999999921449652
8.35302319502679e-07,0.0257123426255296,0.951873406929489,0.0224142504449817,0.0224142504449817,0.00329809218054785,0.999999921534192
8.58751948484518e-07,0.0249573277085124,0.953269732113011,0.0217729401784762,0.0217729401784761,0.00318438753003624,0.999999921615855
8.82859884149515e-07,0.0242261358189399,0.954622971283379,0.0211508928976811,0.0211508928976811,0.00307524292125882,0.999999921694758
9.07644607288536e-07,0.0235179110719679,0.955934616583193,0.0205474723448395,0.0205474723448395,0.00297043872712836,0.999999921771011
9.33125117507824e-07,0.0228318351327853,0.957206097784073,0.0199620670831419,0.0199620670831418,0.00286976804964348,0.999999921844719
9.59320947793823e-07,0.0221671251144874,0.958438785617695,0.0193940892678178,0.0193940892678178,0.00277303584666955,0.999999921915981
9.86252179486878e-07,0.0215230316247267,0.959633994878978,0.0188429734962956,0.0188429734962955,0.0026800581284311,0.999999921984893
1.01393945767529e-06,0.0208988369483504,0.960792987320618,0.018308175731032,0.018308175731032,0.0025906612173184,0.999999922051543
1.04240400702156e-06,0.020293853354518,0.961916974356243,0.0177891722892394,0.0177891722892394,0.00250468106527866,0.999999922116019
1.07166764803286e-06,0.0197074215179331,0.963007119587785,0.0172854588942818,0.0172854588942819,0.00242196262365121,0.999999922178402
1.10175281378839e-06,0.0191389090448343,0.964064541171159,0.016796549784007,0.016796549784007,0.00234235926082731,0.999999922238771
1.13268256713615e-06,0.018587709095289,0.965090314032999,0.0163219768717121,0.0163219768717121,0.00226573222357687,0.999999922297199
1.16448061837269e-06,0.0180532390941305,0.966085471950034,0.0158612889558359,0.0158612889558359,0.00219195013829464,0.999999922353759
1.19717134341897e-06,0.0175349395235988,0.967051009501585,0.0154140509748161,0.0154140509748162,0.00212088854878263,0.999999922408518
1.23077980250667e-06,0.0170322727913758,0.967987883904759,0.0149798433038653,0.0149798433038652,0.00205242948751054,0.999999922461541
1.26533175938894e-06,0.0165447221682845,0.968897016741017,0.0145582610906986,0.0145582610906986,0.00198646107758591,0.999999922512891
1.30085370109057e-06,0.0160717907904257,0.969779295582073,0.0141489136275015,0.0141489136275014,0.00192287716292428,0.999999922562627
1.3373728582125e-06,0.0156130007209928,0.970635575522357,0.0137514237566507,0.0137514237566507,0.00186157696434209,0.999999922610807
1.37491722580642e-06,0.0151678920674135,0.971466680624675,0.0133654273079111,0.0133654273079111,0.00180246475950238,0.999999922657485
1.4135155848354e-06,0.0147360221498429,0.972273405285144,0.0129905725650128,0.0129905725650128,0.00174544958483011,0.999999922702713
1.4531975242369e-06,0.014316964717367,0.973056515522948,0.012626519759685,0.0126265197596851,0.00169044495768198,0.999999922746541
1.49399346360526e-06,0.0139103092085794,0.973816750200047,0.0122729405913733,0.0122729405913733,0.00163736861720609,0.999999922789018
1.5359346765109e-06,0.0135156600534696,0.974554822175524,0.0119295177710062,0.0119295177710062,0.00158614228246342,0.99999992283019
1.57905331447418e-06,0.0131326360138089,0.975271419398888,0.011595944587303,0.011595944587303,0.00153669142650587,0.999999922870101
1.62338243161228e-06,0.0127608695594466,0.975967205946323,0.0112719244942301,0.0112719244942301,0.00148894506521647,0.999999922908794
1.66895600997803e-06,0.0124000062781325,0.976642823003553,0.0109571707183143,0.0109571707183143,0.00144283555981821,0.99999992294631
1.71580898561001e-06,0.0120497043166714,0.977298889798706,0.0106514058846225,0.0106514058846225,0.00139829843204881,0.999999922982688
1.76397727531405e-06,0.0117096338513798,0.977936004488322,0.0103543616602985,0.0103543616602984,0.00135527219108137,0.999999923017966
1.8134978041965e-06,0.0113794765859765,0.978554744999393,0.0100657784146305,0.0100657784146306,0.00131369817134591,0.99999992305218
1.86440853397049e-06,0.0110589252751717,0.979155669830131,0.00978540489469676,0.0097854048946968,0.00127352038047498,0.999999923085365
1.91674849205681e-06,0.0107476832723575,0.979739318811943,0.00951299791569903,0.00951299791569905,0.00123468535665849,0.999999923117556
1.9705578015018e-06,0.0104454640999111,0.980306213834927,0.00924832206516144,0.00924832206516147,0.00119714203474964,0.999999923148784
2.02587771173502e-06,0.0101519910407381,0.980856859539039,0.00899114942022293,0.00899114942022291,0.00116084162051515,0.99999992317908
2.08275063019052e-06,0.00986699674977704,0.981391743972916,0.00874125927730686,0.00874125927730689,0.00112573747247018,0.999999923208474
2.14122015481573e-06,0.00959022288427956,0.981911339222222,0.00849843789349814,0.00849843789349815,0.00109178499078142,0.999999923236996
2.20133110749303e-06,0.00932141975176272,0.982416102009235,0.00826247823900184,0.00826247823900182,0.00105894151276088,0.999999923264674
2.26312956839953e-06,0.00906034597460805,0.982906474265293,0.00803317976009881,0.00803317976009885,0.00102716621450925,0.999999923291534
2.32666291133146e-06,0.00880676817035091,0.983382883677599,0.00781034815205055,0.00781034815205057,0.000996420018300362,0.999999923317602
2.39197984002024e-06,0.00856046064676986,0.983845744211789,0.00759379514144098,0.00759379514144098,0.000966665505328877,0.999999923342903
2.45913042546804e-06,0.00832120511094502,0.984295456611581,0.00738333827747434,0.00738333827747429,0.000937866833470676,0.999999923367461
2.5281661443315e-06,0.00808879039150991,0.984732408876712,0.00717880073177856,0.00717880073177855,0.000909989659731349,0.9999999233913
2.59913991838293e-06,0.0078630121733723,0.985156976720337,0.00698001110629095,0.00698001110629095,0.000883001067081344,0.999999923414442
2.67210615507944e-06,0.00764367274422645,0.985569524006945,0.00678680324882846,0.00678680324882846,0.000856869495397986,0.999999923436908
2.74712078927081e-06,0.00743058075222346,0.985970403171808,0.00659901607596895,0.00659901607596892,0.000831564676254512,0.99999992345872
2.82424132607844e-06,0.00722355097420586,0.986359955622903,0.00641649340289142,0.00641649340289146,0.000807057571314438,0.999999923479898
2.90352688497781e-06,0.00702240409395095,0.986738512126205,0.00623908377984436,0.00623908377984438,0.000783320314106581,0.999999923500462
2.98503824511873e-06,0.00682696648990157,0.987106393175168,0.00606664033493003,0.00606664033493008,0.000760326154971539,0.999999923520429
3.06883789191764e-06,0.00663707003189523,0.987463909345194,0.00589902062291037,0.00589902062291031,0.00073804940898486,0.999999923539819
3.15499006495809e-06,0.0064525518864326,0.98781136163381,0.00573608647975717,0.00573608647975717,0.000716465406675431,0.999999923558649
3.24356080723581e-06,0.00627325433005421,0.988149041787261,0.00557770388268435,0.0055777038826843,0.000695550447369862,0.999999923576935
3.33461801578637e-06,0.00609902457041969,0.988477232614166,0.00542374281541463,0.00542374281541466,0.000675281755005059,0.999999923594696
3.42823149373397e-06,0.00592971457470851,0.988796208286845,0.00527407713844681,0.00527407713844682,0.000655637436261699,0.999999923611945
3.52447300380159e-06,0.00576518090498309,0.989106234630915,0.00512858446410204,0.00512858446410207,0.000636596440881047,0.9999999236287
3.62341632332315e-06,0.00560528456017637,0.989407569403684,0.00498714603613972,0.00498714603613972,0.000618138524036653,0.999999923644974
3.72513730080021e-06,0.0054498908243853,0.98970046256187,0.0048496466137445,0.00484964661374454,0.000600244210640798,0.999999923660782
3.82971391404628e-06,0.00529886912116983,0.989985156519134,0.00471597435969644,0.0047159743596964,0.000582894761473397,0.999999923676138
3.93722632996347e-06,0.00515209287357415,0.99026188639388,0.00458602073254589,0.00458602073254594,0.000566072141028265,0.999999923691056
4.04775696599732e-06,0.00500943936960258,0.990530880247773,0.0044596803826242,0.00445968038262417,0.000549758986978384,0.999999923705548
4.16139055331671e-06,0.00487078963289768,0.990792359315373,0.00433685105172961,0.00433685105172964,0.000533938581168069,0.999999923719627
4.27821420176762e-06,0.00473602829838146,0.991046538225283,0.00421743347633575,0.00421743347633577,0.00051859482204571,0.999999923733306
4.39831746665023e-06,0.00460504349263446,0.991293625213187,0.00410133129417823,0.00410133129417822,0.000503712198456231,0.999999923746596
4.5217924173707e-06,0.00447772671879864,0.99153382232712,0.00398845095408127,0.0039884509540813,0.000489275764717371,0.999999923759509
4.64873370802026e-06,0.00435397274580226,0.991767325625304,0.00387870162889359,0.00387870162889362,0.000475271116908668,0.999999923772055
4.7792386499356e-06,0.00423367950171525,0.991994325366876,0.00377199513140892,0.00377199513140893,0.00046168437030633,0.999999923784246
4.91340728629636e-06,0.00411674797105364,0.992215006195794,0.00366824583315233,0.0036682458331523,0.000448502137901307,0.999999923796092
5.05134246881677e-06,0.00400308209586113,0.992429547318219,0.00356737058591949,0.00356737058591945,0.000435711509941649,0.999999923807603
5.19314993659021e-06,0.00389258868040487,0.992638122673634,0.00346928864596104,0.00346928864596108,0.000423300034443826,0.999999923818789
5.33893839714736e-06,0.00378517729933041,0.99284090109996,0.00337392160070946,0.00337392160070944,0.000411255698620959,0.999999923829659
5.48881960978968e-06,0.0036807602091294,0.99303804649292,0.00328119329795033,0.00328119329795033,0.000399566911179067,0.999999923840223
5.64290847126254e-06,0.00357925226277999,0.993229717959875,0.00319102977734472,0.00319102977734476,0.000388222485435267,0.999999923850489
5.80132310383338e-06,0.00348057082742785,0.993416069968359,0.0031033592042132,0.00310335920421319,0.000377211623214653,0.999999923860466
5.96418494584246e-06,0.00338463570498152,0.993597252489522,0.00301811180549648,0.00301811180549646,0.000366523899485038,0.999999923870162
6.13161884479577e-06,0.00329136905550227,0.993773411136687,0.0029352198078111,0.00293521980781113,0.000356149247691169,0.999999923879586
6.30375315307127e-06,0.00320069532327457,0.993944687299203,0.00285461737752233,0.00285461737752228,0.000346077945752235,0.999999923888745
6.48071982631197e-06,0.00311254116544847,0.994111218271792,0.00277624056275993,0.00277624056275992,0.000336300602688547,0.999999923897648
6.66265452458115e-06,0.0030268353831507,0.994273137379544,0.00270002723730544,0.00270002723730549,0.000326808145845262,0.9999999239063
6.84969671635745e-06,0.00294350885496574,0.994430574098751,0.00262591704628294,0.0026259170462829,0.000317591808682799,0.999999923914711
7.0419897854493e-06,0.00286249447269345,0.994583654173718,0.00255385135358808,0.00255385135358814,0.000308643119105364,0.999999923922886
7.23968114091088e-06,0.00278372707929327,0.994732499729714,0.00248377319099271,0.00248377319099272,0.000299953888300563,0.999999923930831
7.44292233004376e-06,0.00270714340893012,0.994877229382204,0.0024156272088655,0.00241562720886552,0.000291516200064627,0.999999923938555
7.65186915457082e-06,0.00263268202904019,0.995017958342509,0.00234935962845102,0.00234935962845098,0.000283322400589161,0.999999923946063
7.86668179007157e-06,0.00256028328433909,0.995154798520009,0.0022849181956524,0.00228491819565236,0.00027536508868669,0.999999923953362
8.08752490877046e-06,0.00248988924269814,0.995287858621037,0.00222225213626465,0.00222225213626466,0.00026763710643349,0.999999923960456
8.31456780577206e-06,0.00242144364281771,0.995417244244574,0.0021613121126083,0.00216131211260828,0.000260131530209413,0.999999923967353
8.54798452884042e-06,0.00235489184362999,0.995543057974856,0.00210205018151453,0.00210205018151447,0.000252841662115464,0.999999923974057
8.78795401182133e-06,0.00229018077536644,0.995665399471018,0.00204441975361546,0.0020444197536155,0.000245761021750982,0.999999923980575
9.03466021181053e-06,0.0022272588922278,0.995784365553878,0.00198837555389459,0.00198837555389458,0.000238883338333219,0.999999923986911
9.2882922501725e-06,0.00216607612659757,0.995900050289948,0.00193387358345454,0.00193387358345455,0.000232202543143035,0.99999992399307
9.54904455751808e-06,0.0021065838447421,0.996012545072797,0.00188087108246078,0.00188087108246078,0.000225712762281316,0.999999923999058
9.81711702275218e-06,0.00204873480394309,0.996121938701835,0.00182932649422158,0.00182932649422161,0.000219408309721509,0.99999992400488
1.00927151463057e-05,0.00199248311101053,0.996228317458623,0.00177919943036608,0.00177919943036608,0.000213283680644447,0.99999992401054
1.03760501976691e-05,0.0019377841821261,0.99633176518079,0.00173045063708372,0.00173045063708376,0.000207333545042373,0.999999924016042
1.06673393773486e-05,0.00188459470396951,0.996432363333641,0.00168304196238977,0.00168304196238978,0.000201552741579733,0.999999924021392
1.09668059833687e-05,0.00183287259608194,0.996530191079535,0.00163693632438298,0.00163693632438295,0.000195936271698965,0.999999924026593
1.12746795824495e-05,0.00178257697442271,0.996625325345115,0.00159209768046259,0.00159209768046257,0.000190479293960119,0.99999992403165
1.15911961859889e-05,0.00173366811607708,0.99671784088645,0.00154849099747337,0.00154849099747337,0.000185177118603705,0.999999924036567
1.19165984309856e-05,0.00168610742507494,0.996807810352177,0.00150608222274823,0.00150608222274826,0.000180025202326711,0.999999924041347
1.22511357660412e-05,0.00163985739928149,0.996895304344699,0.00146483825601924,0.00146483825601921,0.00017501914326225,0.999999924045994
1.25950646425836e-05,0.00159488159832286,0.996980391479508,0.00142472692216909,0.00142472692216913,0.000170154676153765,0.999999924050513
1.2948648711459e-05,0.00155114461251087,0.997063138442693,0.00138571694479569,0.00138571694479567,0.000165427667715186,0.999999924054907
1.33121590250431e-05,0.0015086120327327,0.997143610046703,0.00134777792056385,0.00134777792056381,0.00016083411216885,0.999999924059179
1.36858742450252e-05,0.00146725042127241,0.997221869284409,0.001310880294319,0.001310880294319,0.000156370126953411,0.999999924063332
1.40700808560269e-05,0.00142702728353282,0.997297977381529,0.00127499533493846,0.00127499533493848,0.000152031948594358,0.999999924067371
1.44650733852165e-05,0.0013879110406271,0.997371993847476,0.001240095111897,0.00124009511189702,0.000147815928730097,0.999999924071298
1.48711546280895e-05,0.00134987100281096,0.997443976524665,0.00120615247252404,0.00120615247252405,0.000143718530286922,0.999999924075116
1.52886358805873e-05,0.00131287734372718,0.997513981636342,0.00117314101993068,0.00117314101993062,0.000139736323796506,0.999999924078829
1.57178371777316e-05,0.00127690107543546,0.997582063832979,0.00114103509158559,0.00114103509158556,0.00013586598384987,0.999999924082439
1.61590875389592e-05,0.00124191402420148,0.997648276237279,0.00110980973851942,0.00110980973851938,0.000132104285682056,0.999999924085949
1.66127252203429e-05,0.00120788880702011,0.997712670487842,0.0010794407051381,0.00107944070513804,0.000128448101882016,0.999999924089362
1.70790979738943e-05,0.00117479880884864,0.997775296781525,0.00104990440962613,0.00104990440962615,0.000124894399222507,0.999999924092681
1.75585633141447e-05,0.00114261816052668,0.997836203914552,0.00102117792492169,0.00102117792492169,0.00012144023560499,0.999999924095908
1.80514887922111e-05,0.00111132171736045,0.997895439322394,0.000993238960245645,0.000993238960245666,0.000118082757114804,0.999999924099046
1.85582522775552e-05,0.00108088503834981,0.997953049118482,0.000966065843167724,0.000966065843167709,0.000114819195182084,0.999999924102097
1.90792422476527e-05,0.00105128436603722,0.99800907813177,0.000939637502193107,0.000939637502193135,0.000111646863844113,0.999999924105064
1.96148580857943e-05,0.00102249660695866,0.998063569943188,0.000913933449853665,0.000913933449853665,0.000108563157104992,0.99999992410795
2.01655103872475e-05,0.000994499312677082,0.998116566921035,0.00088893376628837,0.000888933766288353,0.000105565546388712,0.999999924110755
2.07316212740123e-05,0.000967270661379909,0.998168110255322,0.000864619083298044,0.000864619083298052,0.000102651578081865,0.999999924113483
2.13136247184144e-05,0.000940789440022435,0.998218239991118,0.000840970568859989,0.000840970568859981,9.98188711624457e-05,0.999999924116135
2.19119668757815e-05,0.000915035026999958,0.998266995060911,0.000817969912088653,0.000817969912088609,9.70651149113055e-05,0.999999924118715
2.25271064264598e-05,0.00088998737533183,0.998314413316039,0.000795599308628809,0.000795599308628853,9.43880667030201e-05,0.999999924121223
2.31595149274315e-05,0.000865626996341319,0.99836053155719,0.000773841446468272,0.00077384144646828,9.17855498730474e-05,0.999999924123662
2.38096771738036e-05,0.000841934943815705,0.998405385564027,0.000752679492157502,0.000752679492157492,8.92554516582025e-05,0.999999924126033
2.44780915704444e-05,0.000818892798631575,0.998449010123944,0.000732097077423964,0.000732097077423934,8.67957212076108e-05,0.999999924128339
2.51652705140539e-05,0.000796482653830813,0.99849143906,0.000712078286169394,0.000712078286169368,8.4404367661419e-05,0.999999924130582
2.58717407859592e-05,0.000774687100133257,0.998532705258028,0.00069260764183859,0.000692607641838568,8.20794582946672e-05,0.999999924132762
2.65980439559376e-05,0.00075348921187248,0.998572840692979,0.000673670095148646,0.000673670095148606,7.98191167238344e-05,0.999999924134882
2.73447367973758e-05,0.000732872533341637,0.99861187645449,0.000655251012167954,0.000655251012167908,7.76215211736838e-05,0.999999924136944
2.81123917140846e-05,0.000712821065536726,0.998649842771729,0.000637336162734596,0.000637336162734639,7.54849028021301e-05,0.999999924138949
2.89015971790951e-05,0.000693319253285056,0.998686769037511,0.000619911709204105,0.000619911709204086,7.34075440809514e-05,0.999999924140898
2.97129581857733e-05,0.000674351972747138,0.998722683831736,0.000602964195516875,0.000602964195516849,7.13877772302627e-05,0.999999924142794
3.05470967115997e-05,0.000655904519280553,0.998757614944144,0.000586480536575801,0.000586480536575834,6.94239827047523e-05,0.999999924144637
3.14046521949675e-05,0.000637962595654822,0.99879158939642,0.000570448007925052,0.000570448007925079,6.75145877297702e-05,0.999999924146429
3.22862820253673e-05,0.000620512300606567,0.998824633463672,0.000554854235721131,0.000554854235721093,6.56580648854366e-05,0.999999924148172
3.31926620473319e-05,0.00060354011772469,0.998856772695288,0.000539687186987676,0.000539687186987701,6.3852930737014e-05,0.999999924149867
3.41244870785289e-05,0.000587032904655558,0.998888031935199,0.000524935160145699,0.000524935160145736,6.20977445098591e-05,0.999999924151514
3.50824714423979e-05,0.00057097788261859,0.99891843534157,0.000510586775811246,0.0005105867758112,6.03911068073442e-05,0.999999924153116
3.60673495157403e-05,0.000555362626222872,0.998948006405924,0.000496630967852676,0.000496630967852724,5.87316583701959e-05,0.999999924154674
3.70798762916817e-05,0.000540175053575799,0.998976767971724,0.000483056974700027,0.000483056974700012,5.71180788757721e-05,0.999999924156189
3.81208279584389e-05,0.000525403416674983,0.999004742252426,0.000469854330899135,0.000469854330899158,5.55490857758478e-05,0.999999924157661
3.9191002494334e-05,0.000511036292074982,0.999031950849022,0.000457012858903434,0.000457012858903385,5.40234331715478e-05,0.999999924159093
4.02912202795135e-05,0.000497062571820658,0.999058414767083,0.000444522661096547,0.00044452266109655,5.25399107241112e-05,0.999999924160485
4.1422324724839e-05,0.000483471454639242,0.999084154433322,0.000432374112039012,0.000432374112038988,5.10973426002303e-05,0.999999924161839
4.25851829184341e-05,0.000470252437383418,0.999109189711684,0.000420557850932665,0.00042055785093264,4.96945864507526e-05,0.999999924163155
4.37806862903817e-05,0.000457395306718012,0.999133539918986,0.000409064774296426,0.000409064774296419,4.83305324215858e-05,0.999999924164435
4.50097512960805e-05,0.000444890131043087,0.99915722384011,0.000397886028847398,0.000397886028847392,4.70041021956888e-05,0.999999924165678
4.62733201187869e-05,0.000432727252646467,0.999180259742772,0.000387013004581391,0.000387013004581397,4.57142480650763e-05,0.999999924166888
4.75723613918789e-05,0.000420897280078935,0.999202665391874,0.000376437328047129,0.000376437328047097,4.44599520318058e-05,0.999999924168064
4.89078709413959e-05,0.000409391080745589,0.999224458063446,0.000366150855808632,0.00036615085580868,4.32402249369571e-05,0.999999924169207
5.02808725494247e-05,0.000398199773706994,0.999245654558203,0.000356145668090345,0.000356145668090316,4.20541056166494e-05,0.999999924170318
5.1692418738916e-05,0.000387314722684001,0.999266271214716,0.000346414062599819,0.000346414062599771,4.09006600841817e-05,0.999999924171398
5.31435915805324e-05,0.000376727529260292,0.999286323922217,0.000336948548522879,0.000336948548522873,3.97789807374134e-05,0.999999924172448
5.46355035221488e-05,0.000366430026276872,0.999305828133037,0.000327741840686336,0.000327741840686317,3.86881855905365e-05,0.999999924173469
5.6169298241638e-05,0.000356414271412928,0.999324798874704,0.000318786853883504,0.00031878685388347,3.76274175294246e-05,0.999999924174461
5.77461515235983e-05,0.00034667254094764,0.999343250761695,0.000310076697357869,0.000310076697357858,3.65958435897716e-05,0.999999924175425
5.93672721606913e-05,0.000337197323697694,0.999361198006862,0.000301604669440431,0.000301604669440455,3.55926542572637e-05,0.999999924176362
6.10339028802862e-05,0.000327981315125398,0.999378654432538,0.000293364252336341,0.000293364252336342,3.46170627890568e-05,0.999999924177273
6.27473212971157e-05,0.000319017411612479,0.999395633481331,0.000285349107056622,0.000285349107056651,3.36683045558572e-05,0.999999924178159
6.4508840892677e-05,0.000310298704894771,0.999412148226614,0.000277553068490842,0.000277553068490835,3.27456364039295e-05,0.999999924179019
6.63198120221268e-05,0.000301818476653151,0.99942821138273,0.000269970140616769,0.000269970140616768,3.18483360363818e-05,0.999999924179856
6.81816229494448e-05,0.000293570193256224,0.999443835314901,0.000262594491843125,0.000262594491843112,3.09757014130987e-05,0.999999924180668
7.00957009116562e-05,0.0002855475006504,0.999459032048868,0.000255420450481681,0.000255420450481721,3.01270501687182e-05,0.999999924181458
7.20635132129306e-05,0.000277744219393118,0.999473813280262,0.000248442500345047,0.000248442500345024,2.93017190480707e-05,0.999999924182225
7.40865683493957e-05,0.000270154339825127,0.999488190383708,0.000241655276466612,0.000241655276466587,2.84990633585151e-05,0.999999924182971
7.61664171655289e-05,0.00026277201737782,0.999502174421683,0.000235053560939188,0.000235053560939192,2.77184564386324e-05,0.999999924183695
7.83046540430118e-05,0.000255591568011777,0.999515776153119,0.000228632278869025,0.000228632278869072,2.6959289142752e-05,0.999999924184399
8.05029181229597e-05,0.000248607463782756,0.999529006041775,0.000222386494441948,0.000222386494441941,2.62209693408076e-05,0.999999924185082
8.27628945624635e-05,0.000241814328531501,0.99954187426437,0.000216311407098466,0.000216311407098476,2.55029214330349e-05,0.999999924185746
8.50863158264058e-05,0.000235206933693831,0.999554390718491,0.000210402347814789,0.000210402347814777,2.48045858790417e-05,0.999999924186391
8.74749630155442e-05,0.00022878019422759,0.999566565030286,0.000204654775486793,0.000204654775486785,2.41254187407974e-05,0.999999924187018
8.99306672318761e-05,0.000222529164653131,0.999578406561933,0.000199064273414028,0.000199064273414005,2.34648912391034e-05,0.999999924187626
9.24553109823358e-05,0.000216449035204113,0.999589924418915,0.000193626545880991,0.000193626545880966,2.2822489323122e-05,0.999999924188217
9.50508296218951e-05,0.00021053512808547,0.999601127457082,0.000188337414832913,0.000188337414832901,2.21977132525572e-05,0.99999992418879
9.771921283718e-05,0.000204782893835528,0.999612024289521,0.000183192816643438,0.000183192816643466,2.159007719209e-05,0.999999924189347
0.000100462506171734,0.000199187907789303,0.999622623293239,0.000178188798971611,0.000178188798971665,2.09991088176914e-05,0.999999924189888
0.000103282812594103,0.000193745866640128,0.999632932615654,0.000173321517705686,0.000173321517705648,2.04243489344422e-05,0.999999924190412
0.000106182294109938,0.000188452585096833,0.999642960180912,0.000168587233991327,0.000168587233991357,1.98653511055058e-05,0.999999924190922
0.000109163173419361,0.000183303992633758,0.999652713696024,0.000163982311341848,0.000163982311341867,1.93216812919102e-05,0.999999924191416
0.000112227735620851,0.000178296130331006,0.999662200656841,0.000159503212828199,0.000159503212828245,1.87929175028072e-05,0.999999924191895
0.000115378329962966,0.000173425147802372,0.999671428353851,0.000155146498346484,0.000155146498346485,1.82786494558877e-05,0.999999924192361
0.000118617371645248,0.000168687300208486,0.999680403877831,0.000150908821960843,0.000150908821960877,1.77784782476435e-05,0.999999924192812
0.000121947343669674,0.000164078945352772,0.999689134125328,0.000146786929319597,0.000146786929319556,1.72920160331749e-05,0.999999924193249
0.000125370798744092,0.000159596540857887,0.999697625803999,0.000142777655142633,0.000142777655142656,1.68188857152546e-05,0.999999924193674
0.000128890361239089,0.000155236641420388,0.999705885437802,0.000138877920778021,0.000138877920778023,1.63587206423671e-05,0.999999924194085
0.000132508729199795,0.000150995896141423,0.999713919372033,0.000135084731825971,0.000135084731825999,1.59111643154523e-05,0.999999924194484
0.000136228676414165,0.000146871045931311,0.99972173377824,0.000131395175828221,0.000131395175828215,1.54758701030905e-05,0.99999992419487
0.000140053054539322,0.00014285892098595,0.999729334658993,0.000127806420021075,0.000127806420021109,1.50525009648752e-05,0.999999924195245
0.000143984795287601,0.000138956438333025,0.999736727852517,0.000124315709150298,0.000124315709150315,1.46407291827275e-05,0.999999924195607
0.000148026912673951,0.000135160599446075,0.999743919037208,0.00012092036334616,0.000120920363346207,1.42402360999148e-05,0.999999924195959
0.000152182505326439,0.000131468487924512,0.999750913736019,0.000117617776056969,0.000117617776056945,1.38507118675425e-05,0.999999924196299
0.00015645475886161,0.000127877267237749,0.999757717320723,0.000114405412039452,0.000114405412039423,1.34718551982972e-05,0.999999924196628
0.000160846948326536,0.00012438417853165,0.999764335016064,0.000111280805404426,0.000111280805404473,1.3103373127224e-05,0.999999924196946
0.000165362440709418,0.000120986538495553,0.999770771903788,0.000108241557716222,0.000108241557716178,1.27449807793309e-05,0.999999924197254
0.000170004697520672,0.000117681737288183,0.999777032926567,0.000105285336144367,0.000105285336144318,1.23964011438164e-05,0.999999924197552
0.000174777277446468,0.000114467236520808,0.999783122891813,0.000102409871666083,0.000102409871666044,1.20573648547247e-05,0.99999992419784
0.000179683839076772,0.000111340567296044,0.999789046475386,9.96129573182045e-05,9.96129573181551e-05,1.17276099778396e-05,0.999999924198118
0.000184728143709964,0.000108299328300755,0.999794808225202,9.68924464971223e-05,9.68924464970755e-05,1.14068818036326e-05,0.999999924198386
0.000189914058236194,0.000105341183951547,0.999800412564743,9.42462513054596e-05,9.42462513055069e-05,1.10949326460871e-05,0.999999924198646
0.000195245558101686,0.000102463862591386,0.999805863796464,9.16723409441592e-05,9.16723409442032e-05,1.07915216472263e-05,0.999999924198896
0.000200726730356257,9.96651547359213e-05,0.999811166105115,8.91687401487434e-05,8.91687401487444e-05,1.0496414587178e-05,0.999999924199137
0.000206361776786386,9.69429113681345e-05,0.999816323560963,8.67335276685205e-05,8.67335276684719e-05,1.0209383699614e-05,0.999999924199369
0.000212155017136245,9.42950422799612e-05,0.999821340122932,8.43648347875536e-05,8.4364834787594e-05,9.93020749240756e-06,0.999999924199593
0.000218110892419152,9.17195144595922e-05,0.999826219641654,8.20608438862363e-05,8.20608438862176e-05,9.65867057335589e-06,0.999999924199809
0.000224233968321985,8.92143505231786e-05,0.999830965862434,7.98197870423573e-05,7.98197870423482e-05,9.39456348082134e-06,0.999999924200016
0.000230528938705171,8.67776271897109e-05,0.99983558242814,7.76399446705631e-05,7.76399446705427e-05,9.13768251914779e-06,0.999999924200215
0.000237000629200933,8.44074737978729e-05,0.999840072882003,7.55196441991592e-05,7.55196441991878e-05,8.88782959871379e-06,0.999999924200407
0.000243654000912547,8.21020708637088e-05,0.999844440670353,7.34572587832206e-05,7.34572587832394e-05,8.64481208048816e-06,0.99999992420059
0.00025049415421745,7.98596486779684e-05,0.999848689145269,7.14512060530107e-05,7.14512060529999e-05,8.40844262495775e-06,0.999999924200766
0.00025752633267712,7.76784859420354e-05,0.999852821567161,6.94999468967342e-05,6.94999468966995e-05,8.17853904530119e-06,0.999999924200934
0.000264755927056707,7.55569084413665e-05,0.999856841107282,6.76019842766805e-05,6.76019842767317e-05,7.95492416468604e-06,0.999999924201095
0.000272188479457518,7.34932877554055e-05,0.999860750850167,6.57558620778347e-05,6.57558620778038e-05,7.73742567757081e-06,0.999999924201249
0.000279829687565512,7.14860400029598e-05,0.999864553796009,6.39601639880636e-05,6.39601639880145e-05,7.52587601489618e-06,0.999999924201396
0.000287685409019059,6.95336246220616e-05,0.999868252862969,6.22135124090073e-05,6.22135124090624e-05,7.32011221305433e-06,0.999999924201535
0.000295761665899326,6.76345431833579e-05,0.99987185088942,6.05145673968304e-05,6.05145673968756e-05,7.11997578652743e-06,0.999999924201668
0.000304064649346707,6.57873382361027e-05,0.999875350636132,5.88620256320121e-05,5.88620256320318e-05,6.92531260409064e-06,0.999999924201794
0.00031260072430687,6.39905921858508e-05,0.999878754788397,5.72546194173737e-05,5.72546194173207e-05,6.73597276847708e-06,0.999999924201913
0.000321376434410028,6.22429262029765e-05,0.999882065958093,5.56911157035701e-05,5.56911157035435e-05,6.55181049940639e-06,0.999999924202026
0.000330398506987186,6.05429991611671e-05,0.999885286685698,5.41703151412867e-05,5.41703151412943e-05,6.37268401988041e-06,0.999999924202132
0.000339673858227221,5.88895066050627e-05,0.999888419442235,5.26910511594096e-05,5.26910511594386e-05,6.1984554456531e-06,0.999999924202232
0.000349209598478727,5.72811797462366e-05,0.999891466631185,5.12521890684526e-05,5.12521890684306e-05,6.02899067778403e-06,0.999999924202325
0.000359013037700707,5.57167844867375e-05,0.999894430590325,4.98526251885495e-05,4.98526251885838e-05,5.86415929818795e-06,0.999999924202412
0.000369091691066277,5.41951204694293e-05,0.999897313593529,4.84912860013342e-05,4.84912860012796e-05,5.70383446809514e-06,0.999999924202493
0.000379453284723694,5.27150201543926e-05,0.999900117852521,4.71671273250527e-05,4.71671273250761e-05,5.54789282933988e-06,0.999999924202568
0.000390105761719099,5.12753479206673e-05,0.999902845518567,4.58791335122703e-05,4.58791335123255e-05,5.39621440839694e-06,0.999999924202636
0.00040105728808555,4.9874999192638e-05,0.999905498684138,4.462631666955e-05,4.46263166695563e-05,5.24868252308802e-06,0.999999924202699
0.000412316259102975,4.85128995903849e-05,0.999908079384511,4.34077158985021e-05,4.34077158985202e-05,5.10518369188279e-06,0.999999924202755
0.000423891305733878,4.7188004103337e-05,0.999910589599339,4.2222396557616e-05,4.22223965575683e-05,4.96560754572098e-06,0.999999924202806
0.000435791301239703,4.58992962865886e-05,0.999913031254169,4.10694495443043e-05,4.1069449544329e-05,4.82984674228432e-06,0.99999992420285
0.000448025367982949,4.46457874792526e-05,0.999915406221924,3.99479905966034e-05,3.99479905966506e-05,4.69779688264916e-06,0.999999924202889
0.00046060288442024,4.34265160442456e-05,0.999917716324342,3.88571596139929e-05,3.88571596139668e-05,4.56935643025274e-06,0.999999924202922
0.000473533492291712,4.22405466289143e-05,0.999919963333374,3.77961199968067e-05,3.77961199967903e-05,4.4444266321076e-06,0.999999924202949
0.000486827104012228,4.10869694459296e-05,0.99992214897255,3.67640580037283e-05,3.67640580036862e-05,4.32291144220124e-06,0.99999992420297
0.000500493910270095,3.99648995738897e-05,0.999924274918299,3.57601821268706e-05,3.57601821268385e-05,4.20471744701913e-06,0.999999924202986
0.000514544387839092,3.88734762770931e-05,0.999926342801239,3.47837224839614e-05,3.47837224839748e-05,4.08975379313168e-06,0.999999924202995
0.000528989307609816,3.78118623439502e-05,0.999928354207429,3.38339302271632e-05,3.38339302271788e-05,3.97793211678699e-06,0.999999924202999
0.00054383974284648,3.67792434435245e-05,0.999930310679588,3.29100769680713e-05,3.2910076968101e-05,3.8691664754532e-06,0.999999924202997
