1.54303846918356e-07,0.329292420462062,0.507464027724121,0.163243551813817,0.163243551813817,0.166048868648246,0.99999988543244
1.58635653350859e-07,0.376556184001645,0.449924354585628,0.173519461412727,0.173519461412727,0.203036722588917,0.999999873477267
1.63089067554933e-07,0.403837510019682,0.418214786644296,0.177947703336022,0.177947703336022,0.225889806683659,0.999999865435799
1.6766750345277e-07,0.425519396855522,0.393798217755333,0.180682385389145,0.180682385389145,0.244837011466377,0.999999858333876
1.72374470806362e-07,0.444161453006884,0.373360505785566,0.18247804120755,0.18247804120755,0.261683411799333,0.999999851654197
1.77213577908036e-07,0.460805655491658,0.355547186314758,0.183647158193585,0.183647158193585,0.277158497298073,0.999999845188664
1.82188534346517e-07,0.476000054695423,0.339643074719324,0.184356870585253,0.184356870585253,0.29164318411017,0.999999838828264
1.87303153850643e-07,0.490075673676343,0.325214517263136,0.184709809060521,0.184709809060521,0.305365864615821,0.999999832506867
1.9256135721292e-07,0.503250902999234,0.311974300801827,0.184774796198939,0.184774796198939,0.318476106800295,0.999999826180248
1.97967175295133e-07,0.515678992478038,0.2997201010166,0.184600906505362,0.184600906505362,0.331078085972676,0.999999819816639
2.03524752118358e-07,0.527472510786867,0.288302732189666,0.184224757023467,0.184224757023467,0.3432477537634,0.999999813391913
2.09238348039698e-07,0.538717116052968,0.277608244184381,0.183674639762651,0.183674639762651,0.355042476290316,0.999999806886885
2.15112343018217e-07,0.549479848943687,0.267547123788164,0.182973027268149,0.182973027268149,0.366506821675538,0.999999800285713
2.21151239972549e-07,0.559814398455435,0.258047427173038,0.182138174371527,0.182138174371527,0.377676224083908,0.999999793574884
2.27359668232772e-07,0.569764591530836,0.249050221583436,0.181185186885728,0.181185186885728,0.388579404645109,0.999999786742545
2.33742387089181e-07,0.579366788714349,0.240506451017914,0.180126760267736,0.180126760267736,0.399240028446613,0.999999779778056
2.40304289440697e-07,0.588651578328535,0.232374716129663,0.178973705541802,0.178973705541802,0.409677872786734,0.999999772671664
2.47050405545683e-07,0.597645005287315,0.224619661369912,0.177735333342773,0.177735333342773,0.419909671944542,0.999999765414274
2.53985906878073e-07,0.606369482073292,0.21721077738811,0.176419740538598,0.176419740538598,0.429949741534694,0.999999757997281
2.61116110091746e-07,0.614844477100998,0.210121494650909,0.175034028248094,0.175034028248094,0.439810448852904,0.999999750412438
2.68446481096197e-07,0.623087043688043,0.203328485846199,0.173584470465758,0.173584470465758,0.449502573222284,0.999999742651761
2.75982639246618e-07,0.631112232663193,0.196811120913696,0.17207664642311,0.172076646423111,0.459035586240083,0.999999734707443
2.83730361651621e-07,0.638933418546393,0.190551035595821,0.170515545857785,0.170515545857785,0.468417872688608,0.999999726571802
2.91695587601879e-07,0.646562560537617,0.184531785739719,0.168905653722664,0.168905653722664,0.477656906814953,0.999999718237225
2.99884423123102e-07,0.654010413647614,0.17873856728289,0.167251019069496,0.167251019069496,0.486759394578118,0.999999709696127
3.08303145656828e-07,0.661286701218145,0.173157987189191,0.165555311592664,0.165555311592664,0.495731389625481,0.99999970094092
3.16958208872612e-07,0.668400257202366,0.167777874361797,0.163821868435838,0.163821868435838,0.504578388766528,0.999999691963979
3.25856247615323e-07,0.675359144517781,0.162587122252212,0.162053733230007,0.162053733230007,0.513305411287774,0.999999682757623
3.35004082991314e-07,0.68217075429032,0.157575556840781,0.160253688868899,0.160253688868899,0.521917065421421,0.999999673314087
3.44408727597382e-07,0.688841889709542,0.15273382510448,0.158424285185978,0.158424285185978,0.530417604523564,0.999999663625509
3.54077390896527e-07,0.695378837397411,0.148053300161284,0.156567862441305,0.156567862441305,0.538810974956105,0.999999653683908
3.64017484744614e-07,0.701787428578009,0.143526000089373,0.154686571332619,0.154686571332619,0.54710085724539,0.999999643481171
3.74236629072198e-07,0.70807309186826,0.139144518035471,0.152782390096269,0.152782390096269,0.555290701771992,0.99999963300904
3.84742657725851e-07,0.714240899151625,0.13490196170007,0.150857139148305,0.150857139148305,0.56338376000332,0.999999622259097
3.9554362447347e-07,0.720295605720201,0.130791900654363,0.148912493625436,0.148912493625436,0.571383112094765,0.999999611222751
4.06647809178186e-07,0.726241685655913,0.126808320230531,0.146949994113556,0.146949994113556,0.579291691542357,0.99999959989123
4.18063724145576e-07,0.73208336325387,0.122945580952666,0.144971055793464,0.144971055793464,0.587112307460406,0.999999588255567
4.2980012064908e-07,0.737824641160088,0.119198382654171,0.14297697618574,0.14297697618574,0.594847664974348,0.999999576306589
4.41865995638594e-07,0.743469325793608,0.115561732569493,0.140968941636898,0.140968941636898,0.60250038415671,0.99999956403491
4.54270598637404e-07,0.749021050544053,0.112030916801204,0.138948032654743,0.138948032654743,0.610073017889311,0.999999551430918
4.67023438832733e-07,0.754483297175545,0.108601474653832,0.136915228170623,0.136915228170623,0.617568069004922,0.999999538484766
4.80134292365345e-07,0.759859415823785,0.105269175397684,0.134871408778531,0.134871408778531,0.624988007045255,0.999999525186363
4.93613209823792e-07,0.765152643943014,0.102029997082577,0.132817358974409,0.132817358974409,0.632335284968604,0.999999511525363
5.07470523949047e-07,0.77036612454238,0.0988801070653182,0.130753768392302,0.130753768392302,0.639612356150078,0.999999497491155
5.21716857555435e-07,0.775502924046758,0.0958158439474931,0.128681232005749,0.128681232005749,0.646821692041009,0.999999483072856
5.36363131673925e-07,0.780566050125607,0.0928337006428175,0.126600249231576,0.126600249231576,0.653965800894031,0.999999468259297
5.5142057392403e-07,0.785558469856725,0.0899303083062663,0.124511221837009,0.124511221837009,0.661047248019716,0.999999453039018
5.66900727120743e-07,0.790483128632061,0.0871024208603143,0.122414450507624,0.122414450507624,0.668068678124437,0.999999437400253
5.82815458123084e-07,0.795342970274334,0.0843468998459498,0.120310129879716,0.120310129879716,0.675032840394618,0.999999421330924
5.99176966931061e-07,0.800140958921974,0.0816606993059059,0.11819834177212,0.11819834177212,0.681942617149854,0.999999404818626
6.15997796038017e-07,0.804880103364936,0.0790408503718143,0.11607904626325,0.11607904626325,0.688801057101686,0.999999387850623
6.33290840045511e-07,0.80956348468821,0.0764844451711106,0.11395207014068,0.11395207014068,0.69561141454753,0.999999370413829
6.51069355548147e-07,0.814194288322961,0.0739886195864528,0.111817092090586,0.111817092090586,0.702377196232375,0.999999352494804
6.69346971295867e-07,0.818775841946066,0.0715505342794333,0.1096736237745,0.1096736237745,0.709102218171566,0.999999334079736
6.88137698641567e-07,0.823311661151533,0.0691673532150077,0.107520985633459,0.107520985633459,0.715790675518074,0.999999315154437
7.07455942281988e-07,0.827805505509745,0.0668362186678411,0.105358275822414,0.105358275822414,0.722447229687331,0.99999929570432
7.27316511300145e-07,0.832261448639685,0.0645542213163528,0.103184330043962,0.103184330043962,0.729077118595723,0.999999275714397
7.47734630517758e-07,0.83668396741733,0.0623183634696146,0.100997669113056,0.100997669113056,0.735686298304274,0.999999255169255
7.68725952166374e-07,0.841078057714364,0.0601255126189012,0.0987964296667349,0.0987964296667349,0.742281628047629,0.999999234053052
7.90306567886135e-07,0.845449387587551,0.0579723411768587,0.0965782712355903,0.0965782712355903,0.748871116351961,0.999999212349488
8.12493021061405e-07,0.849804504465702,0.0558552461422635,0.0943402493920346,0.0943402493920346,0.755464255073667,0.999999190041802
8.35302319502679e-07,0.854151122144069,0.0537702389239284,0.0920786389320023,0.0920786389320022,0.762072483212067,0.999999167112739
8.58751948484518e-07,0.858498529203478,0.051712789567801,0.0897886812287212,0.0897886812287212,0.768709847974757,0.999999143544537
8.82859884149515e-07,0.862858188600762,0.0496775989582123,0.0874642124410253,0.0874642124410253,0.775393976159737,0.999999119318894
9.07644607288536e-07,0.867244650764741,0.0476582525843645,0.0850970966508942,0.0850970966508942,0.782147554113847,0.999999094416934
9.33125117507824e-07,0.871677006831318,0.0456466697843756,0.0826763233843063,0.0826763233843063,0.789000683447012,0.999999068819159
9.59320947793823e-07,0.876181331013486,0.0436321776746668,0.0801864913118476,0.0801864913118476,0.795994839701638,0.999999042505376
9.86252179486878e-07,0.880795080164311,0.0415998409825577,0.0776050788531313,0.0776050788531313,0.80319000131118,0.999999015454576
1.01393945767529e-06,0.885575781836435,0.0395271582960762,0.0748970598674888,0.0748970598674888,0.810678721968946,0.999998987644718
1.04240400702156e-06,0.890620549141444,0.0373766260594692,0.0720028247990869,0.0720028247990868,0.818617724342357,0.999998959052244
1.07166764803286e-06,0.896119456302273,0.0350753525002607,0.0688051911974664,0.0688051911974664,0.827314265104806,0.999998929650804
1.10175281378839e-06,0.902564002656378,0.0324352231923702,0.0650007741512516,0.0650007741512516,0.837563228505127,0.999998899406279
1.13268256713615e-06,0.91390407800549,0.0279386156416957,0.058157306352814,0.058157306352814,0.855746771652676,0.999998868201567
