1.77213577908036e-07,0.328705630397187,0.474173013540687,0.197121356062125,0.197121356062125,0.131584274335062,0.999999862631131
1.82188534346517e-07,0.355131433166237,0.440283536691883,0.20458503014188,0.20458503014188,0.150546403024357,0.999999853128639
1.87303153850643e-07,0.375460199990934,0.415062215797836,0.20947758421123,0.20947758421123,0.165982615779705,0.999999844964805
1.9256135721292e-07,0.392723961053302,0.39422332305657,0.213052715890128,0.213052715890128,0.179671245163174,0.999999837364994
1.97967175295133e-07,0.408040031724324,0.376181234441172,0.215778733834504,0.215778733834504,0.19226129788982,0.999999830047619
2.03524752118358e-07,0.42196990661068,0.360135999664355,0.217894093724966,0.217894093724965,0.204075812885714,0.999999822871989
2.09238348039698e-07,0.434843693728097,0.345615485534426,0.219540820737477,0.219540820737477,0.21530287299062,0.999999815755186
2.15112343018217e-07,0.446875276452117,0.332312593070412,0.220812130477472,0.220812130477472,0.226063145974645,0.99999980864287
2.21151239972549e-07,0.458212795165492,0.320013788997437,0.221773415837071,0.221773415837071,0.236439379328421,0.999999801496599
2.27359668232772e-07,0.468963990863483,0.308563169960524,0.222472839175993,0.222472839175993,0.24649115168749,0.999999794287525
2.33742387089181e-07,0.479210207520308,0.297842576910535,0.222947215569157,0.222947215569157,0.25626299195115,0.999999786992947
2.40304289440697e-07,0.489014703414484,0.287759773112916,0.223225523472599,0.223225523472599,0.265789179941885,0.999999779594272
2.47050405545683e-07,0.498427867920323,0.278241012035732,0.223331120043945,0.223331120043945,0.275096747876378,0.999999772075758
2.53985906878073e-07,0.507490646183832,0.26922615056304,0.223283203253128,0.223283203253128,0.284207442930704,0.999999764423683
2.61116110091746e-07,0.516236871749512,0.260665315101035,0.223097813149452,0.223097813149452,0.29313905860006,0.999999756625791
2.68446481096197e-07,0.524694905160391,0.252516555782857,0.222788539056751,0.222788539056751,0.30190636610364,0.999999748670905
2.75982639246618e-07,0.532888815615082,0.244744152023079,0.22236703236184,0.22236703236184,0.310521783253242,0.999999740548638
2.83730361651621e-07,0.540839252564368,0.237317360589727,0.221843386845904,0.221843386845904,0.318995865718464,0.999999732249199
2.91695587601879e-07,0.548564101361888,0.230209472254394,0.221226426383717,0.221226426383717,0.327337674978171,0.999999723763229
2.99884423123102e-07,0.556078985057221,0.223397088572491,0.220523926370288,0.220523926370289,0.335555058686933,0.999999715081687
3.08303145656828e-07,0.563397654350756,0.216859558875951,0.219742786773292,0.219742786773293,0.343654867577464,0.999999706195756
3.16958208872612e-07,0.570532294795916,0.210578535962584,0.218889169241499,0.218889169241499,0.351643125554417,0.99999969709677
3.25856247615323e-07,0.57749377178942,0.204537621133781,0.217968607076798,0.217968607076798,0.359525164712622,0.999999687776156
3.35004082991314e-07,0.584291828118628,0.198722077457653,0.216986094423719,0.216986094423719,0.367305733694909,0.999999678225384
3.44408727597382e-07,0.590935244858409,0.193118595806542,0.215946159335049,0.215946159335049,0.37498908552336,0.999999668435924
3.54077390896527e-07,0.597431973620506,0.187715102199838,0.214852924179656,0.214852924179656,0.382579049440849,0.99999965839922
3.64017484744614e-07,0.603789246169654,0.182500597824307,0.213710156006039,0.213710156006039,0.390079090163615,0.999999648106652
3.74236629072198e-07,0.610013665981643,0.177465025161897,0.21252130885646,0.21252130885646,0.397492357125183,0.999999637549518
3.84742657725851e-07,0.616111285262963,0.172599155165568,0.211289559571469,0.211289559571469,0.404821725691494,0.999999626719006
3.9554362447347e-07,0.622087670167745,0.16789449154657,0.210017838285685,0.210017838285684,0.412069831882061,0.999999615606181
4.06647809178186e-07,0.62794795635876,0.163343189080903,0.208708854560337,0.208708854560337,0.419239101798423,0.99999960420196
4.18063724145576e-07,0.633696896612,0.158937983484341,0.207365119903658,0.207365119903659,0.426331776708342,0.999999592497102
4.2980012064908e-07,0.639338901821483,0.154672130897892,0.205988967280625,0.205988967280625,0.433349934540859,0.999999580482189
4.41865995638594e-07,0.644878076495459,0.150539355407024,0.204582568097518,0.204582568097518,0.440295508397941,0.999999568147615
4.54270598637404e-07,0.65031824962808,0.14653380331603,0.20314794705589,0.20314794705589,0.44717030257219,0.99999955548357
4.67023438832733e-07,0.655663001667561,0.142650003133629,0.201686995198811,0.201686995198811,0.45397600646875,0.999999542480032
4.80134292365345e-07,0.660915688172626,0.138882830412126,0.200201481415248,0.200201481415248,0.460714206757378,0.99999952912675
4.93613209823792e-07,0.666079460645901,0.135227476731316,0.198693062622784,0.198693062622784,0.467386398023117,0.999999515413234
5.07470523949047e-07,0.671157284949948,0.131679422238014,0.197163292812038,0.197163292812038,0.473993992137909,0.999999501328746
5.21716857555435e-07,0.676151957644645,0.128234411249043,0.195613631106312,0.195613631106312,0.480538326538333,0.999999486862288
5.36363131673925e-07,0.681066120530021,0.124888430504399,0.194045448965579,0.194045448965579,0.487020671564442,0.999999472002589
5.5142057392403e-07,0.685902273634097,0.121637689721947,0.192460036643955,0.192460036643955,0.493442236990142,0.999999456738095
5.66900727120743e-07,0.690662786848559,0.118478604158201,0.19085860899324,0.19085860899324,0.499804177855319,0.99999944105696
5.82815458123084e-07,0.695349910384823,0.115407778923734,0.189242310691443,0.189242310691443,0.50610759969338,0.999999424947035
5.99176966931061e-07,0.699965784197873,0.112421994838367,0.18761222096376,0.18761222096376,0.512353563234113,0.999999408395854
6.15997796038017e-07,0.704512446504284,0.109518195641802,0.185969357853914,0.185969357853914,0.51854308865037,0.999999391390626
6.33290840045511e-07,0.708991841503285,0.10669347640102,0.184314682095695,0.184314682095695,0.52467715940759,0.999999373918225
6.51069355548147e-07,0.713405826394985,0.103945072977287,0.182649100627728,0.182649100627728,0.530756725767256,0.999999355965174
6.69346971295867e-07,0.717756177777392,0.101270352433904,0.180973469788704,0.180973469788704,0.536782707988688,0.99999933751764
6.88137698641567e-07,0.722044597493414,0.0986668042812327,0.179288598225353,0.179288598225353,0.54275599926806,0.999999318561417
7.07455942281988e-07,0.726272717990009,0.0961320324687721,0.177595249541219,0.177595249541219,0.54867746844879,0.999999299081918
7.27316511300145e-07,0.730442107244145,0.0936637480452516,0.175894144710603,0.175894144710603,0.554547962533542,0.999999279064162
7.47734630517758e-07,0.7345542733037,0.0912597624173842,0.174185964278915,0.174185964278915,0.560368309024785,0.999999258492761
7.68725952166374e-07,0.738610668485948,0.0889179811461843,0.172471350367867,0.172471350367867,0.566139318118081,0.999999237351908
7.90306567886135e-07,0.742612693271544,0.0866363982269058,0.17075090850155,0.17075090850155,0.571861784769995,0.999999215625367
8.12493021061405e-07,0.746561699927911,0.084413090804811,0.169025209267278,0.169025209267278,0.577536490660634,0.999999193296455
8.35302319502679e-07,0.75045899589248,0.0822462142843302,0.16729478982319,0.16729478982319,0.58316420606929,0.999999170348033
8.58751948484518e-07,0.754305846943338,0.080133997793792,0.16556015526287,0.16556015526287,0.588745691680468,0.999999146762491
8.82859884149515e-07,0.758103480182367,0.0780747399719333,0.163821779845699,0.163821779845699,0.594281700336668,0.999999122521734
9.07644607288536e-07,0.761853086853871,0.0760668050458956,0.162080108100233,0.162080108100233,0.599772978753638,0.999999097607169
9.33125117507824e-07,0.765555825019999,0.07410861917346,0.160335555806541,0.160335555806541,0.605220269213459,0.999999071999687
9.59320947793823e-07,0.769212822112877,0.0721986670249234,0.1585885108622,0.1585885108622,0.610624311250677,0.999999045679654
9.86252179486878e-07,0.772825177382265,0.0703354885823234,0.156839334035411,0.156839334035411,0.615985843346854,0.99999901862689
1.01393945767529e-06,0.776393964256779,0.0685176761357198,0.155088359607501,0.155088359607501,0.621305604649278,0.999998990820655
1.04240400702156e-06,0.779920232636157,0.0667438714579633,0.15333589590588,0.15333589590588,0.626584336730277,0.999998962239636
1.07166764803286e-06,0.78340501113183,0.0650127631408724,0.151582225727297,0.151582225727297,0.631822785404533,0.999998932861926
1.10175281378839e-06,0.786849309273079,0.0633230840769904,0.149827606649931,0.149827606649931,0.637021702623148,0.999998902665009
1.13268256713615e-06,0.790254119696357,0.0616736090721563,0.148072271231487,0.148072271231487,0.64218184846487,0.999998871625743
1.16448061837269e-06,0.793620420336054,0.0600631525749761,0.14631642708897,0.14631642708897,0.647303993247084,0.999998839720342
1.19717134341897e-06,0.796949176635908,0.0584905665099573,0.144560256854135,0.144560256854135,0.652388919781773,0.999998806924355
1.23077980250667e-06,0.800241343801718,0.056954738201553,0.142803917996729,0.142803917996729,0.657437425804989,0.999998773212653
1.26533175938894e-06,0.803497869117837,0.0554545883766618,0.141047542505501,0.141047542505501,0.662450326612336,0.999998738559403
1.30085370109057e-06,0.806719694352325,0.0539890692332272,0.139291236414448,0.139291236414448,0.667428457937877,0.999998702938053
1.3373728582125e-06,0.809907758278682,0.052557162562472,0.137535079158846,0.137535079158846,0.672372679119836,0.999998666321307
1.37491722580642e-06,0.813062999345917,0.0511578779119479,0.135779122742135,0.135779122742135,0.677283876603783,0.999998628681109
1.4135155848354e-06,0.816186358533476,0.0497902507759617,0.134023390690562,0.134023390690562,0.682162967842915,0.999998589988618
1.4531975242369e-06,0.819278782433512,0.0484533407990022,0.132267876767486,0.132267876767486,0.687010905666026,0.999998550214186
1.49399346360526e-06,0.822341226610429,0.0471462299764686,0.130512543413103,0.130512543413103,0.691828683197326,0.999998509327336
1.5359346765109e-06,0.825374659296922,0.0458680208352215,0.128757319867857,0.128757319867857,0.696617339429065,0.999998467296739
1.57905331447418e-06,0.828380065497368,0.0446178345741124,0.127002099928519,0.127002099928519,0.701377965568849,0.999998424090188
1.62338243161228e-06,0.831358451584113,0.0433948091415641,0.125246739274323,0.125246739274323,0.706111712309789,0.999998379674575
1.66895600997803e-06,0.834310850490734,0.042198097223254,0.123491052286012,0.123491052286012,0.710819798204723,0.999998334015866
1.71580898561001e-06,0.837238327630031,0.0410268641077393,0.12173480826223,0.12173480826223,0.715503519367801,0.99999828707907
1.76397727531405e-06,0.840141987694747,0.0398802853910742,0.119977726914179,0.119977726914179,0.720164260780569,0.99999823882822
1.8134978041965e-06,0.843022982538241,0.0387575444726076,0.118219472989152,0.118219472989152,0.724803509549089,0.999998189226337
1.86440853397049e-06,0.845882520383286,0.0376578297825106,0.116459649834204,0.116459649834204,0.729422870549082,0.999998138235407
1.91674849205681e-06,0.848721876674293,0.0365803316661786,0.114697791659528,0.114697791659528,0.734024085014765,0.999998085816349
1.9705578015018e-06,0.851542406977314,0.0355242388301078,0.112933354192578,0.112933354192578,0.738609052784736,0.999998031928987
2.02587771173502e-06,0.85434556245179,0.0344887342261468,0.111165703322063,0.111165703322063,0.743179859129727,0.999997976532015
2.08275063019052e-06,0.857132908580512,0.0334729902132865,0.109394101206201,0.109394101206201,0.747738807374311,0.999997919582969
2.14122015481573e-06,0.859906148067843,0.0324761627840842,0.107617689148072,0.107617689148072,0.752288458919771,0.999997861038193
2.20133110749303e-06,0.862667149128342,0.0314973845699809,0.105835466301677,0.105835466301677,0.756831682826664,0.999997800852801
2.26312956839953e-06,0.86541798083026,0.030535756236344,0.104046262933396,0.104046262933396,0.761371717896863,0.999997738980647
2.32666291133146e-06,0.868160957796062,0.0295903357286727,0.102248706475266,0.102248706475266,0.765912251320796,0.999997675374287
2.39197984002024e-06,0.870898697498851,0.0286601246115843,0.100441177889565,0.100441177889565,0.770457519609286,0.999997609984939
2.45913042546804e-06,0.873634194798646,0.027744050411935,0.0986217547894185,0.0986217547894185,0.775012440009228,0.999997542762447
2.5281661443315e-06,0.876370920519707,0.0268409433695344,0.0967881361107586,0.0967881361107586,0.779582784408948,0.999997473655238
2.59913991838293e-06,0.879112954270386,0.0259495051971066,0.0949375405325072,0.0949375405325072,0.784175413737879,0.999997402610282
2.67210615507944e-06,0.88186516722862,0.0250682661470575,0.0930665666243226,0.0930665666243226,0.788798600604297,0.999997329573045
2.74712078927081e-06,0.884633479893641,0.0241955244879985,0.0911709956183607,0.0911709956183606,0.79346248427528,0.99999725448744
2.82424132607844e-06,0.887425236020063,0.0233292586520645,0.0892455053278721,0.0892455053278721,0.798179730692191,0.99999717729578
2.90352688497781e-06,0.890249763633605,0.0224669952700473,0.087283241096348,0.0872832410963481,0.802966522537257,0.999997097938717
2.98503824511873e-06,0.893119251435086,0.0216056026661123,0.0852751458988016,0.0852751458988016,0.807844105536284,0.999997016355177
3.06883789191764e-06,0.896050187575637,0.0207409511291426,0.08320886129522,0.08320886129522,0.812841326280417,0.999996932482282
3.15499006495809e-06,0.899065874268564,0.0198673177267632,0.081066808004673,0.081066808004673,0.817999066263891,0.999996846255242
3.24356080723581e-06,0.902201196900579,0.018976254519434,0.0788225485799872,0.0788225485799872,0.823378648320592,0.999996757607193
3.33461801578637e-06,0.905512739407845,0.0180541812031262,0.0764330793890289,0.0764330793890289,0.829079660018816,0.999996666468914
3.42823149373397e-06,0.909104075219788,0.017076347839644,0.0738195769405681,0.0738195769405681,0.83528449827922,0.999996572768184
3.52447300380159e-06,0.913208948686807,0.0159869128218118,0.0708041384913813,0.0708041384913813,0.842404810195426,0.999996476427786
3.62341632332315e-06,0.918703481677442,0.0145757798247224,0.0667207384978355,0.0667207384978354,0.851982743179607,0.999996377353483
