1.63089067554933e-07,0.257103524836599,0.590095433249057,0.152801041914345,0.152801041914345,0.104302482922254,0.999999893700604
1.6766750345277e-07,0.227037892853704,0.63256875610349,0.140393351042805,0.140393351042805,0.0866445418108991,0.999999899423513
1.72374470806362e-07,0.208151922970795,0.659988316111337,0.131859760917868,0.131859760917867,0.0762921620529279,0.99999990270919
1.77213577908036e-07,0.19359513302563,0.681512019704492,0.124892847269879,0.124892847269879,0.0687022857557508,0.999999905094798
1.82188534346517e-07,0.181539299758647,0.699594472785217,0.118866227456136,0.118866227456136,0.0626730723025108,0.999999906980442
1.87303153850643e-07,0.171168323302411,0.715335892212453,0.113495784485136,0.113495784485136,0.0576725388172753,0.999999908540889
1.9256135721292e-07,0.162032811507292,0.729344642918315,0.108622545574393,0.108622545574393,0.0534102659328992,0.999999909870426
1.97967175295133e-07,0.153853661834768,0.7420001659432,0.104146172222032,0.104146172222032,0.0497074896127361,0.999999911026473
2.03524752118358e-07,0.146443267020096,0.753558621391107,0.0999981115887973,0.0999981115887973,0.0464451554312983,0.9999999120469
2.09238348039698e-07,0.139668222970375,0.764202966159822,0.0961288108698027,0.0961288108698028,0.0435394121005721,0.999999912958139
2.15112343018217e-07,0.133429581477875,0.774069513259006,0.092500905263119,0.092500905263119,0.0409286762147557,0.999999913779447
2.21151239972549e-07,0.12765150027414,0.783263221130331,0.0890852785955287,0.0890852785955287,0.0385662216786114,0.999999914525327
2.27359668232772e-07,0.12227429710698,0.791867065265607,0.0858586376274126,0.0858586376274126,0.0364156594795675,0.999999915206996
2.33742387089181e-07,0.117249982340669,0.79994807541885,0.0828019422404805,0.0828019422404805,0.0344480401001885,0.999999915833322
2.40304289440697e-07,0.112539267140961,0.807561385289976,0.079899347569063,0.079899347569063,0.0326399195718984,0.999999916411448
2.47050405545683e-07,0.108109491492412,0.814753041745001,0.0771374667625869,0.0771374667625869,0.030972024729825,0.999999916947217
2.53985906878073e-07,0.10393314803,0.821562009555782,0.0745048424142178,0.0745048424142178,0.0294283056157825,0.999999917445471
2.61116110091746e-07,0.0999868045567464,0.828021637165084,0.071991558278169,0.0719915582781691,0.0279952462785774,0.999999917910273
2.68446481096197e-07,0.0962503008934777,0.834160751129598,0.0695889479769241,0.0695889479769241,0.0266613529165535,0.999999918345066
2.75982639246618e-07,0.0927061391280405,0.840004488461061,0.067289372410898,0.067289372410898,0.0254167667171425,0.999999918752792
2.83730361651621e-07,0.0893390131389893,0.845574939980457,0.0650860468805542,0.0650860468805542,0.0242529662584351,0.99999991913599
2.91695587601879e-07,0.0861354403209758,0.850891654815014,0.0629729048640102,0.0629729048640102,0.0231625354569656,0.999999919496862
2.99884423123102e-07,0.0830834695749224,0.855972041144961,0.0609444892801167,0.0609444892801167,0.0221389802948056,0.999999919837336
3.08303145656828e-07,0.080172447070238,0.860831688256045,0.0589958646737175,0.0589958646737175,0.0211765823965205,0.999999920159103
3.16958208872612e-07,0.077392826367821,0.865484628087285,0.0571225455448938,0.0571225455448938,0.0202702808229271,0.999999920463661
3.25856247615323e-07,0.0747360130271577,0.869943549683172,0.0553204372896701,0.0553204372896701,0.0194155757374876,0.99999992075234
3.35004082991314e-07,0.0721942363216538,0.874219976574491,0.0535857871038547,0.0535857871038547,0.0186084492177991,0.999999921026328
3.44408727597382e-07,0.0697604424833475,0.878324414677552,0.0519151428391009,0.0519151428391009,0.0178452996442465,0.999999921286686
3.54077390896527e-07,0.0674282052078738,0.882266476525786,0.0503053182663406,0.0503053182663405,0.0171228869415332,0.999999921534374
3.64017484744614e-07,0.0651916501175581,0.886054986335469,0.0487533635469732,0.0487533635469732,0.0164382865705849,0.999999921770254
3.74236629072198e-07,0.0630453906030938,0.889698069425906,0.0472565399709998,0.0472565399709998,0.015788850632094,0.99999992199511
3.84742657725851e-07,0.0609844730101766,0.893203228772364,0.0458122982174591,0.0458122982174591,0.0151721747927175,0.999999922209655
3.9554362447347e-07,0.0590043295541661,0.896577410903085,0.0444182595427489,0.0444182595427489,0.0145860700114172,0.999999922414535
4.06647809178186e-07,0.0571007376669334,0.899827062914516,0.0430721994185505,0.0430721994185504,0.0140285382483829,0.999999922610344
4.18063724145576e-07,0.0552697847296955,0.902958182038637,0.0417720332316672,0.0417720332316672,0.0134977514980283,0.999999922797626
4.2980012064908e-07,0.0535078373413144,0.905976358929359,0.0405158037293268,0.0405158037293268,0.0129920336119877,0.99999992297688
4.41865995638594e-07,0.0518115144261358,0.908886815623891,0.039301669949973,0.039301669949973,0.0125098444761628,0.999999923148564
4.54270598637404e-07,0.0501776636084565,0.911694438966892,0.0381278974246517,0.0381278974246517,0.0120497661838047,0.999999923313104
4.67023438832733e-07,0.0486033403792721,0.914403810150385,0.0369928494703426,0.0369928494703426,0.0116104909089295,0.99999992347089
4.80134292365345e-07,0.0470857896604385,0.917019230913652,0.0358949794259093,0.0358949794259093,0.0111908102345291,0.999999923622287
4.93613209823792e-07,0.0456224294358577,0.919544746858931,0.034832823705211,0.034832823705211,0.0107896057306467,0.99999992376763
5.07470523949047e-07,0.0442108361719194,0.921984168266622,0.0338049955614586,0.0338049955614586,0.0104058406104608,0.999999923907234
5.21716857555435e-07,0.0428487317925879,0.924341088734425,0.032810179472987,0.0328101794729871,0.0100385523196009,0.99999992404139
5.36363131673925e-07,0.0415339720101289,0.926618901915946,0.0318471260739252,0.0318471260739252,0.00968684593620372,0.999999924170369
5.5142057392403e-07,0.0402645358419602,0.928820816593729,0.0309146475643105,0.0309146475643104,0.00934988827764971,0.999999924294427
5.66900727120743e-07,0.0390385161686765,0.93094987028788,0.0300116135434435,0.0300116135434435,0.00902690262523301,0.9999999244138
5.82815458123084e-07,0.0378541112088315,0.933008941573134,0.0291369472180345,0.0291369472180345,0.00871716399079699,0.999999924528711
5.99176966931061e-07,0.0367096168033064,0.935000761253464,0.0282896219432301,0.02828962194323,0.00841999486007635,0.99999992463937
6.15997796038017e-07,0.0356034194166384,0.936927922523221,0.0274686580601406,0.0274686580601406,0.00813476135649785,0.999999924745971
6.33290840045511e-07,0.0345339897749875,0.938792890226827,0.0266731199981856,0.0266731199981856,0.00786086977680189,0.9999999248487
6.51069355548147e-07,0.033499877070876,0.940598009314546,0.025902113614578,0.025902113614578,0.007597763456298,0.999999924947729
6.69346971295867e-07,0.0324997036737513,0.942345512579554,0.025154783746695,0.025154783746695,0.00734491992705627,0.999999925043223
6.88137698641567e-07,0.0315321602930413,0.944037527750937,0.0244303119560219,0.0244303119560219,0.00710184833701942,0.999999925135335
7.07455942281988e-07,0.0305960015469215,0.945676084008189,0.0237279144448896,0.0237279144448896,0.00686808710203195,0.99999992522421
7.27316511300145e-07,0.0296900418956378,0.947263117974951,0.0230468401294108,0.0230468401294108,0.00664320176622699,0.999999925309987
7.47734630517758e-07,0.0288131519030977,0.948800479242984,0.0223863688539186,0.0223863688539186,0.00642678304917913,0.999999925392795
7.68725952166374e-07,0.0279642547946477,0.9502899354715,0.0217458097338527,0.0217458097338527,0.00621844506079491,0.999999925472758
7.90306567886135e-07,0.0271423232826144,0.951733177101905,0.021124499615481,0.021124499615481,0.00601782366713344,0.999999925549992
8.12493021061405e-07,0.0263463766343652,0.953131821723548,0.0205218016420872,0.0205218016420872,0.00582457499227798,0.999999925624608
8.35302319502679e-07,0.0255754779604238,0.954487418122211,0.0199371039173647,0.0199371039173647,0.00563837404305906,0.999999925696711
8.58751948484518e-07,0.0248287317026057,0.955801450039684,0.0193698182577107,0.0193698182577106,0.00545891344489504,0.9999999257664
8.82859884149515e-07,0.0241052813042683,0.957075339669762,0.0188193790259696,0.0188193790259696,0.00528590227829867,0.999999925833771
9.07644607288536e-07,0.0234043070466432,0.958310450913436,0.0182852420399206,0.0182852420399206,0.00511906500672259,0.999999925898914
9.33125117507824e-07,0.0227250240368714,0.959508092413662,0.0177668835494662,0.0177668835494663,0.00495814048740519,0.999999925961915
9.59320947793823e-07,0.0220666803348131,0.960669520388122,0.0172637992770652,0.0172637992770652,0.00480288105774789,0.999999926022855
9.86252179486878e-07,0.0214285552069981,0.961795941276527,0.0167755035164744,0.0167755035164744,0.00465305169052369,0.999999926081812
1.01393945767529e-06,0.0208099574972221,0.962888514217451,0.0163015282853269,0.0163015282853269,0.00450842921189522,0.999999926138861
1.04240400702156e-06,0.0202102241043075,0.963948353368207,0.0158414225274853,0.0158414225274852,0.00436880157682225,0.999999926194073
1.07166764803286e-06,0.0196287185584543,0.964976530080064,0.0153947513614814,0.0153947513614815,0.00423396719697289,0.999999926247515
1.10175281378839e-06,0.0190648296884061,0.965974074939914,0.0149610953716795,0.0149610953716796,0.0041037343167266,0.999999926299252
1.13268256713615e-06,0.0185179703723793,0.966941979688522,0.0145400499390985,0.0145400499390985,0.00397792043328081,0.999999926349346
1.16448061837269e-06,0.0179875763663431,0.967881199024563,0.0141312246090937,0.0141312246090937,0.00385635175724943,0.999999926397856
1.19717134341897e-06,0.0174731052038157,0.968792652302848,0.0137342424933368,0.0137342424933368,0.00373886271047888,0.999999926444839
1.23077980250667e-06,0.0169740351618586,0.969677225134392,0.0133487397037495,0.0133487397037495,0.00362529545810908,0.999999926490348
1.26533175938894e-06,0.0164898642884147,0.970535770895347,0.0129743648162379,0.0129743648162379,0.00351549947217688,0.999999926534436
1.30085370109057e-06,0.0160201094865549,0.971369112151193,0.0126107783622525,0.0126107783622525,0.00340933112430243,0.999999926577153
1.3373728582125e-06,0.0155643056515749,0.972178042002067,0.0122576523463576,0.0122576523463577,0.00330665330521721,0.999999926618546
1.37491722580642e-06,0.0151220048572239,0.972963325354641,0.0119146697881349,0.0119146697881349,0.0032073350690889,0.99999992665866
1.4135155848354e-06,0.0146927755876554,0.973725700125464,0.0115815242868802,0.0115815242868801,0.00311125130077521,0.99999992669754
1.4531975242369e-06,0.014276202011968,0.974465878380363,0.0112579196076689,0.011257919607669,0.00301828240429906,0.999999926735228
1.49399346360526e-06,0.0138718832984569,0.975184547414068,0.0109435692874752,0.0109435692874752,0.00292831401098169,0.999999926771763
1.5359346765109e-06,0.0134794329659273,0.975882370773947,0.0106381962601261,0.0106381962601261,0.00284123670580118,0.999999926807186
1.57905331447418e-06,0.0130984782696278,0.976559989231407,0.0103415324989653,0.0103415324989652,0.00275694577066254,0.999999926841532
1.62338243161228e-06,0.0127286596195517,0.977218021704269,0.0100533186761789,0.0100533186761789,0.00267534094337276,0.999999926874839
1.66895600997803e-06,0.0123696300290276,0.977857066133157,0.0097733038378156,0.00977330383781561,0.00259632619121197,0.99999992690714
1.71580898561001e-06,0.0120210545916786,0.978477700314724,0.00950124509359772,0.00950124509359768,0.0025198094980809,0.999999926938469
1.76397727531405e-06,0.011682609984971,0.979080482694343,0.00923690732068588,0.00923690732068587,0.00244570266428515,0.999999926968856
1.8134978041965e-06,0.0113539839987078,0.979665953120675,0.0089800628806169,0.00898006288061694,0.00237392111809088,0.999999926998334
1.86440853397049e-06,0.0110348750869408,0.980234633564372,0.0087304913486873,0.00873049134868725,0.00230438373825355,0.999999927026932
1.91674849205681e-06,0.0107249919418868,0.980787028803009,0.0084879792551044,0.00848797925510436,0.00223701268678241,0.999999927054678
1.9705578015018e-06,0.0104240530885319,0.981323627074196,0.0082523198372717,0.00825231983727173,0.00217173325126016,0.999999927081599
2.02587771173502e-06,0.0101317864987047,0.981844900698678,0.00802331280261704,0.00802331280261704,0.00210847369608767,0.999999927107723
2.08275063019052e-06,0.00984792922348113,0.982351306675109,0.00780076410140982,0.00780076410140981,0.00204716512207131,0.999999927133073
2.14122015481573e-06,0.00957222704286317,0.982843287248087,0.00758448570905001,0.00758448570905005,0.00198774133381316,0.999999927157676
2.20133110749303e-06,0.00930443413174683,0.98332127045091,0.00737429541734299,0.00737429541734295,0.00193013871440384,0.999999927181554
2.26312956839953e-06,0.00904431274126029,0.983785670624434,0.00717001663430611,0.00717001663430614,0.00187429610695418,0.99999992720473
2.32666291133146e-06,0.00879163289461466,0.984236888913306,0.00697147819207955,0.0069714781920796,0.0018201547025351,0.999999927227227
2.39197984002024e-06,0.00854617209666685,0.984675313740792,0.00677851416254112,0.00677851416254117,0.00176765793412573,0.999999927249066
2.45913042546804e-06,0.00830771505644625,0.985101321263306,0.00659096368024807,0.00659096368024801,0.00171675137619818,0.999999927270266
2.5281661443315e-06,0.00807605342194511,0.985515275805703,0.0064086707723519,0.00640867077235192,0.00166738264959321,0.999999927290849
2.59913991838293e-06,0.00785098552651782,0.985917530278329,0.00623148419515281,0.00623148419515278,0.00161950133136501,0.999999927310833
2.67210615507944e-06,0.00763231614627509,0.986308426576745,0.0060592572769795,0.00605925727697947,0.00157305886929559,0.999999927330236
2.74712078927081e-06,0.00741985626789847,0.986688295965003,0.00589184776709902,0.00589184776709902,0.00152800850079945,0.999999927349076
2.82424132607844e-06,0.00721342286633531,0.987057459443288,0.00572911769037697,0.00572911769037698,0.00148430517595834,0.999999927367371
2.90352688497781e-06,0.00701283869186824,0.987416228100707,0.00557093320742514,0.00557093320742515,0.0014419054844431,0.999999927385137
2.98503824511873e-06,0.00681793206608353,0.987764903453929,0.00541716447998758,0.0054171644799876,0.00140076758609595,0.999999927402391
3.06883789191764e-06,0.0066285366862916,0.988103777772378,0.00526768554133028,0.00526768554133028,0.00136085114496132,0.999999927419147
3.15499006495809e-06,0.00644449143797938,0.988433134390609,0.00512237417141191,0.00512237417141186,0.00132211726656747,0.999999927435422
3.24356080723581e-06,0.00626564021489933,0.988753248008475,0.00498111177662574,0.0049811117766257,0.00128452843827359,0.999999927451228
3.33461801578637e-06,0.00609183174642256,0.989064384979664,0.00484378327391316,0.00484378327391313,0.0012480484725094,0.999999927466581
3.42823149373397e-06,0.00592291943180566,0.989366803589134,0.00471027697906073,0.00471027697906069,0.00121264245274494,0.999999927481495
3.52447300380159e-06,0.00575876118104036,0.989660754319958,0.00458048449900142,0.00458048449900138,0.00117827668203894,0.999999927495982
3.62341632332315e-06,0.00559921926197436,0.989946480110075,0.0044543006279511,0.00445430062795106,0.00114491863402326,0.999999927510054
3.72513730080021e-06,0.00544416015340901,0.990224216599372,0.00433162324721883,0.00433162324721878,0.00111253690619018,0.999999927523725
3.82971391404628e-06,0.0052934544038958,0.990494192367566,0.00421235322853859,0.00421235322853856,0.0010811011753572,0.999999927537007
3.93722632996347e-06,0.00514697649596937,0.990756629163253,0.0040963943407772,0.00409639434077716,0.00105058215519217,0.99999992754991
4.04775696599732e-06,0.0050046047155686,0.991011742124551,0.00398365315988043,0.00398365315988039,0.00102095155568818,0.999999927562446
4.16139055331671e-06,0.00486622102641118,0.991259739991663,0.00387403898192629,0.00387403898192632,0.000992182044484884,0.999999927574627
4.27821420176762e-06,0.00473171094909938,0.99150082531174,0.00376746373916063,0.00376746373916062,0.00096424720993875,0.999999927586461
4.39831746665023e-06,0.00460096344474696,0.991735194636357,0.00366384191889626,0.00366384191889631,0.000937121525850703,0.99999992759796
4.5217924173707e-06,0.00447387080292758,0.99196303871191,0.00356309048516246,0.00356309048516248,0.000910780317765119,0.999999927609134
4.64873370802026e-06,0.00435032853375622,0.992184542663247,0.00346512880299714,0.00346512880299715,0.000885199730759081,0.999999927619991
4.7792386499356e-06,0.00423023526392448,0.992399886170797,0.00336987856527888,0.00336987856527885,0.000860356698645607,0.999999927630542
4.91340728629636e-06,0.00411349263651972,0.99260924364148,0.00327726372200073,0.00327726372200077,0.000836228914518987,0.999999927640794
5.05134246881677e-06,0.004000005214467,0.992812784373641,0.00318721041189251,0.00318721041189249,0.00081279480257449,0.999999927650757
5.19314993659021e-06,0.00388968038744076,0.993010672716257,0.00309964689630212,0.00309964689630215,0.000790033491138637,0.99999992766044
5.33893839714736e-06,0.00378242828210055,0.993203068222649,0.00301450349525079,0.00301450349525075,0.00076792478684976,0.99999992766985
5.48881960978968e-06,0.00367816167551285,0.993390125798906,0.00293171252558073,0.00293171252558076,0.000746449149932121,0.999999927678995
5.64290847126254e-06,0.00357679591162734,0.993571995847255,0.00285120824111745,0.00285120824111746,0.000725587670509889,0.999999927687882
5.80132310383338e-06,0.00347824882068274,0.993748824404545,0.00277292677477233,0.00277292677477233,0.000705322045910411,0.999999927696521
5.96418494584246e-06,0.00338244064142304,0.993920753276063,0.00269680608251414,0.00269680608251419,0.000685634558908898,0.999999927704916
6.13161884479577e-06,0.00328929394601099,0.994087920164847,0.00262278588914163,0.00262278588914163,0.000666508056869361,0.999999927713076
6.30375315307127e-06,0.00319873356753082,0.994250458796677,0.00255080763579177,0.00255080763579179,0.000647925931739055,0.999999927721008
6.48071982631197e-06,0.00311068652997733,0.994408499040901,0.00248081442912131,0.00248081442912133,0.000629872100856027,0.999999927728717
6.66265452458115e-06,0.00302508198063351,0.994562167027265,0.00241275099210197,0.00241275099210197,0.000612330988531545,0.99999992773621
6.84969671635745e-06,0.00294185112474287,0.994711585258885,0.00234656361637167,0.00234656361637165,0.000595287508371209,0.999999927743494
7.0419897854493e-06,0.00286092716238765,0.994856872721525,0.00228220011608713,0.00228220011608711,0.000578727046300524,0.999999927750574
7.23968114091088e-06,0.00278224522748748,0.994998144989288,0.00221960978322503,0.00221960978322501,0.000562635444262451,0.999999927757456
7.44292233004376e-06,0.00270574232883738,0.995135514326882,0.00215874334428114,0.0021587433442811,0.000546998984556233,0.999999927764145
7.65186915457082e-06,0.00263135729310746,0.995269089788573,0.00209955291831911,0.00209955291831911,0.000531804374788347,0.999999927770649
7.86668179007157e-06,0.00255903070973007,0.995398977313948,0.00204199197632211,0.00204199197632215,0.000517038733407961,0.99999992777697
8.08752490877046e-06,0.00248870487760354,0.995525279820594,0.00198601530180284,0.00198601530180288,0.000502689575800694,0.999999927783116
8.31456780577206e-06,0.00242032375354473,0.995648097293826,0.00193157895262889,0.00193157895262885,0.000488744800915846,0.99999992778909
8.54798452884042e-06,0.00235383290242556,0.995767526873552,0.0018786402240221,0.00187864022402214,0.000475192678403466,0.999999927794898
8.78795401182133e-06,0.00228917944893143,0.995883662938376,0.00182715761269253,0.00182715761269252,0.000462021836238904,0.999999927800543
9.03466021181053e-06,0.00222631203088214,0.995996597187049,0.00177709078206861,0.00177709078206861,0.000449221248813537,0.999999927806033
9.2882922501725e-06,0.00216518075405854,0.996106418717354,0.00172840052858706,0.00172840052858706,0.000436780225471484,0.999999927811368
9.54904455751808e-06,0.00210573714848034,0.996213214102512,0.00168104874900725,0.00168104874900726,0.000424688399473091,0.999999927816556
9.81711702275218e-06,0.00204793412608293,0.996317067465201,0.00163499840871601,0.00163499840871597,0.000412935717366921,0.9999999278216
1.00927151463057e-05,0.00199172593974328,0.996418060549266,0.00159021351099039,0.00159021351099043,0.000401512428752894,0.999999927826503
1.03760501976691e-05,0.00193706814360683,0.996516272789206,0.00154665906718678,0.00154665906718677,0.000390409076420048,0.999999927831271
1.06673393773486e-05,0.00188391755466949,0.996611781377504,0.00150430106782629,0.00150430106782634,0.000379616486843201,0.999999927835905
1.09668059833687e-05,0.00183223221557069,0.996704661329882,0.00146310645454714,0.00146310645454719,0.000369125761023549,0.999999927840412
1.12746795824495e-05,0.00178197135855496,0.996794985548549,0.00142304309289601,0.00142304309289598,0.000358928265658951,0.999999927844793
1.15911961859889e-05,0.00173309537056163,0.996882824883507,0.0013840797459313,0.00138407974593127,0.000349015624630329,0.999999927849053
1.19165984309856e-05,0.00168556575940354,0.996968248191984,0.0013461860486123,0.00134618604861231,0.000339379710791239,0.999999927853194
1.22511357660412e-05,0.00163934512099726,0.997051322396054,0.00130933248294896,0.00130933248294897,0.000330012638048301,0.999999927857221
1.25950646425836e-05,0.00159439710760895,0.997132112538503,0.00127349035388823,0.00127349035388818,0.000320906753720724,0.999999927861136
1.2948648711459e-05,0.00155068639708112,0.997210681837005,0.00123863176591339,0.00123863176591343,0.000312054631167728,0.999999927864942
1.33121590250431e-05,0.00150817866300721,0.997287091736659,0.00120472960033405,0.00120472960033405,0.000303449062673158,0.999999927868643
1.36858742450252e-05,0.0014668405458219,0.997361401960933,0.0011717574932448,0.00117175749324484,0.0002950830525771,0.999999927872242
1.40700808560269e-05,0.00142663962477654,0.997433670561092,0.00113968981413178,0.0011396898141318,0.000286949810644756,0.999999927875741
1.44650733852165e-05,0.00138754439076994,0.997503953964123,0.00110850164510667,0.00110850164510667,0.000279042745663274,0.999999927879143
1.48711546280895e-05,0.00134952422000635,0.997572307019245,0.0010781687607487,0.00107816876074872,0.000271355459257654,0.999999927882451
1.52886358805873e-05,0.00131254934845295,0.997638783043011,0.0010486676085357,0.0010486676085357,0.000263881739917252,0.999999927885667
1.57178371777316e-05,0.00127659084707078,0.997703433863083,0.00101997528984602,0.00101997528984597,0.000256615557224764,0.999999927888794
1.61590875389592e-05,0.00124162059779349,0.997766309860693,0.000992069541513546,0.00099206954151359,0.000249551056279941,0.999999927891835
1.66127252203429e-05,0.00120761127022962,0.997827460011851,0.000964928717918991,0.000964928717918971,0.000242682552310629,0.999999927894791
1.70790979738943e-05,0.00117453629906487,0.997886931927334,0.000938531773600833,0.000938531773600883,0.000236004525464042,0.999999927897666
1.75585633141447e-05,0.00114236986214157,0.997944771891488,0.000912858246370088,0.000912858246370097,0.000229511615771479,0.999999927900461
1.80514887922111e-05,0.00111108685919354,0.998001024899893,0.000887888240913526,0.000887888240913512,0.000223198618280009,0.999999927903179
1.85582522775552e-05,0.00108066289121537,0.998055734695914,0.000863602412870468,0.000863602412870494,0.000217060478344906,0.999999927905821
1.90792422476527e-05,0.00105107424044566,0.998108943806186,0.000839981953368784,0.00083998195336881,0.000211092287076873,0.999999927908391
1.96148580857943e-05,0.00102229785094461,0.998160693575049,0.000817008574006225,0.000817008574006176,0.000205289276938381,0.999999927910889
2.01655103872475e-05,0.000994311309747281,0.998211024197989,0.000794664492263631,0.000794664492263592,0.00019964681748365,0.999999927913318
2.07316212740123e-05,0.000967092828574062,0.998259974754089,0.000772932417337018,0.000772932417337041,0.000194160411237044,0.99999992791568
2.13136247184144e-05,0.000940621226080828,0.998307583237543,0.000751795536375959,0.000751795536375967,0.000188825689704869,0.999999927917977
2.19119668757815e-05,0.000914875910631881,0.998353886588252,0.000731237501116111,0.000731237501116148,0.00018363840951577,0.99999992792021
2.25271064264598e-05,0.000889836863579203,0.998398920721527,0.000711242414894085,0.000711242414894102,0.000178594448685118,0.999999927922381
2.31595149274315e-05,0.000865484623032246,0.998442720556935,0.000691794820033284,0.000691794820033249,0.000173689802998962,0.999999927924492
2.38096771738036e-05,0.000841800268102952,0.998485320046307,0.000672879685589648,0.000672879685589636,0.000168920582513305,0.999999927926544
2.44780915704444e-05,0.000818765403611286,0.998526752200942,0.000654482395446646,0.0006544823954466,0.00016428300816464,0.99999992792854
2.51652705140539e-05,0.000796362145237001,0.998567049118014,0.00063658873674917,0.000636588736749138,0.000159773408487831,0.99999992793048
2.58717407859592e-05,0.000774573105103893,0.99860624200623,0.0006191848886663,0.00061918488866628,0.000155388216437593,0.999999927932366
2.65980439559376e-05,0.000753381377783209,0.998644361210744,0.000602257411473255,0.000602257411473277,0.000151123966309954,0.999999927934201
2.73447367973758e-05,0.000732770526703393,0.998681436237354,0.000585793235943132,0.000585793235943104,0.000146977290760261,0.999999927935984
2.81123917140846e-05,0.000712724570953709,0.998717495776007,0.000569779653039326,0.000569779653039299,0.000142944917914384,0.999999927937717
2.89015971790951e-05,0.000693227972469753,0.99875256772363,0.000554204303899827,0.000554204303899834,0.000139023668569926,0.999999927939403
2.97129581857733e-05,0.000674265623589222,0.998786679206306,0.000539055170104845,0.000539055170104851,0.000135210453484377,0.999999927941042
3.05470967115997e-05,0.000655822834966714,0.998819856600814,0.000524320564219476,0.000524320564219437,0.000131502270747238,0.999999927942635
3.14046521949675e-05,0.000637885323836704,0.99885212555556,0.00050998912060341,0.000509989120603385,0.000127896203233294,0.999999927944184
3.22862820253673e-05,0.000620439202614181,0.998883511010906,0.000496049786479889,0.00049604978647993,0.000124389416134291,0.99999992794569
3.31926620473319e-05,0.000603470967822784,0.998914037218921,0.000482491813256396,0.000482491813256413,0.000120979154566388,0.999999927947153
3.41244870785289e-05,0.000586967489340602,0.99894372776257,0.000469304748089743,0.000469304748089721,0.000117662741250858,0.999999927948576
3.50824714423979e-05,0.000570915999954119,0.998972605574357,0.000456478425688522,0.000456478425688472,0.000114437574265597,0.99999992794996
3.60673495157403e-05,0.000555304085211108,0.999000692954443,0.000444002960346005,0.000444002960345955,0.000111301124865103,0.999999927951304
3.70798762916817e-05,0.000540119673563539,0.99902801158824,0.000431868738196882,0.000431868738196844,0.000108250935366656,0.999999927952612
3.81208279584389e-05,0.00052535102679188,0.999054582563517,0.000420066409691341,0.000420066409691363,0.000105284617100539,0.999999927953882
3.9191002494334e-05,0.000510986730702449,0.999080426387017,0.000408586882280266,0.000408586882280222,0.000102399848422183,0.999999927955117
4.02912202795135e-05,0.000497015686089711,0.999105563000605,0.000397421313305463,0.000397421313305465,9.95943727842482e-05,0.999999927956317
4.1422324724839e-05,0.000483427099955691,0.999130011796955,0.00038656110308903,0.000386561103089045,9.68659968666609e-05,0.999999927957484
4.25851829184341e-05,0.000470210476978916,0.999153791634805,0.000375997888216158,0.000375997888216195,9.42125887627587e-05,0.999999927958618
4.37806862903817e-05,0.000457355611225553,0.999176920853769,0.000365723535005831,0.000365723535005811,9.1632076219722e-05,0.99999992795972
4.50097512960805e-05,0.000444852578095596,0.99919941728874,0.000355730133164044,0.000355730133164005,8.9122444931552e-05,0.999999927960791
4.62733201187869e-05,0.000432691726497233,0.999221298283889,0.000346009989614318,0.000346009989614263,8.6681736882915e-05,0.999999927961831
4.75723613918789e-05,0.000420863671242697,0.999242580706257,0.000336555622500468,0.000336555622500481,8.43080487422287e-05,0.999999927962843
4.89078709413959e-05,0.000409359285659133,0.999263280958984,0.000327359755356704,0.000327359755356666,8.19995303024284e-05,0.999999927963825
5.02808725494247e-05,0.000398169694408201,0.999283414994152,0.000318415311440298,0.000318415311440279,7.97543829679025e-05,0.99999992796478
5.1692418738916e-05,0.000387286266508346,0.999302998325269,0.000309715408222207,0.000309715408222178,7.75708582861389e-05,0.999999927965708
5.31435915805324e-05,0.00037670060855383,0.999322046039415,0.000301253352031151,0.00030125335203118,7.54472565226787e-05,0.999999927966609
5.46355035221488e-05,0.000366404558124815,0.999340572809028,0.0002930226328468,0.000293022632846747,7.33819252780151e-05,0.999999927967485
5.6169298241638e-05,0.00035639017738297,0.999358592903379,0.00028501691923784,0.00028501691923789,7.13732581451308e-05,0.999999927968335
5.77461515235983e-05,0.000346649746847214,0.999376120199712,0.000277230053440809,0.000277230053440782,6.94196934064048e-05,0.999999927969161
5.93672721606913e-05,0.000337175759344409,0.99939316819408,0.000269656046575742,0.000269656046575729,6.75197127686668e-05,0.999999927969964
6.10339028802862e-05,0.000327960914129937,0.999409750011875,0.00026228907399472,0.000262289073994688,6.56718401352162e-05,0.999999927970743
6.27473212971157e-05,0.000318998111173279,0.999425878418067,0.000255123470759613,0.000255123470759651,6.3874640413666e-05,0.9999999279715
6.4508840892677e-05,0.00031028044560384,0.999441565827151,0.000248153727245332,0.000248153727245336,6.21267183585074e-05,0.999999927972235
6.63198120221268e-05,0.000301801202312423,0.999456824312822,0.000241374484865093,0.000241374484865121,6.04267174473291e-05,0.999999927972948
6.81816229494448e-05,0.000293553850703868,0.999471665617382,0.000234780531914209,0.000234780531914255,5.87733187896596e-05,0.999999927973641
7.00957009116562e-05,0.000285532039596554,0.999486101160874,0.000228366799529116,0.000228366799529116,5.71652400674386e-05,0.999999927974313
7.20635132129306e-05,0.000277729592264524,0.999500142049977,0.000222128357758373,0.000222128357758418,5.56012345061515e-05,0.999999927974966
7.40865683493957e-05,0.000270140501618188,0.999513799086639,0.00021606041174249,0.000216060411742525,5.40800898756976e-05,0.999999927975599
7.61664171655289e-05,0.000262758925519621,0.999527082776481,0.000210158297999533,0.000210158297999544,5.26006275200881e-05,0.999999927976214
7.83046540430118e-05,0.000255579182228641,0.999540003336958,0.000204417480813534,0.000204417480813554,5.11617014151066e-05,0.99999992797681
8.05029181229597e-05,0.000248595745975916,0.999552570705301,0.000198833548722831,0.000198833548722849,4.97621972530844e-05,0.999999927977388
8.27628945624635e-05,0.000241803242659508,0.999564794546235,0.00019340221110553,0.000193402211105567,4.84010315539781e-05,0.999999927977949
8.50863158264058e-05,0.000235196445661336,0.999576684259479,0.000188119294859377,0.000188119294859344,4.70771508019589e-05,0.999999927978494
8.74749630155442e-05,0.000228770271780139,0.999588248987046,0.00018298074117339,0.000182980741173403,4.5789530606749e-05,0.999999927979021
8.99306672318761e-05,0.000222519777277669,0.999599497620334,0.000177982602388701,0.00017798260238871,4.45371748889674e-05,0.999999927979533
9.24553109823358e-05,0.000216440154034861,0.999610438807019,0.000173121038946093,0.000173121038946087,4.33191150887677e-05,0.999999927980028
9.50508296218951e-05,0.000210526725814909,0.999621080957767,0.000168392316417833,0.000168392316417841,4.21344093970766e-05,0.999999927980509
9.771921283718e-05,0.000204774944630195,0.999631432252748,0.000163792802621435,0.000163792802621386,4.09821420087596e-05,0.999999927980974
0.000100462506171734,0.000199180387210141,0.999641500647977,0.000159318964813073,0.000159318964813115,3.98614223970677e-05,0.999999927981425
0.000103282812594103,0.000193738751567155,0.999651293881474,0.000154967366958422,0.0001549673669584,3.87713846087333e-05,0.999999927981861
0.000106182294109938,0.000188445853657876,0.999660819479263,0.000150734667078769,0.000150734667078794,3.77111865791072e-05,0.999999927982284
0.000109163173419361,0.000183297624137052,0.999670084761193,0.000146617614670307,0.000146617614670269,3.66800094667458e-05,0.999999927982693
0.000112227735620851,0.000178290105201432,0.999679096846604,0.000142613048194554,0.000142613048194514,3.56770570068773e-05,0.999999927983089
0.000115378329962966,0.000173419447521144,0.999687862659841,0.000138717892637951,0.00013871789263797,3.47015548831925e-05,0.999999927983471
0.000118617371645248,0.000168681907256104,0.999696388935605,0.00013492915713868,0.0001349291571387,3.37527501174248e-05,0.999999927983841
0.000121947343669674,0.000164073843155058,0.999704682224166,0.000131243932678862,0.000131243932678857,3.28299104761961e-05,0.999999927984199
0.000125370798744092,0.000159591713734934,0.999712748896425,0.000127659389840305,0.000127659389840258,3.19323238946288e-05,0.999999927984544
0.000128890361239089,0.000155232074538277,0.99972059514884,0.000124172776622045,0.000124172776622015,3.1059297916232e-05,0.999999927984878
0.000132508729199795,0.000150991575466542,0.999728227008216,0.000120781416317952,0.000120781416317949,3.02101591485905e-05,0.9999999279852
0.000136228676414165,0.000146866958187152,0.99973565033636,0.000117482705452756,0.000117482705452711,2.9384252734396e-05,0.99999992798551
0.000140053054539322,0.000142855053612229,0.999742870834613,0.000114274111774852,0.000114274111774886,2.85809418373771e-05,0.99999992798581
0.000143984795287601,0.000138952779447024,0.999749894048249,0.000111153172304328,0.000111153172304321,2.77996071426958e-05,0.999999927986098
0.000148026912673951,0.000135157137806065,0.999756725370759,0.000108117491434673,0.000108117491434721,2.70396463713921e-05,0.999999927986376
0.000152182505326439,0.000131465212895154,0.999763370048018,0.000105164739086682,0.000105164739086661,2.6300473808472e-05,0.999999927986643
0.00015645475886161,0.000127874168757366,0.999769833182329,0.000102292648913121,0.000102292648913153,2.55815198442446e-05,0.999999927986901
0.000160846948326536,0.000124381247081264,0.999776119736366,9.94990165527367e-05,9.94990165526939e-05,2.4882230528527e-05,0.999999927987148
0.000165362440709418,0.000120983765069597,0.999782234536998,9.67816979322494e-05,9.6781697932298e-05,2.4202067137348e-05,0.999999927987385
0.000170004697520672,0.000117679113366797,0.999788182279018,9.4138607615007e-05,9.41386076149799e-05,2.35405057517904e-05,0.999999927987612
0.000174777277446468,0.000114464754043626,0.999793967528761,9.15677171950017e-05,9.1567717195e-05,2.28970368486247e-05,0.99999992798783
0.000179683839076772,0.0001113382186374,0.999799594727628,8.90670537350043e-05,8.9067053735017e-05,2.22711649023958e-05,0.999999927988039
0.000184728143709964,0.000108297106246227,0.999805068195506,8.66346982475912e-05,8.66346982475867e-05,2.16624079986363e-05,0.999999927988239
0.000189914058236194,0.00010533908167577,0.999810392134106,8.42687842178838e-05,8.42687842178447e-05,2.10702974578866e-05,0.999999927988429
0.000195245558101686,0.00010246187363706,0.999815570630196,8.1967496166844e-05,8.19674961668361e-05,2.04943774702156e-05,0.999999927988611
0.000200726730356257,9.96632729939527e-05,0.999820607658752,7.97290682540125e-05,7.97290682540221e-05,1.99342047399402e-05,0.999999927988784
0.000206361776786386,9.69411310588519e-05,0.999825507086023,7.7551782918596e-05,7.7551782918568e-05,1.93893481402559e-05,0.999999927988948
0.000212155017136245,9.42933579353443e-05,0.999830272672507,7.54339695578495e-05,7.54339695578633e-05,1.88593883774948e-05,0.999999927989103
0.000218110892419152,9.17179209064594e-05,0.999834908075852,7.33740032417222e-05,7.33740032416936e-05,1.83439176647373e-05,0.999999927989251
0.000224233968321985,8.92128428672829e-05,0.99983941685367,7.13703034627696e-05,7.13703034627682e-05,1.78425394045133e-05,0.99999992798939
0.000230528938705171,8.67762008006938e-05,0.999843802466279,6.94213329203592e-05,6.94213329203981e-05,1.73548678803346e-05,0.999999927989521
0.000237000629200933,8.44061242950307e-05,0.999848068279367,6.7525596338223e-05,6.75255963381831e-05,1.68805279568077e-05,0.999999927989644
0.000243654000912547,8.21007941025268e-05,0.999852217566583,6.56816393144418e-05,6.56816393144274e-05,1.6419154788085e-05,0.999999927989759
0.00025049415421745,7.98584407373822e-05,0.99985625351206,6.38880472029639e-05,6.38880472029727e-05,1.59703935344183e-05,0.999999927989866
0.00025752633267712,7.76773431123794e-05,0.999860179212862,6.21434440257935e-05,6.21434440257657e-05,1.55338990865859e-05,0.999999927989966
0.000264755927056707,7.55558272129728e-05,0.999863997681372,6.04464914150019e-05,6.04464914150084e-05,1.51093357979709e-05,0.999999927990057
0.000272188479457518,7.3492264807818e-05,0.999867711847608,5.8795887583743e-05,5.87958875837063e-05,1.4696377224075e-05,0.999999927990141
0.000279829687565512,7.14850721947302e-05,0.99987132456148,5.71903663254722e-05,5.71903663255125e-05,1.4294705869258e-05,0.999999927990218
0.000287685409019059,6.95327089810961e-05,0.999874838594978,5.56286960405955e-05,5.5628696040627e-05,1.39040129405007e-05,0.999999927990287
0.000295761665899326,6.76336768977848e-05,0.999878256644312,5.41096787897928e-05,5.41096787898132e-05,1.3523998107992e-05,0.999999927990348
0.000304064649346707,6.57865186456326e-05,0.999881581331981,5.26321493732825e-05,5.26321493732389e-05,1.31543692723501e-05,0.999999927990402
0.00031260072430687,6.39898167736025e-05,0.999884815208791,5.11949744353131e-05,5.11949744352641e-05,1.27948423382894e-05,0.999999927990449
0.000321376434410028,6.22421925877448e-05,0.999887960755819,4.97970515931899e-05,4.97970515931612e-05,1.24451409945549e-05,0.999999927990489
0.000330398506987186,6.05423050901067e-05,0.99989102038632,4.84373085901611e-05,4.84373085901756e-05,1.21049964999456e-05,0.999999927990521
0.000339673858227221,5.88888499467674e-05,0.999893996447582,4.71147024715088e-05,4.71147024715315e-05,1.17741474752586e-05,0.999999927990545
0.000349209598478727,5.72805584841918e-05,0.999896891222733,4.58282187832061e-05,4.58282187831882e-05,1.14523397009857e-05,0.999999927990563
0.000359013037700707,5.57161967131253e-05,0.999899706932494,4.45768707925212e-05,4.45768707925714e-05,1.11393259206042e-05,0.999999927990574
0.000369091691066277,5.41945643792686e-05,0.999902445736891,4.33596987299658e-05,4.33596987299322e-05,1.08348656493028e-05,0.999999927990577
0.000379453284723694,5.27144940399942e-05,0.999905109736908,4.21757690520011e-05,4.2175769051957e-05,1.05387249879931e-05,0.999999927990573
0.000390105761719099,5.12748501663891e-05,0.99990770097611,4.10241737239321e-05,4.10241737239074e-05,1.0250676442457e-05,0.999999927990561
0.00040105728808555,4.98745282699224e-05,0.999910221442208,3.99040295224348e-05,3.99040295224302e-05,9.97049874748762e-06,0.999999927990543
0.000412316259102975,4.8512454053064e-05,0.99991267306859,3.88144773571791e-05,3.88144773571614e-05,9.69797669588487e-06,0.999999927990517
0.000423891305733878,4.7187582583191e-05,0.999915057735806,3.77546816110219e-05,3.77546816110079e-05,9.43290097216908e-06,0.999999927990484
0.000435791301239703,4.58988974891437e-05,0.999917377273013,3.67238294982614e-05,3.67238294983032e-05,9.17506799088227e-06,0.999999927990444
0.000448025367982949,4.46454101798056e-05,0.99991963345938,3.57211304404569e-05,3.57211304404636e-05,8.92427973934867e-06,0.999999927990396
0.00046060288442024,4.34261590841028e-05,0.999921828025457,3.47458154593322e-05,3.47458154593034e-05,8.68034362477062e-06,0.999999927990341
0.000473533492291712,4.22402089118332e-05,0.999923962654502,3.3797136586294e-05,3.37971365862702e-05,8.44307232553914e-06,0.999999927990278
0.000486827104012228,4.10866499347522e-05,0.999926038983777,3.28743662881102e-05,3.287436628806e-05,8.21228364664201e-06,0.999999927990208
0.000500493910270095,3.9964597287358e-05,0.999928058605804,3.19767969083027e-05,3.19767969082824e-05,7.98780037905524e-06,0.999999927990131
0.000514544387839092,3.88731902868355e-05,0.999930023069589,3.11037401238278e-05,3.11037401238291e-05,7.76945016300767e-06,0.999999927990046
