1e-09,0.952378703518926,0.00704184107802129,0.0405794554030529,0.0405794554030529,0.911799248115873,0.99999999900005
1.02807322383086e-09,0.952378640378374,0.00704185310505232,0.0405795065165731,0.0405795065165732,0.911799133861801,0.999999998971978
1.05693455355799e-09,0.952378575464823,0.00704186546981233,0.0405795590653643,0.0405795590653643,0.911799016399459,0.999999998943118
1.0866061138546e-09,0.952378508728474,0.00704187818178765,0.0405796130897388,0.0405796130897388,0.911798895638735,0.999999998913448
1.11711065050482e-09,0.952378440118126,0.00704189125073125,0.0405796686311423,0.0405796686311423,0.911798771486984,0.999999998882945
1.14847154784029e-09,0.952378369581145,0.0070419046866702,0.0405797257321847,0.0405797257321847,0.91179864384896,0.999999998851585
1.18071284666619e-09,0.952378297063413,0.00704191849991338,0.0405797844366737,0.0405797844366736,0.911798512626739,0.999999998819345
1.21385926269063e-09,0.952378222509292,0.00704193270105944,0.0405798447896481,0.040579844789648,0.911798377719644,0.999999998786201
1.24793620547131e-09,0.952378145861583,0.00704194730100494,0.0405799068374123,0.0405799068374124,0.91179823902417,0.999999998752126
1.28296979789415e-09,0.952378067061475,0.00704196231095273,0.0405799706275725,0.0405799706275725,0.911798096433902,0.999999998717094
1.31898689619867e-09,0.952377986048507,0.00704197774242055,0.0405800362090725,0.0405800362090726,0.911797949839434,0.999999998681079
1.35601511056563e-09,0.952377902760518,0.00704199360724995,0.0405801036322321,0.0405801036322321,0.911797799128286,0.999999998644052
1.39408282628258e-09,0.952377817133599,0.00704200991761536,0.0405801729487854,0.0405801729487855,0.911797644184814,0.999999998605986
1.43321922550358e-09,0.952377729102046,0.00704202668603348,0.0405802442119207,0.0405802442119206,0.911797484890125,0.999999998566852
1.47345430961984e-09,0.952377638598306,0.00704204392537289,0.0405803174763213,0.0405803174763214,0.911797321121984,0.999999998526619
1.51481892225835e-09,0.952377545552928,0.007042061648864,0.0405803927982081,0.0405803927982081,0.91179715275472,0.999999998485256
1.55734477292614e-09,0.952377449894509,0.00704207987010921,0.0405804702353822,0.0405804702353822,0.911796979659126,0.999999998442732
1.60106446131832e-09,0.952377351549637,0.00704209860309339,0.0405805498472696,0.0405805498472697,0.911796801702367,0.999999998399015
1.64601150230855e-09,0.952377250442838,0.00704211786219465,0.0405806316949675,0.0405806316949674,0.91179661874787,0.99999999835407
1.69222035164104e-09,0.952377146496514,0.00704213766219544,0.0405807158412903,0.0405807158412903,0.911796430655224,0.999999998307864
1.7397264323438e-09,0.952377039630887,0.0070421580182939,0.0405808023508191,0.0405808023508192,0.911796237280068,0.99999999826036
1.78856616188346e-09,0.952376929763934,0.0070421789461156,0.0405808912899506,0.0405808912899506,0.911796038473983,0.999999998211523
1.83877698008233e-09,0.952376816811326,0.00704220046172559,0.0405809827269485,0.0405809827269485,0.911795834084377,0.999999998161314
1.89039737781922e-09,0.952376700686363,0.00704222258164072,0.0405810767319965,0.0405810767319965,0.911795623954366,0.999999998109696
1.94346692653602e-09,0.952376581299906,0.00704224532284248,0.0405811733772515,0.0405811733772514,0.911795407922655,0.999999998056629
1.99802630857255e-09,0.95237645856031,0.00704226870279,0.0405812727369001,0.0405812727369,0.91179518582341,0.999999998002073
2.05411734835306e-09,0.952376332373351,0.00704229273943355,0.0405813748872152,0.0405813748872152,0.911794957486136,0.999999997945985
2.11178304444824e-09,0.952376202642156,0.00704231745122838,0.0405814799066152,0.0405814799066152,0.911794722735541,0.999999997888322
2.17106760253726e-09,0.952376069267127,0.00704234285714899,0.0405815878757239,0.0405815878757239,0.911794481391403,0.99999999782904
2.23201646929523e-09,0.952375932145863,0.00704236897670369,0.0405816988774333,0.0405816988774332,0.91179423326843,0.999999997768094
2.29467636723194e-09,0.952375791173083,0.00704239582994976,0.0405818129969671,0.0405818129969671,0.911793978176116,0.999999997705437
2.35909533050864e-09,0.952375646240544,0.00704242343750883,0.0405819303219466,0.0405819303219467,0.911793715918598,0.999999997641022
2.42532274176036e-09,0.952375497236959,0.00704245182058287,0.0405820509424583,0.0405820509424583,0.911793446294501,0.999999997574798
2.49340936995188e-09,0.952375344047906,0.00704248100097054,0.0405821749511232,0.0405821749511233,0.911793169096783,0.999999997506715
2.56340740929651e-09,0.952375186555747,0.007042511001084,0.0405823024431687,0.0405823024431686,0.911792884112579,0.99999999743672
2.63537051926739e-09,0.952375024639532,0.00704254184396628,0.0405824335165017,0.0405824335165017,0.91179259112303,0.99999999736476
2.70935386573205e-09,0.952374858174907,0.00704257355330901,0.0405825682717844,0.0405825682717844,0.911792289903122,0.99999999729078
2.78541416324176e-09,0.952374687034017,0.0070426061534708,0.040582706812512,0.0405827068125121,0.911791980221505,0.999999997214724
2.86360971850811e-09,0.952374511085412,0.00704263966949601,0.0405828492450924,0.0405828492450924,0.911791661840319,0.999999997136532
2.94400047510004e-09,0.952374330193937,0.00704267412713418,0.040582995678929,0.040582995678929,0.911791334515008,0.999999997056145
3.0266480593957e-09,0.952374144220636,0.00704270955285985,0.0405831462265044,0.0405831462265044,0.911790997994131,0.999999996973502
3.11161582782436e-09,0.952373953022639,0.00704274597389315,0.0405833010034681,0.0405833010034681,0.911790652019171,0.999999996888538
3.19896891543454e-09,0.952373756453054,0.00704278341822075,0.0405834601287254,0.0405834601287254,0.911790296324328,0.99999999680119
3.28877428582551e-09,0.952373554360853,0.0070428219146176,0.0405836237245296,0.0405836237245296,0.911789930636323,0.999999996711389
3.38110078248068e-09,0.952373346590754,0.00704286149266919,0.0405837919165764,0.0405837919165764,0.911789554674178,0.999999996619067
3.47601918154197e-09,0.952373132983105,0.00704290218279443,0.0405839648341011,0.040583964834101,0.911789168149003,0.999999996524153
3.57360224606578e-09,0.952372913373752,0.00704294401626923,0.0405841426099788,0.0405841426099788,0.911788770763773,0.999999996426575
3.67392478180208e-09,0.952372687593922,0.00704298702525074,0.0405843253808271,0.0405843253808271,0.911788362213095,0.999999996326257
3.77706369453937e-09,0.952372455470086,0.00704303124280226,0.040584513287112,0.0405845132871121,0.911787942182974,0.999999996223124
3.88309804905961e-09,0.952372216823825,0.00704307670291889,0.0405847064732564,0.0405847064732563,0.911787510350568,0.999999996117094
3.99210912974805e-09,0.952371971471694,0.00704312344055386,0.0405849050877522,0.0405849050877521,0.911787066383942,0.999999996008089
4.10418050290471e-09,0.952371719225079,0.00704317149164569,0.0405851092832752,0.0405851092832752,0.911786609941804,0.999999995896023
4.21939808080502e-09,0.95237145989005,0.00704322089314603,0.0405853192168038,0.0405853192168039,0.911786140673246,0.999999995780811
4.33785018755898e-09,0.952371193267212,0.00704327168304839,0.0405855350497401,0.0405855350497401,0.911785658217471,0.999999995662365
4.45962762681909e-09,0.952370919151547,0.00704332390041762,0.0405857569480358,0.0405857569480357,0.911785162203511,0.999999995540593
4.58482375138911e-09,0.95237063733226,0.00704337758542024,0.0405859850823201,0.04058598508232,0.91178465224994,0.999999995415404
4.71353453478692e-09,0.952370347592611,0.00704343277935571,0.0405862196280329,0.0405862196280329,0.911784127964579,0.999999995286699
4.8458586448165e-09,0.952370049709751,0.00704348952468847,0.0405864607655606,0.0405864607655606,0.91178358894419,0.999999995154382
4.98189751920517e-09,0.952369743454543,0.00704354786508102,0.0405867086803763,0.0405867086803764,0.911783034774166,0.99999999501835
5.12175544336424e-09,0.952369428591388,0.00704360784542784,0.0405869635631838,0.0405869635631837,0.911782465028205,0.999999994878499
5.26553963033276e-09,0.952369104878044,0.0070436695118904,0.0405872256100657,0.0405872256100657,0.911781879267978,0.999999994734722
5.41336030296538e-09,0.952368772065431,0.00704373291193304,0.0405874950226364,0.0405874950226364,0.911781277042794,0.999999994586908
5.56533077842764e-09,0.952368429897442,0.00704379809435998,0.0405877720081983,0.0405877720081983,0.911780657889243,0.999999994434945
5.72156755506324e-09,0.952368078110743,0.00704386510935335,0.0405880567799032,0.0405880567799032,0.91178002133084,0.999999994278716
5.88219040169997e-09,0.952367716434569,0.00704393400851231,0.0405883495569187,0.0405883495569186,0.91177936687765,0.999999994118101
6.04732244946265e-09,0.952367344590509,0.00704400484489333,0.0405886505645981,0.040588650564598,0.91177869402591,0.999999993952977
6.21709028616383e-09,0.952366962292292,0.00704407767305158,0.0405889600346568,0.0405889600346568,0.911778002257635,0.999999993783218
6.39162405334401e-09,0.952366569245564,0.00704415254908351,0.0405892782053522,0.0405892782053522,0.911777291040212,0.999999993608693
6.57105754603627e-09,0.952366165147659,0.00704422953067073,0.04058960532167,0.0405896053216699,0.911776559825989,0.999999993429268
6.75552831533164e-09,0.95236574968736,0.00704430867712505,0.040589941635515,0.040589941635515,0.911775808051845,0.999999993244807
6.94517777382369e-09,0.952365322544657,0.00704439004943489,0.040590287405908,0.040590287405908,0.911775035138749,0.999999993055167
7.14015130401339e-09,0.952364883390499,0.00704447371031303,0.0405906428991878,0.0405906428991879,0.911774240491311,0.999999992860203
7.3405983697572e-09,0.952364431886535,0.00704455972424565,0.0405910083892196,0.0405910083892196,0.911773423497315,0.999999992659766
7.5466726308439e-09,0.952363967684848,0.00704464815754293,0.0405913841576089,0.0405913841576089,0.911772583527239,0.999999992453702
7.75853206078784e-09,0.952363490427687,0.00704473907839098,0.0405917704939217,0.0405917704939216,0.911771719933766,0.999999992241853
7.97633906792928e-09,0.952362999747183,0.00704483255690534,0.0405921676959114,0.0405921676959113,0.911770832051272,0.999999992024057
8.20026061993413e-09,0.952362495265062,0.00704492866518603,0.0405925760697519,0.040592576069752,0.91176991919531,0.999999991800147
8.43046837178897e-09,0.952361976592349,0.00704502747737419,0.0405929959302772,0.0405929959302772,0.911768980662071,0.99999999156995
8.66713879738922e-09,0.952361443329061,0.0070451290697103,0.0405934276012288,0.0405934276012287,0.911768015727832,0.999999991333291
8.9104533248215e-09,0.952360895063897,0.0070452335205942,0.040593871415509,0.040593871415509,0.911767023648388,0.999999991089989
9.16059847544369e-09,0.95236033137391,0.0070453409106468,0.0405943277154428,0.0405943277154428,0.911766003658468,0.999999990839856
9.41776600686954e-09,0.95235975182418,0.00704545132277353,0.0405947968530467,0.0405947968530467,0.911764954971133,0.999999990582701
9.6821530599671e-09,0.952359155967465,0.00704556484222976,0.0405952791903051,0.0405952791903051,0.91176387677716,0.999999990318327
9.95396230998424e-09,0.952358543343856,0.00704568155668798,0.0405957750994557,0.0405957750994557,0.911762768244401,0.999999990046532
1.02334021219164e-08,0.952357913480411,0.00704580155630711,0.0405962849632816,0.0405962849632816,0.91176162851713,0.999999989767106
1.05206867102362e-08,0.952357265890783,0.00704592493380366,0.0405968091754138,0.0405968091754139,0.911760456715369,0.999999989479836
1.08160363031071e-08,0.952356600074834,0.00704605178452507,0.0405973481406409,0.0405973481406409,0.911759251934193,0.9999999891845
1.1119677311207e-08,0.952355915518246,0.00704618220652523,0.0405979022752289,0.040597902275229,0.911758013243017,0.999999988880875
1.14318425012915e-08,0.952355211692109,0.00704631630064209,0.0405984720072494,0.0405984720072493,0.911756739684859,0.999999988568725
1.17527711746295e-08,0.952354488052504,0.00704645417057764,0.0405990577769184,0.0405990577769183,0.911755430275586,0.999999988247812
1.20827093504478e-08,0.952353744040075,0.00704659592298026,0.0405996600369443,0.0405996600369444,0.911754084003131,0.99999998791789
1.24219099545262e-08,0.952352979079584,0.00704674166752936,0.0406002792528862,0.0406002792528862,0.911752699826698,0.999999987578707
1.27706330130864e-08,0.952352192579454,0.00704689151702268,0.0406009159035229,0.040600915903523,0.911751276675931,0.999999987230001
1.31291458521247e-08,0.952351383931301,0.00704704558746603,0.0406015704812326,0.0406015704812326,0.911749813450069,0.999999986871506
1.34977233023394e-08,0.952350552509451,0.00704720399816576,0.0406022434923837,0.0406022434923837,0.911748309017067,0.999999986502947
1.38766479098131e-08,0.952349697670439,0.00704736687182392,0.0406029354577371,0.0406029354577371,0.911746762212702,0.999999986124041
1.42662101526074e-08,0.952348818752503,0.00704753433463625,0.0406036469128608,0.0406036469128608,0.911745171839642,0.999999985734498
1.46667086634397e-08,0.952347915075051,0.00704770651639307,0.0406043784085558,0.0406043784085558,0.911743536666495,0.99999998533402
1.50784504586105e-08,0.952346985938122,0.00704788355058317,0.0406051305112954,0.0406051305112953,0.911741855426826,0.999999984922299
1.55017511733577e-08,0.952346030621822,0.00704806557450079,0.0406059038036771,0.0406059038036772,0.911740126818145,0.999999984499019
1.59369353038178e-08,0.952345048385756,0.0070482527293558,0.0406066988848882,0.0406066988848881,0.911738349500868,0.999999984063856
1.63843364557798e-08,0.952344038468428,0.0070484451603871,0.0406075163711845,0.0406075163711845,0.911736522097244,0.999999983616478
1.68442976004231e-08,0.952343000086636,0.0070486430169795,0.0406083568963842,0.0406083568963842,0.911734643190252,0.999999983156539
1.73171713372335e-08,0.95234193243484,0.007048846452784,0.0406092211123757,0.0406092211123756,0.911732711322465,0.999999982683689
1.78033201643011e-08,0.952340834684517,0.00704905562584179,0.0406101096896408,0.0406101096896407,0.911730724994877,0.999999982197564
1.83031167562061e-08,0.952339705983494,0.00704927069871183,0.0406110233177936,0.0406110233177936,0.911728682665701,0.999999981697793
1.88169442497056e-08,0.952338545455262,0.00704949183860241,0.0406119627061353,0.0406119627061353,0.911726582749127,0.999999981183991
1.93451965374404e-08,0.952337352198268,0.00704971921750654,0.0406129285842259,0.0406129285842259,0.911724423614042,0.999999980655765
1.98882785698881e-08,0.952336125285186,0.00704995301234154,0.0406139217024726,0.0406139217024726,0.911722203582713,0.99999998011271
2.04466066657912e-08,0.952334863762171,0.0070501934050928,0.0406149428327364,0.0406149428327364,0.911719920929434,0.99999997955441
2.10206088313016e-08,0.952333566648082,0.00705044058296184,0.0406159927689562,0.0406159927689561,0.911717573879126,0.999999978980436
2.16107250880838e-08,0.952332232933688,0.007050694738519,0.0406170723277927,0.0406170723277927,0.911715160605896,0.999999978390349
2.22174078106288e-08,0.952330861580848,0.00705095606986062,0.040618182349291,0.0406181823492909,0.911712679231557,0.999999977783697
2.28411220730383e-08,0.952329451521665,0.00705122478077114,0.0406193236975634,0.0406193236975634,0.911710127824102,0.999999977160014
2.34823460055428e-08,0.952328001657617,0.0070515010808901,0.0406204972614929,0.0406204972614929,0.911707504396124,0.999999976518821
2.41415711610302e-08,0.952326510858657,0.00705178518588419,0.0406217039554585,0.0406217039554585,0.911704806903199,0.999999975859629
2.48193028918626e-08,0.952324977962294,0.00705207731762472,0.0406229447200816,0.0406229447200817,0.911702033242212,0.999999975181931
2.55160607372719e-08,0.952323401772633,0.0070523777043704,0.0406242205229964,0.0406242205229964,0.911699181249637,0.999999974485208
2.62323788216312e-08,0.952321781059401,0.00705268658095588,0.0406255323596427,0.0406255323596427,0.911696248699759,0.999999973768926
2.69688062639069e-08,0.95232011455693,0.00705300418898602,0.0406268812540839,0.040626881254084,0.911693233302846,0.999999973032535
2.77259075986048e-08,0.952318400963114,0.00705333077703623,0.0406282682598494,0.0406282682598493,0.911690132703265,0.999999972275472
2.85042632085343e-08,0.952316638938338,0.00705366660085901,0.0406296944608034,0.0406296944608033,0.911686944477534,0.999999971497155
2.93044697697214e-08,0.952314827104363,0.00705401192359695,0.0406311609720405,0.0406311609720406,0.911683666132322,0.999999970696989
3.01271407088116e-08,0.952312964043189,0.00705436701600235,0.0406326689408084,0.0406326689408084,0.911680295102381,0.999999969874358
3.09729066733141e-08,0.952311048295876,0.00705473215666373,0.0406342195474602,0.0406342195474602,0.911676828748416,0.999999969028635
3.18424160150466e-08,0.952309078361325,0.00705510763223942,0.0406358140064352,0.0406358140064352,0.91167326435489,0.999999968159169
3.27363352871525e-08,0.95230705269503,0.00705549373769858,0.0406374535672713,0.0406374535672712,0.911669599127759,0.999999967265294
3.36553497550709e-08,0.952304969707782,0.00705589077656972,0.0406391395156482,0.0406391395156481,0.911665830192134,0.999999966346326
3.46001639218511e-08,0.952302827764339,0.0070562990611972,0.0406408731744639,0.0406408731744639,0.911661954589875,0.999999965401559
3.55715020682138e-08,0.95230062518205,0.00705671891300579,0.0406426559049445,0.0406426559049445,0.911657969277105,0.999999964430269
3.65701088077749e-08,0.952298360229437,0.00705715066277372,0.0406444891077893,0.0406444891077894,0.911653871121648,0.999999963431713
3.75967496578547e-08,0.952296031124733,0.00705759465091441,0.0406463742243523,0.0406463742243524,0.911649656900381,0.999999962405123
3.86522116263126e-08,0.952293636034372,0.00705805122776728,0.0406483127378603,0.0406483127378603,0.911645323296512,0.999999961349714
3.97373038148561e-08,0.952291173071431,0.00705852075389787,0.0406503061746709,0.0406503061746708,0.91164086689676,0.999999960264676
4.08528580392857e-08,0.952288640294023,0.00705900360040768,0.0406523561055696,0.0406523561055696,0.911636284188453,0.999999959149178
4.19997294671531e-08,0.952286035703637,0.00705950014925406,0.0406544641471091,0.0406544641471092,0.911631571556528,0.999999958002364
4.31787972733202e-08,0.952283357243428,0.00706001079358042,0.0406566319629911,0.0406566319629911,0.911626725280437,0.999999956823355
4.43909653139217e-08,0.95228060279645,0.00706053593805733,0.040658861265493,0.040658861265493,0.911621741530957,0.999999955611248
4.56371628192476e-08,0.952277770183825,0.0070610759992347,0.0406611538169405,0.0406611538169406,0.911616616366884,0.999999954365113
4.6918345106078e-08,0.952274857162866,0.00706163140590557,0.0406635114312281,0.040663511431228,0.911611345731638,0.999999953083995
4.82354943100147e-08,0.952271861425129,0.0070622025994819,0.0406659359753887,0.0406659359753887,0.911605925449741,0.999999951766912
4.95896201383721e-08,0.952268780594402,0.00706279003438281,0.0406684293712152,0.0406684293712152,0.911600351223187,0.999999950412853
5.09817606442043e-08,0.95226561222463,0.00706339417843572,0.0406709935969346,0.0406709935969346,0.911594618627695,0.999999949020783
5.24129830220606e-08,0.952262353797771,0.00706401551329092,0.0406736306889377,0.0406736306889377,0.911588723108834,0.999999947589632
5.38843844260822e-08,0.952259002721584,0.00706465453485001,0.0406763427435655,0.0406763427435655,0.911582659978019,0.999999946118305
5.5397092811064e-08,0.952255556327336,0.00706531175370876,0.0406791319189553,0.0406791319189552,0.911576424408381,0.999999944605672
5.69522677971282e-08,0.952252011867437,0.00706598769561499,0.040682000436948,0.040682000436948,0.911570011430489,0.999999943050576
5.85511015586724e-08,0.952248366512998,0.00706668290194198,0.0406849505850595,0.0406849505850595,0.911563415927939,0.999999941451822
6.01948197382727e-08,0.952244617351304,0.00706739793017806,0.0406879847185181,0.0406879847185181,0.911556632632786,0.999999939808187
6.18846823862438e-08,0.952240761383197,0.00706813335443292,0.0406911052623704,0.0406911052623704,0.911549656120826,0.999999938118409
6.3621984926575e-08,0.952236795520379,0.00706888976596145,0.0406943147136595,0.0406943147136595,0.91154248080672,0.999999936381194
6.54080591499826e-08,0.952232716582618,0.00706966777370567,0.040697615643676,0.040697615643676,0.911535100938942,0.99999993459521
6.72442742348425e-08,0.952228521294857,0.0070704680048555,0.0407010107002876,0.0407010107002875,0.911527510594569,0.999999932759087
6.91320377967813e-08,0.952224206284224,0.00707129110542915,0.0407045026103468,0.0407045026103469,0.911519703673877,0.999999930871419
7.10727969677341e-08,0.952219768076942,0.00707213774087388,0.0407080941821839,0.0407080941821838,0.911511673894758,0.999999928930758
7.30680395052951e-08,0.952215203095128,0.00707300859668799,0.0407117883081843,0.0407117883081843,0.911503414786943,0.999999926935616
7.51192949332097e-08,0.952210507653477,0.00707390437906494,0.0407155879674578,0.0407155879674579,0.911494919686019,0.999999924884464
7.72281357138864e-08,0.95220567795584,0.00707482581556034,0.0407194962285996,0.0407194962285996,0.91148618172724,0.99999992277573
7.93961784538228e-08,0.952200710091667,0.007075773655783,0.0407235162525496,0.0407235162525496,0.911477193839118,0.999999920607797
8.16250851428724e-08,0.952195600032336,0.00707674867211081,0.040727651295553,0.0407276512955529,0.911467948736783,0.999999918379003
8.39165644283016e-08,0.952190343627342,0.00707775166043274,0.0407319047122253,0.0407319047122253,0.911458438915117,0.999999916087639
8.62723729246145e-08,0.952184936600354,0.00707878344091774,0.0407362799587286,0.0407362799587286,0.911448656641625,0.99999991373195
8.8694316560147e-08,0.952179374545127,0.00707984485881202,0.0407407805960606,0.0407407805960607,0.911438593949067,0.999999911310129
9.11842519614656e-08,0.952173652921271,0.00708093678526571,0.0407454102934636,0.0407454102934637,0.911428242627807,0.99999990882032
9.374408787663e-08,0.952167767049852,0.00708206011819024,0.0407501728319578,0.0407501728319578,0.911417594217894,0.999999906260614
9.63757866384109e-08,0.952161712108849,0.00708321578314777,0.0407550721080029,0.040755072108003,0.911406640000846,0.999999903629049
9.90813656685867e-08,0.95215548312843,0.0070844047342741,0.040760112137296,0.040760112137296,0.911395370991134,0.999999900923607
1.01862899024469e-07,0.952149074986054,0.00708562795523649,0.0407652970587091,0.0407652970587091,0.911383777927345,0.999999898142215
1.04722518988844e-07,0.952142482401398,0.00708688646022802,0.0407706311383741,0.0407706311383742,0.911371851263024,0.999999895282741
1.07662417704549e-07,0.952135699931079,0.00708818129500002,0.040776118773921,0.0407761187739211,0.911359581157158,0.999999892342991
1.10684848854941e-07,0.95212872196319,0.00708951353793445,0.040781764498876,0.040781764498876,0.911346957464314,0.999999889320715
1.13792129391531e-07,0.952121542711615,0.00709088430115786,0.0407875729872268,0.0407875729872268,0.911333969724389,0.999999886213592
1.16986641310131e-07,0.952114156210138,0.0070922947316991,0.040793549058163,0.040793549058163,0.911320607151975,0.999999883019243
1.20270833476851e-07,0.952106556306309,0.00709374601269247,0.0407996976809988,0.0407996976809987,0.91130685862531,0.999999879735218
1.23647223505371e-07,0.952098736655085,0.00709523936462882,0.0408060239802863,0.0408060239802862,0.911292712674799,0.999999876359001
1.27118399686903e-07,0.952090690712214,0.00709677604665653,0.0408125332411294,0.0408125332411294,0.911278157471085,0.999999872888003
1.30687022974335e-07,0.952082411727359,0.00709835735793497,0.0408192309147063,0.0408192309147063,0.911263180812652,0.999999869319562
1.34355829022083e-07,0.952073892736947,0.00709998463904282,0.0408261226240101,0.0408261226240101,0.911247770112937,0.999999865650944
1.38127630283201e-07,0.952065126556736,0.00710165927344403,0.0408332141698199,0.0408332141698199,0.911231912386916,0.999999861879336
1.42005318165368e-07,0.952056105774075,0.00710338268901408,0.0408405115369109,0.0408405115369108,0.911215594237164,0.999999858001847
1.45991865247398e-07,0.952046822739854,0.00710515635962968,0.0408480209005161,0.0408480209005162,0.911198801839338,0.999999854015505
1.50090327557974e-07,0.952037269560122,0.00710698180682495,0.0408557486330525,0.0408557486330526,0.91118152092707,0.999999849917254
1.54303846918356e-07,0.95202743808736,0.00710886060151741,0.0408637013111231,0.040863701311123,0.911163736776236,0.999999845703951
1.58635653350859e-07,0.952017319911383,0.00711079436580742,0.0408718857228095,0.0408718857228095,0.911145434188574,0.999999841372368
1.63089067554933e-07,0.952006906349876,0.00711278477485473,0.0408803088752697,0.0408803088752696,0.911126597474606,0.999999836919183
1.6766750345277e-07,0.951996188438509,0.00711483355883608,0.0408889780026549,0.0408889780026549,0.911107210435854,0.999999832340984
1.72374470806362e-07,0.951985156920648,0.00711694250498818,0.0408979005743638,0.0408979005743637,0.911087256346284,0.99999982763426
1.77213577908036e-07,0.95197380223661,0.00711911345974048,0.0409070843036492,0.0409070843036493,0.911066717932961,0.999999822795404
1.82188534346517e-07,0.95196211451246,0.00712134833094247,0.0409165371565975,0.0409165371565976,0.911045577355862,0.999999817820705
1.87303153850643e-07,0.951950083548311,0.00712364909019064,0.0409262673614981,0.0409262673614981,0.911023816186813,0.999999812706351
1.9256135721292e-07,0.951937698806114,0.00712601777526039,0.0409362834186256,0.0409362834186257,0.911001415387488,0.999999807448421
1.97967175295133e-07,0.951924949396897,0.00712845649264869,0.0409465941104546,0.0409465941104546,0.910978355286442,0.999999802042884
2.03524752118358e-07,0.951911824067434,0.00713096742023352,0.0409572085123323,0.0409572085123323,0.910954615555102,0.999999796485597
2.09238348039698e-07,0.951898311186311,0.00713355281005663,0.040968136003632,0.040968136003632,0.910930175182679,0.999999790772299
2.15112343018217e-07,0.951884398729349,0.00713621499123654,0.0409793862794147,0.0409793862794148,0.910905012449934,0.999999784898612
2.21151239972549e-07,0.951870074264354,0.0071389563730191,0.0409909693626267,0.0409909693626268,0.910879104901727,0.999999778860031
2.27359668232772e-07,0.951855324935163,0.00714177944797357,0.0410028956168636,0.0410028956168637,0.910852429318299,0.999999772651928
2.33742387089181e-07,0.951840137444926,0.00714468679534256,0.0410151757597312,0.0410151757597312,0.910824961685195,0.999999766269545
2.40304289440697e-07,0.951824498038606,0.00714768108455486,0.0410278208768395,0.0410278208768395,0.910796677161766,0.999999759707987
2.47050405545683e-07,0.951808392484625,0.00715076507891078,0.0410408424364638,0.0410408424364638,0.910767550048162,0.999999752962227
2.53985906878073e-07,0.951791806055636,0.00715394163945023,0.0410542523049139,0.0410542523049139,0.910737553750722,0.999999746027092
2.61116110091746e-07,0.951774723508334,0.00715721372901459,0.0410680627626512,0.0410680627626512,0.910706660745683,0.999999738897266
2.68446481096197e-07,0.951757129062286,0.00716058441651421,0.0410822865211997,0.0410822865211997,0.910674842541086,0.999999731567283
2.75982639246618e-07,0.951739006377689,0.00716405688141402,0.0410969367408974,0.0410969367408974,0.910642069636791,0.999999724031525
2.83730361651621e-07,0.95172033853201,0.00716763441845105,0.0411120270495389,0.041112027049539,0.910608311482471,0.999999716284215
2.91695587601879e-07,0.951701107995436,0.00717132044259827,0.0411275715619661,0.0411275715619661,0.910573536433469,0.999999708319414
2.99884423123102e-07,0.951681296605048,0.00717511849429038,0.041143584900662,0.0411435849006619,0.910537711704386,0.999999700131015
3.08303145656828e-07,0.951660885537657,0.00717903224492854,0.0411600822174144,0.0411600822174144,0.910500803320243,0.999999691712744
3.16958208872612e-07,0.951639855281204,0.00718306550268194,0.0411770792161142,0.0411770792161141,0.91046277606509,0.999999683058145
3.25856247615323e-07,0.95161818560463,0.00718722221860595,0.0411945921767637,0.0411945921767638,0.910423593427867,0.999999674160585
3.35004082991314e-07,0.951595855526131,0.00719150649309754,0.0412126379807711,0.041212637980771,0.91038321754536,0.999999665013243
3.44408727597382e-07,0.951572843279673,0.00719592258271106,0.0412312341376165,0.0412312341376164,0.910341609142056,0.999999655609106
3.54077390896527e-07,0.95154912627966,0.00720047490735841,0.0412503988129813,0.0412503988129813,0.910298727466679,0.999999645940967
3.64017484744614e-07,0.951524681083642,0.00720516805792039,0.0412701508584379,0.0412701508584379,0.910254530225204,0.999999636001413
3.74236629072198e-07,0.951499483352897,0.00721000680429757,0.0412905098428058,0.0412905098428058,0.910208973510091,0.999999625782825
3.84742657725851e-07,0.951473507810778,0.00721499610393186,0.0413114960852903,0.0413114960852903,0.910162011725487,0.99999961527737
3.9554362447347e-07,0.951446728198642,0.00722014111083199,0.0413331306905258,0.0413331306905258,0.910113597508116,0.999999604476995
4.06647809178186e-07,0.951419117229201,0.00722544718513956,0.0413554355856589,0.041355435585659,0.910063681643543,0.999999593373421
4.18063724145576e-07,0.951390646537108,0.00723091990327489,0.0413784335596175,0.0413784335596175,0.91001221297749,0.999999581958135
4.2980012064908e-07,0.951361286626572,0.00723656506870556,0.041402148304722,0.041402148304722,0.90995913832185,0.999999570222387
4.41865995638594e-07,0.951331006815804,0.00724238872338436,0.0414266044608121,0.0414266044608121,0.909904402354991,0.999999558157181
4.54270598637404e-07,0.951299775178019,0.00724839715990714,0.0414518276620739,0.0414518276620739,0.909847947515945,0.999999545753268
4.67023438832733e-07,0.951267558478784,0.00725459693444602,0.0414778445867705,0.0414778445867704,0.909789713892013,0.99999953300114
4.80134292365345e-07,0.951234322109384,0.00726099488051824,0.0415046830100978,0.0415046830100979,0.909729639099286,0.999999519891021
4.93613209823792e-07,0.951200030015938,0.00726759812365631,0.0415323718604054,0.0415323718604054,0.909667658155533,0.999999506412862
5.07470523949047e-07,0.951164644623903,0.00727441409705166,0.0415609412790453,0.0415609412790452,0.909603703344858,0.99999949255633
5.21716857555435e-07,0.951128126757612,0.00728145055825043,0.0415904226841371,0.041590422684137,0.909537704073475,0.999999478310803
5.36363131673925e-07,0.951090435554449,0.0072887156069878,0.0416208488385633,0.0416208488385632,0.909469586715886,0.999999463665363
5.5142057392403e-07,0.951051528373206,0.00729621770425553,0.0416522539225381,0.0416522539225381,0.909399274450668,0.999999448608781
5.66900727120743e-07,0.951011360696163,0.00730396569270679,0.0416846736111304,0.0416846736111304,0.909326687085033,0.999999433129516
5.82815458123084e-07,0.950969886024334,0.00731196881851274,0.0417181451571529,0.0417181451571529,0.909251740867182,0.999999417215702
5.99176966931061e-07,0.950927055765327,0.00732023675479692,0.0417527074798761,0.0417527074798761,0.909174348285451,0.999999400855141
6.15997796038017e-07,0.950882819113145,0.00732877962678645,0.0417884012600684,0.0417884012600683,0.909094417853077,0.99999938403529
6.33290840045511e-07,0.950837122919249,0.00733760803883364,0.0418252690419174,0.0418252690419174,0.909011853877332,0.999999366743257
6.51069355548147e-07,0.950789911554078,0.0073467331034778,0.0418633553424441,0.0418633553424441,0.908926556211634,0.999999348965785
6.69346971295867e-07,0.950741126758177,0.00735616647273541,0.0419027067690872,0.0419027067690873,0.90883841998909,0.999999330689249
6.88137698641567e-07,0.950690707481965,0.00736592037182738,0.0419433721462078,0.0419433721462077,0.908747335335757,0.999999311899638
7.07455942281988e-07,0.95063858971308,0.00737600763557523,0.0419854026513453,0.0419854026513452,0.908653187061734,0.999999292582547
7.27316511300145e-07,0.950584706290125,0.0073864417477244,0.042028851962151,0.0420288519621509,0.908555854327974,0.999999272723171
7.47734630517758e-07,0.950528986701491,0.00739723688348231,0.0420737764150263,0.0420737764150263,0.908455210286465,0.999999252306285
7.68725952166374e-07,0.950471356867793,0.00740840795559263,0.0421202351766144,0.0421202351766145,0.908351121691179,0.999999231316239
7.90306567886135e-07,0.950411738906268,0.00741997066430519,0.0421682904294267,0.0421682904294267,0.908243448476841,0.999999209736943
8.12493021061405e-07,0.950350050875318,0.00743194155164452,0.0422180075730378,0.0422180075730378,0.90813204330228,0.999999187551856
8.35302319502679e-07,0.950286206497113,0.00744433806042957,0.0422694554424578,0.0422694554424579,0.908016751054655,0.999999164743972
8.58751948484518e-07,0.950220114855959,0.00745717859855381,0.0423227065454874,0.0423227065454875,0.907897408310471,0.999999141295806
8.82859884149515e-07,0.950151680069809,0.00747048260909989,0.0423778373210911,0.0423778373210911,0.907773842748718,0.999999117189387
9.07644607288536e-07,0.950080800931982,0.00748427064693768,0.0424349284210804,0.0424349284210804,0.907645872510901,0.999999092406234
9.33125117507824e-07,0.950007370519757,0.00749856446254048,0.0424940650177029,0.0424940650177029,0.907513305502054,0.999999066927351
9.59320947793823e-07,0.949931275766072,0.00751338709385338,0.0425553371400747,0.0425553371400748,0.907375938625997,0.999999040733207
9.86252179486878e-07,0.949852396990041,0.00752876296716284,0.0426188400427965,0.0426188400427966,0.907233556947244,0.999999013803723
1.01393945767529e-06,0.949770607381397,0.00754471800804981,0.042684674610553,0.042684674610553,0.907085932770844,0.999998986118259
1.04240400702156e-06,0.949685772433299,0.00756127976366438,0.0427529478030369,0.0427529478030368,0.906932824630262,0.99999895765559
1.07166764803286e-06,0.949597749317094,0.00757847753774116,0.0428237731451649,0.0428237731451648,0.906773976171929,0.999998928393901
1.10175281378839e-06,0.949506386191724,0.0075963425399877,0.042897271268288,0.042897271268288,0.906609114923436,0.999998898310762
1.13268256713615e-06,0.949411521439311,0.00761490805172796,0.0429735705089606,0.0429735705089607,0.906437950930351,0.999998867383113
1.16448061837269e-06,0.949312982817174,0.00763420960997816,0.043052807572848,0.0430528075728479,0.906260175244326,0.999998835587249
1.19717134341897e-06,0.949210586514965,0.00765428521248151,0.043135128272553,0.0431351282725531,0.906075458242412,0.999998802898797
1.23077980250667e-06,0.94910413610379,0.00767517554664334,0.043220688349567,0.043220688349567,0.905883447754223,0.999998769292701
1.26533175938894e-06,0.948993421361952,0.00769692424580364,0.0433096543922439,0.043309654392244,0.905683766969709,0.999998734743202
1.30085370109057e-06,0.948878216959393,0.00771957817687703,0.0434022048637298,0.0434022048637298,0.905476012095663,0.999998699223819
1.3373728582125e-06,0.948758280979683,0.00774318776410423,0.0434985312562131,0.0434985312562131,0.90525974972347,0.999998662707327
1.37491722580642e-06,0.948633353254675,0.00776780735452189,0.0435988393908031,0.043598839390803,0.905034513863872,0.999998625165735
1.4135155848354e-06,0.948503153482283,0.00779349563180531,0.0437033508859114,0.0437033508859114,0.904799802596372,0.99999858657027
1.4531975242369e-06,0.948367379092231,0.00782031608641751,0.0438123048213511,0.043812304821351,0.90455507427088,0.999998546891349
1.49399346360526e-06,0.94822570281774,0.00784833755156726,0.0439259596306926,0.0439259596306927,0.904299743187047,0.999998506098561
1.5359346765109e-06,0.948077769922616,0.00787763481641463,0.0440445952609693,0.0440445952609693,0.904033174661647,0.999998464160639
1.57905331447418e-06,0.947923195022691,0.00790828933036564,0.0441685156469438,0.0441685156469437,0.903754679375747,0.999998421045441
1.62338243161228e-06,0.947761558427428,0.00794039001529848,0.0442980515572736,0.0442980515572737,0.903463506870154,0.999998376719923
1.66895600997803e-06,0.947592401911045,0.00797403420633688,0.0444335638826185,0.0444335638826184,0.903158838028426,0.999998331150111
1.71580898561001e-06,0.947415223801648,0.00800932874656259,0.0445754474517899,0.0445754474517899,0.902839776349858,0.999998284301082
1.76397727531405e-06,0.947229473250353,0.00804639126715274,0.0447241354824944,0.0447241354824943,0.902505337767858,0.999998236136932
1.8134978041965e-06,0.947034543508276,0.00808535169226197,0.0448801047994619,0.0448801047994618,0.902154438708814,0.999998186620749
1.86440853397049e-06,0.946829763995139,0.00812635401813051,0.045043881986731,0.0450438819867309,0.901785882008408,0.999998135714587
1.91674849205681e-06,0.946614390885559,0.00816955842919687,0.0452160506852439,0.0452160506852439,0.901398340200315,0.999998083379435
1.9705578015018e-06,0.946387595862966,0.00821514383157026,0.0453972603054634,0.0453972603054634,0.900990335557503,0.999998029575189
2.02587771173502e-06,0.946148452589507,0.00826331090769556,0.0455882365027977,0.0455882365027976,0.900560216086709,0.99999797426062
2.08275063019052e-06,0.945895920303313,0.00831428582776692,0.0457897938689198,0.0457897938689199,0.900106126434393,0.999997917393345
2.14122015481573e-06,0.945628823767307,0.00836832479684379,0.0460028514358495,0.0460028514358495,0.899625972331457,0.999997858929792
2.20133110749303e-06,0.945345828534532,0.00842571967680154,0.0462284517886665,0.0462284517886665,0.899117376745865,0.999997798825171
2.26312956839953e-06,0.945045410130834,0.00848680500693303,0.0464677848622332,0.0464677848622332,0.898577625268601,0.999997737033436
2.32666291133146e-06,0.944725815235585,0.00855196686813176,0.0467222178962837,0.0467222178962837,0.898003597339301,0.999997673507252
2.39197984002024e-06,0.944385012185099,0.00862165421191503,0.0469933336029862,0.0469933336029861,0.897391678582113,0.999997608197963
2.45913042546804e-06,0.944020627002359,0.00869639353737336,0.0472829794602672,0.0472829794602672,0.896737647542092,0.999997541055552
2.5281661443315e-06,0.94362985945768,0.00877680819655642,0.0475933323457636,0.0475933323457636,0.896036527111916,0.999997472028606
2.59913991838293e-06,0.94320937102575,0.00886364422709396,0.0479269847471562,0.0479269847471563,0.895282386278594,0.999997401064281
2.67210615507944e-06,0.942755132389272,0.0089578055998836,0.0482870620108447,0.0482870620108447,0.894468070378427,0.999997328108261
2.74712078927081e-06,0.94226221119031,0.00906040340269678,0.0486773854069933,0.0486773854069933,0.893584825783317,0.999997253104724
2.82424132607844e-06,0.941724468849445,0.00917282627694532,0.0491027048736094,0.0491027048736093,0.892621763975836,0.999997175996308
2.90352688497781e-06,0.941134114080406,0.00929684442075093,0.0495690414988431,0.0495690414988431,0.891565072581563,0.999997096724071
2.98503824511873e-06,0.940481020989578,0.00943476885441431,0.0500842101560075,0.0500842101560075,0.890396810833571,0.999997015227468
3.06883789191764e-06,0.939751640535011,0.00958970635534144,0.0506586531096478,0.0506586531096478,0.889092987425363,0.999996931444326
3.15499006495809e-06,0.938927164623188,0.00976599062253417,0.0513068447542782,0.0513068447542782,0.88762031986891,0.999996845310841
3.24356080723581e-06,0.937980203907256,0.00996996472605202,0.0520498313666924,0.0520498313666924,0.885930372540563,0.999996756761603
3.33461801578637e-06,0.936868185235527,0.0102115407084866,0.0529202740559866,0.0529202740559866,0.88394791117954,0.999996665729703
3.42823149373397e-06,0.935518376688042,0.0105077475935692,0.0539738757183884,0.0539738757183883,0.881544500969654,0.999996572147027
3.52447300380159e-06,0.933786247848808,0.0108926286154355,0.0553211235357567,0.0553211235357568,0.878465124313051,0.999996475945173
3.62341632332315e-06,0.931286935929126,0.0114574410602836,0.0572556230105899,0.05725562301059,0.874031312918537,0.999996377059333
