1.63089067554933e-07,0.332432029815614,0.490031191050668,0.177536779133719,0.177536779133719,0.154895250681895,0.999999876073603
1.6766750345277e-07,0.367845490312023,0.446126362848877,0.1860281468391,0.1860281468391,0.181817343472922,0.999999865703147
1.72374470806362e-07,0.392032462088389,0.417293131194182,0.190674406717428,0.190674406717428,0.201358055370961,0.999999857641709
1.77213577908036e-07,0.411843799189527,0.394373415491494,0.193782785318979,0.193782785318979,0.218061013870547,0.999999850348519
1.82188534346517e-07,0.429108095926226,0.374912435968967,0.195979468104807,0.195979468104807,0.233128627821419,0.999999843419765
1.87303153850643e-07,0.444641822450352,0.357809802178848,0.197548375370799,0.1975483753708,0.247093447079553,0.999999836676867
1.9256135721292e-07,0.458894740497132,0.342456975867183,0.198648283635685,0.198648283635685,0.260246456861447,0.999999830021619
1.97967175295133e-07,0.472146321563529,0.328474342923872,0.199379335512598,0.199379335512598,0.272766986050931,0.999999823392571
2.03524752118358e-07,0.484584541321274,0.315605570411364,0.199809888267362,0.199809888267362,0.284774653053913,0.999999816747713
2.09238348039698e-07,0.496343171798817,0.303667528817265,0.199989299383918,0.199989299383918,0.296353872414899,0.99999981005635
2.15112343018217e-07,0.50752152875272,0.292523732717685,0.199954738529595,0.199954738529595,0.307566790223125,0.999999803294849
2.21151239972549e-07,0.518195821703338,0.282069051437069,0.199735126859592,0.199735126859592,0.318460694843746,0.999999796444205
2.27359668232772e-07,0.528426099953115,0.272220337408446,0.19935356263844,0.19935356263844,0.329072537314675,0.999999789488572
2.33742387089181e-07,0.538260720087616,0.262910388937984,0.1988288909744,0.1988288909744,0.339431829113216,0.999999782414325
2.40304289440697e-07,0.547739337898215,0.254083900496041,0.198176761605744,0.198176761605744,0.349562576292471,0.999999775209426
2.47050405545683e-07,0.556894980479475,0.245694653469617,0.197410366050908,0.197410366050908,0.359484614428567,0.999999767863005
2.53985906878073e-07,0.565755522519848,0.237703511393041,0.196540966087111,0.196540966087111,0.369214556432737,0.999999760365049
2.61116110091746e-07,0.574344763914654,0.230076954150852,0.195578281934495,0.195578281934495,0.378766481980159,0.999999752706177
2.68446481096197e-07,0.582683233055923,0.222785983500055,0.194530783444022,0.194530783444022,0.388152449611901,0.999999744877483
2.75982639246618e-07,0.590788796732606,0.215805290691342,0.193405912576052,0.193405912576052,0.397382884156554,0.999999736870403
2.83730361651621e-07,0.598677130767003,0.209112613074038,0.192210256158959,0.192210256158959,0.406466874608045,0.999999728676624
2.91695587601879e-07,0.606362088461184,0.202688229554723,0.190949681984093,0.190949681984093,0.415412406477091,0.999999720288002
2.99884423123102e-07,0.613855992791379,0.196514559802287,0.189629447406334,0.189629447406334,0.424226545385046,0.999999711696505
3.08303145656828e-07,0.621169870844306,0.190575842142994,0.1882542870127,0.1882542870127,0.432915583831605,0.999999702894163
3.16958208872612e-07,0.628313643908004,0.184857871955698,0.186828484136298,0.186828484136298,0.441485159771707,0.999999693873024
3.25856247615323e-07,0.63529628309537,0.17934778715755,0.185355929747081,0.185355929747081,0.449940353348289,0.999999684625124
3.35004082991314e-07,0.642125937877882,0.174033890755486,0.183840171366632,0.183840171366632,0.45828576651125,0.999999675142452
3.44408727597382e-07,0.648810043110245,0.168905502873179,0.182284454016576,0.182284454016576,0.466525589093669,0.999999665416933
3.54077390896527e-07,0.655355408817106,0.163952836438827,0.180691754744067,0.180691754744067,0.474663654073039,0.999999655440398
3.64017484744614e-07,0.661768296046305,0.159166892031341,0.179064811922355,0.179064811922355,0.48270348412395,0.99999964520457
3.74236629072198e-07,0.668054481370769,0.154539368363778,0.177406150265454,0.177406150265454,0.490648331105315,0.999999634701046
3.84742657725851e-07,0.674219312075607,0.150062585624852,0.175718102299541,0.175718102299541,0.498501209776066,0.999999623921277
3.9554362447347e-07,0.6802677536506,0.145729419466167,0.174002826883233,0.174002826883233,0.506264926767366,0.99999961285656
4.06647809178186e-07,0.68620443088764,0.141533243859907,0.172262325252453,0.172262325252453,0.513942105635188,0.999999601498021
4.18063724145576e-07,0.692033663633507,0.137467881391808,0.170498454974685,0.170498454974685,0.521535208658822,0.999999589836601
4.2980012064908e-07,0.697759498053253,0.133527559820967,0.16871294212578,0.16871294212578,0.529046555927473,0.999999577863047
4.41865995638594e-07,0.703385734105537,0.129706873948922,0.166907391945542,0.166907391945542,0.536478342159995,0.999999565567902
4.54270598637404e-07,0.708915949808968,0.126000752008294,0.165083298182738,0.165083298182738,0.543832651626229,0.999999552941488
4.67023438832733e-07,0.714353522780864,0.122404425915819,0.163242051303317,0.163242051303317,0.551111471477547,0.9999995399739
4.80134292365345e-07,0.719701649451355,0.118913404843064,0.161384945705581,0.161384945705581,0.558316703745773,0.999999526654998
4.93613209823792e-07,0.724963362292488,0.115523451646132,0.15951318606138,0.15951318606138,0.565450176231109,0.999999512974388
5.07470523949047e-07,0.730141545350824,0.112230561767325,0.157627892881851,0.157627892881851,0.572513652468973,0.999999498921422
5.21716857555435e-07,0.735238948330462,0.109030944280514,0.155730107389024,0.155730107389024,0.579508840941438,0.99999948448518
5.36363131673925e-07,0.740258199439867,0.105921004800221,0.153820795759913,0.153820795759913,0.586437403679954,0.999999469654465
5.5142057392403e-07,0.745201817188692,0.102897330014254,0.151900852797053,0.151900852797053,0.593300964391639,0.999999454417791
5.66900727120743e-07,0.750072221299044,0.0999566736326823,0.149971105068274,0.149971105068274,0.60010111623077,0.999999438763369
5.82815458123084e-07,0.754871742878447,0.0970959435731406,0.148032313548412,0.148032313548412,0.606839429330035,0.999999422679106
5.99176966931061e-07,0.759602633988591,0.0943121902250149,0.146085175786394,0.146085175786394,0.613517458202197,0.999999406152586
6.15997796038017e-07,0.764267076734229,0.0916025956535556,0.144130327612215,0.144130327612215,0.620136749122014,0.999999389171063
6.33290840045511e-07,0.768867191990279,0.08896446362013,0.142168344389591,0.142168344389591,0.626698847600687,0.999999371721452
6.51069355548147e-07,0.77340504788191,0.0863952103069931,0.140199741811097,0.140199741811097,0.633205306070813,0.999999353790312
6.69346971295867e-07,0.7778826681324,0.0838923556445014,0.138224976223099,0.138224976223099,0.639657691909301,0.999999335363844
6.88137698641567e-07,0.78230204039686,0.0814535151457873,0.136244444457353,0.136244444457353,0.646057595939508,0.999999316427872
7.07455942281988e-07,0.786665124707005,0.0790763921586986,0.134258483134296,0.134258483134296,0.652406641572709,0.999999296967834
7.27316511300145e-07,0.790973862163494,0.0767587704472359,0.13226736738927,0.13226736738927,0.658706494774224,0.999999276968771
7.47734630517758e-07,0.795230184028896,0.0744985070147135,0.130271308956391,0.130271308956391,0.664958875072505,0.999999256415317
7.68725952166374e-07,0.799436021397187,0.0722935250781342,0.128270453524678,0.128270453524678,0.671165567872509,0.999999235291682
7.90306567886135e-07,0.80359331564659,0.0701418070973895,0.12626487725602,0.12626487725602,0.67732843839057,0.99999921358164
8.12493021061405e-07,0.807704029923837,0.0680413877531918,0.124254582322971,0.124254582322971,0.683449447600866,0.999999191268521
8.35302319502679e-07,0.811770161962848,0.0659903467531678,0.122239491283984,0.122239491283984,0.689530670678865,0.999999168335193
8.58751948484518e-07,0.815793758613967,0.0639868013248452,0.120219440061188,0.120219440061188,0.69557431855278,0.999999144764049
8.82859884149515e-07,0.819776932557716,0.062028898225355,0.118194169216929,0.118194169216929,0.701582763340787,0.999999120536994
9.07644607288536e-07,0.823721881808852,0.0601148050575919,0.116163313133556,0.116163313133556,0.707558568675295,0.99999909563543
9.33125117507824e-07,0.827630912795702,0.058242700627049,0.114126386577249,0.114126386577249,0.713504526218452,0.999999070040241
9.59320947793823e-07,0.831506468046052,0.0564107639962544,0.112082767957693,0.112082767957694,0.719423700088359,0.999999043731779
9.86252179486878e-07,0.835351159853691,0.0546171617852316,0.110031678361077,0.110031678361078,0.725319481492613,0.999999016689845
1.01393945767529e-06,0.8391678117837,0.0528600331122845,0.107972155104015,0.107972155104015,0.731195656679685,0.999998988893675
1.04240400702156e-06,0.842959510568915,0.0511374713473678,0.105903018083717,0.105903018083717,0.737056492485198,0.999998960321922
1.07166764803286e-06,0.846729671963864,0.0494475015250204,0.103822826511116,0.103822826511116,0.742906845452748,0.999998930952638
1.10175281378839e-06,0.850482125632877,0.0477880517780713,0.101729822589052,0.101729822589052,0.748752303043824,0.999998900763257
1.13268256713615e-06,0.85422122644964,0.0461569164119059,0.099621857138454,0.099621857138454,0.754599369311186,0.999998869730569
1.16448061837269e-06,0.857952003178829,0.0445517070790049,0.0974962897421657,0.0974962897421657,0.760455713436664,0.999998837830706
1.19717134341897e-06,0.86168036128464,0.0429697866463711,0.0953498520689893,0.0953498520689893,0.76633050921565,0.999998805039117
1.23077980250667e-06,0.86541336619578,0.0414081772446252,0.0931784565595947,0.0931784565595947,0.772234909636185,0.999998771330538
1.26533175938894e-06,0.869159649872766,0.0398634286313713,0.0909769214958625,0.0909769214958626,0.778182728376904,0.999998736678971
1.30085370109057e-06,0.872930013253257,0.0383314233464825,0.0887385634002609,0.088738563400261,0.784191449852996,0.999998701057641
1.3373728582125e-06,0.876738353500284,0.0368070768114177,0.0864545696882986,0.0864545696882986,0.790283783811985,0.999998664438962
1.37491722580642e-06,0.880603158623086,0.0352838535131016,0.0841129878638127,0.0841129878638127,0.796490170759273,0.999998626794478
1.4135155848354e-06,0.884550059426615,0.0337529397282552,0.0816970008451303,0.0816970008451302,0.802853058581484,0.999998588094778
1.4531975242369e-06,0.888616521874236,0.0322017195105331,0.0791817586152307,0.0791817586152307,0.809434763259005,0.99999854830937
1.49399346360526e-06,0.892861377558083,0.0306106724804583,0.0765279499614583,0.0765279499614584,0.816333427596625,0.999998507406428
1.5359346765109e-06,0.897387134744506,0.0289460935265143,0.0736667717289797,0.0736667717289797,0.823720363015526,0.999998465352247
1.57905331447418e-06,0.90240533696664,0.0271387075076139,0.0704559555257465,0.0704559555257465,0.831949381440893,0.999998422109673
1.62338243161228e-06,0.908532976069647,0.0249863781541191,0.0664806457762337,0.0664806457762337,0.842052330293413,0.999998377631077
