1e-09,0.95237512095318,0.0113394784833335,0.0362854005634867,0.0362854005634867,0.916089720389693,0.999999999000129
1.02807322383086e-09,0.952374957199409,0.011339523712118,0.0362855190884732,0.0362855190884732,0.916089438110936,0.999999998972059
1.05693455355799e-09,0.952374788845876,0.0113395702114012,0.0362856409427226,0.0362856409427226,0.916089147903154,0.999999998943201
1.0866061138546e-09,0.9523746157633,0.0113396180168945,0.0362857662198053,0.0362857662198053,0.916088849543495,0.999999998913534
1.11711065050482e-09,0.952374437818761,0.0113396671653145,0.0362858950159247,0.0362858950159247,0.916088542802836,0.999999998883033
1.14847154784029e-09,0.952374254875597,0.0113397176944111,0.0362860274299916,0.0362860274299917,0.916088227445606,0.999999998851676
1.18071284666619e-09,0.952374066793303,0.011339769642997,0.0362861635637,0.0362861635637001,0.916087903229603,0.999999998819439
1.21385926269063e-09,0.952373873427416,0.0113398230509773,0.0362863035216063,0.0362863035216062,0.91608756990581,0.999999998786297
1.24793620547131e-09,0.95237367462941,0.0113398779593806,0.0362864474112097,0.0362864474112098,0.9160872272182,0.999999998752224
1.28296979789415e-09,0.952373470246574,0.0113399344103906,0.0362865953430353,0.0362865953430354,0.916086874903539,0.999999998717195
1.31898689619867e-09,0.952373260121901,0.0113399924473789,0.0362867474307196,0.0362867474307197,0.916086512691182,0.999999998681183
1.35601511056563e-09,0.952373044093964,0.0113400521149383,0.0362869037910981,0.0362869037910981,0.916086140302866,0.999999998644159
1.39408282628258e-09,0.952372821996787,0.0113401134589174,0.0362870645442959,0.0362870645442959,0.916085757452491,0.999999998606096
1.43321922550358e-09,0.952372593659723,0.0113401765264562,0.0362872298138205,0.0362872298138205,0.916085363845903,0.999999998566965
1.47345430961984e-09,0.95237235890732,0.0113402413660223,0.0362873997266572,0.0362873997266573,0.916084959180663,0.999999998526735
1.51481892225835e-09,0.952372117559183,0.0113403080274489,0.0362875744133675,0.0362875744133676,0.916084543145816,0.999999998485376
1.55734477292614e-09,0.952371869429837,0.0113403765619729,0.0362877540081901,0.0362877540081901,0.916084115421647,0.999999998442855
1.60106446131832e-09,0.95237161432858,0.0113404470222748,0.0362879386491449,0.0362879386491449,0.916083675679435,0.999999998399142
1.64601150230855e-09,0.952371352059341,0.0113405194625196,0.0362881284781394,0.0362881284781394,0.916083223581202,0.9999999983542
1.69222035164104e-09,0.952371082420522,0.0113405939383986,0.0362883236410793,0.0362883236410794,0.916082758779443,0.999999998307997
1.7397264323438e-09,0.952370805204846,0.0113406705071729,0.0362885242879812,0.0362885242879811,0.916082280916865,0.999999998260497
1.78856616188346e-09,0.952370520199194,0.0113407492277173,0.0362887305730886,0.0362887305730887,0.916081789626105,0.999999998211664
1.83877698008233e-09,0.952370227184441,0.0113408301605667,0.0362889426549919,0.0362889426549919,0.916081284529449,0.999999998161459
1.89039737781922e-09,0.952369925935287,0.0113409133679622,0.0362891606967512,0.0362891606967511,0.916080765238535,0.999999998109846
1.94346692653602e-09,0.952369616220077,0.0113409989139003,0.0362893848660227,0.0362893848660226,0.916080231354054,0.999999998056783
1.99802630857255e-09,0.952369297800629,0.011341086864182,0.0362896153351888,0.0362896153351888,0.91607968246544,0.999999998002231
2.05411734835306e-09,0.952368970432044,0.0113411772864642,0.0362898522814922,0.0362898522814922,0.916079118150551,0.999999997946147
2.11178304444824e-09,0.952368633862515,0.0113412702503122,0.0362900958871729,0.0362900958871729,0.916078537975342,0.999999997888488
2.17106760253726e-09,0.952368287833135,0.011341365827254,0.0362903463396106,0.0362903463396106,0.916077941493525,0.999999997829212
2.23201646929523e-09,0.952367932077695,0.0113414640908353,0.0362906038314694,0.0362906038314693,0.916077328246226,0.999999997768271
2.29467636723194e-09,0.952367566322474,0.0113415651166778,0.0362908685608482,0.0362908685608482,0.916076697761626,0.999999997705619
2.35909533050864e-09,0.952367190286028,0.0113416689825371,0.0362911407314345,0.0362911407314346,0.916076049554594,0.999999997641208
2.42532274176036e-09,0.952366803678973,0.0113417757683637,0.0362914205526629,0.0362914205526629,0.916075383126311,0.999999997574989
2.49340936995188e-09,0.952366406203757,0.0113418855563652,0.036291708239878,0.036291708239878,0.916074697963879,0.999999997506911
2.56340740929651e-09,0.952365997554427,0.0113419984310706,0.0362920040145023,0.0362920040145024,0.916073993539925,0.999999997436922
2.63537051926739e-09,0.952365577416396,0.0113421144793958,0.0362923081042083,0.0362923081042084,0.916073269312188,0.999999997364969
2.70935386573205e-09,0.952365145466192,0.0113422337907121,0.0362926207430962,0.0362926207430961,0.916072524723096,0.999999997290995
2.78541416324176e-09,0.952364701371209,0.011342356456915,0.0362929421718763,0.0362929421718763,0.916071759199332,0.999999997214944
2.86360971850811e-09,0.952364244789446,0.0113424825724969,0.0362932726380569,0.0362932726380569,0.916070972151389,0.999999997136759
2.94400047510004e-09,0.952363775369242,0.0113426122346207,0.0362936123961371,0.036293612396137,0.916070162973105,0.999999997056378
3.0266480593957e-09,0.952363292748999,0.0113427455431952,0.0362939617078059,0.036293961707806,0.916069331041193,0.999999996973742
3.11161582782436e-09,0.952362796556899,0.0113428826009542,0.0362943208421464,0.0362943208421465,0.916068475714753,0.999999996888784
3.19896891543454e-09,0.952362286410618,0.0113430235135362,0.0362946900758459,0.0362946900758458,0.916067596334772,0.999999996801443
3.28877428582551e-09,0.95236176191702,0.0113431683895674,0.0362950696934129,0.0362950696934129,0.916066692223607,0.999999996711649
3.38110078248068e-09,0.952361222671854,0.0113433173407471,0.0362954599873989,0.0362954599873989,0.916065762684455,0.999999996619334
3.47601918154197e-09,0.952360668259437,0.0113434704819346,0.036295861258628,0.036295861258628,0.916064807000809,0.999999996524428
3.57360224606578e-09,0.952360098252327,0.0113436279312401,0.0362962738164325,0.0362962738164325,0.916063824435895,0.999999996426858
3.67392478180208e-09,0.952359512210988,0.0113437898101171,0.0362966979788948,0.0362966979788947,0.916062814232093,0.999999996326548
3.77706369453937e-09,0.952358909683445,0.0113439562434576,0.0362971340730975,0.0362971340730975,0.916061775610347,0.999999996223422
3.88309804905961e-09,0.952358290204929,0.011344127359691,0.03629758243538,0.0362975824353801,0.916060707769549,0.999999996117402
3.99210912974805e-09,0.952357653297514,0.0113443032908842,0.0362980434116022,0.0362980434116021,0.916059609885911,0.999999996008405
4.10418050290471e-09,0.952356998469737,0.0113444841728465,0.0362985173574166,0.0362985173574166,0.91605848111232,0.999999995896348
4.21939808080502e-09,0.952356325216216,0.0113446701452361,0.036299004638548,0.0362990046385481,0.916057320577668,0.999999995781145
4.33785018755898e-09,0.952355633017249,0.0113448613516704,0.0362995056310811,0.036299505631081,0.916056127386167,0.999999995662708
4.45962762681909e-09,0.952354921338404,0.0113450579398392,0.0363000207217566,0.0363000207217566,0.916054900616648,0.999999995540946
4.58482375138911e-09,0.952354189630102,0.0113452600616217,0.0363005503082765,0.0363005503082765,0.916053639321825,0.999999995415766
4.71353453478692e-09,0.952353437327177,0.0113454678732062,0.0363010947996171,0.0363010947996172,0.91605234252756,0.999999995287072
4.8458586448165e-09,0.952352663848434,0.0113456815352138,0.036301654616352,0.0363016546163522,0.916051009232082,0.999999995154765
4.98189751920517e-09,0.952351868596189,0.0113459012128259,0.0363022301909847,0.0363022301909848,0.916049638405205,0.999999995018744
5.12175544336424e-09,0.952351050955796,0.0113461270759145,0.0363028219682899,0.0363028219682899,0.916048228987506,0.999999994878904
5.26553963033276e-09,0.952350210295156,0.0113463592991777,0.036303430405666,0.036303430405666,0.91604677988949,0.999999994735138
5.41336030296538e-09,0.952349345964225,0.0113465980622778,0.036304055973497,0.0363040559734971,0.916045289990728,0.999999994587337
5.56533077842764e-09,0.95234845729449,0.0113468435499845,0.0363046991555255,0.0363046991555256,0.916043758138964,0.999999994435386
5.72156755506324e-09,0.952347543598442,0.0113470959523219,0.0363053604492364,0.0363053604492365,0.916042183149205,0.999999994279169
5.88219040169997e-09,0.952346604169028,0.0113473554647197,0.0363060403662522,0.0363060403662523,0.916040563802776,0.999999994118567
6.04732244946265e-09,0.952345638279092,0.0113476222881689,0.0363067394327395,0.0363067394327395,0.916038898846352,0.999999993953456
6.21709028616383e-09,0.952344645180789,0.0113478966293829,0.0363074581898276,0.0363074581898277,0.916037186990962,0.99999999378371
6.39162405334401e-09,0.952343624104998,0.0113481787009618,0.0363081971940402,0.0363081971940402,0.916035426910958,0.999999993609199
6.57105754603627e-09,0.952342574260699,0.0113484687215632,0.0363089570177381,0.0363089570177381,0.916033617242961,0.999999993429789
6.75552831533164e-09,0.952341494834346,0.011348766916077,0.0363097382495773,0.0363097382495774,0.916031756584768,0.999999993245342
6.94517777382369e-09,0.952340384989216,0.0113490735158059,0.0363105414949785,0.0363105414949786,0.916029843494237,0.999999993055717
7.14015130401339e-09,0.952339243864737,0.0113493887586509,0.036311367376612,0.0363113673766119,0.916027876488125,0.999999992860768
7.3405983697572e-09,0.952338070575801,0.0113497128893029,0.0363122165348963,0.0363122165348962,0.916025854040905,0.999999992660347
7.5466726308439e-09,0.952336864212048,0.0113500461594396,0.0363130896285119,0.0363130896285119,0.916023774583537,0.9999999924543
7.75853206078784e-09,0.952335623837142,0.0113503888279282,0.0363139873349302,0.0363139873349301,0.916021636502211,0.999999992242467
7.97633906792928e-09,0.952334348488008,0.0113507411610345,0.036314910350958,0.036314910350958,0.91601943813705,0.999999992024689
8.20026061993413e-09,0.952333037174063,0.0113511034326383,0.0363158593932988,0.0363158593932987,0.916017177780764,0.999999991800796
8.43046837178897e-09,0.952331688876415,0.0113514759244548,0.0363168351991307,0.0363168351991306,0.916014853677284,0.999999991570618
8.66713879738922e-09,0.952330302547035,0.0113518589262635,0.0363178385267011,0.0363178385267011,0.916012464020334,0.999999991333978
8.9104533248215e-09,0.952328877107917,0.011352252736143,0.0363188701559403,0.0363188701559404,0.916010006951976,0.999999991090695
9.16059847544369e-09,0.952327411450194,0.0113526576607138,0.0363199308890924,0.0363199308890924,0.916007480561101,0.999999990840582
9.41776600686954e-09,0.952325904433245,0.011353074015388,0.0363210215513665,0.0363210215513666,0.916004882881879,0.999999990583448
9.6821530599671e-09,0.952324354883767,0.0113535021246268,0.0363221429916064,0.0363221429916065,0.91600221189216,0.999999990319095
9.95396230998424e-09,0.952322761594813,0.0113539423222053,0.0363232960829813,0.0363232960829813,0.915999465511832,0.999999990047321
1.02334021219164e-08,0.952321123324816,0.0113543949514866,0.0363244817236971,0.0363244817236971,0.915996641601119,0.999999989767917
1.05206867102362e-08,0.952319438796567,0.0113548603657028,0.0363257008377298,0.0363257008377299,0.915993737958838,0.99999998948067
1.08160363031071e-08,0.952317706696174,0.0113553389282456,0.0363269543755805,0.0363269543755805,0.915990752320593,0.999999989185358
1.1119677311207e-08,0.95231592567198,0.0113558310129654,0.0363282433150542,0.0363282433150541,0.915987682356926,0.999999988881757
1.14318425012915e-08,0.952314094333458,0.0113563370044802,0.0363295686620616,0.0363295686620616,0.915984525671397,0.999999988569632
1.17527711746295e-08,0.95231221125006,0.0113568572984929,0.0363309314514467,0.0363309314514468,0.915981279798614,0.999999988248745
1.20827093504478e-08,0.952310274950042,0.0113573923021199,0.0363323327478385,0.0363323327478385,0.915977942202203,0.999999987918849
1.24219099545262e-08,0.952308283919242,0.0113579424342283,0.0363337736465298,0.0363337736465297,0.915974510272712,0.999999987579693
1.27706330130864e-08,0.952306236599832,0.011358508125785,0.0363352552743826,0.0363352552743825,0.91597098132545,0.999999987231014
1.31291458521247e-08,0.952304131389022,0.0113590898202158,0.0363367787907624,0.0363367787907622,0.91596735259826,0.999999986872548
1.34977233023394e-08,0.952301966637724,0.0113596879737762,0.0363383453885002,0.0363383453885002,0.915963621249223,0.999999986504019
1.38766479098131e-08,0.952299740649181,0.0113603030559334,0.0363399562948856,0.0363399562948856,0.915959784354295,0.999999986125143
1.42662101526074e-08,0.952297451677549,0.0113609355497608,0.0363416127726904,0.0363416127726904,0.915955838904858,0.999999985735631
1.46667086634397e-08,0.952295097926431,0.0113615859523446,0.0363433161212239,0.036343316121224,0.915951781805208,0.999999985335185
1.50784504586105e-08,0.952292677547375,0.0113622547752032,0.036345067677422,0.036345067677422,0.915947609869953,0.999999984923496
1.55017511733577e-08,0.95229018863831,0.0113629425447201,0.0363468688169699,0.0363468688169698,0.91594331982134,0.99999998450025
1.59369353038178e-08,0.952287629241948,0.0113636498025911,0.0363487209554608,0.0363487209554607,0.915938908286487,0.999999984065122
1.63843364557798e-08,0.952284997344125,0.0113643771062841,0.0363506255495908,0.0363506255495907,0.915934371794534,0.99999998361778
1.68442976004231e-08,0.952282290872092,0.0113651250295158,0.0363525840983918,0.0363525840983918,0.915929706773701,0.999999983157878
1.73171713372335e-08,0.952279507692754,0.0113658941627422,0.0363545981445041,0.0363545981445041,0.91592490954825,0.999999982685066
1.78033201643011e-08,0.952276645610846,0.011366685113665,0.036356669275489,0.036356669275489,0.915919976335357,0.99999998219898
1.83031167562061e-08,0.952273702367061,0.0113674985077556,0.0363587991251836,0.0363587991251836,0.915914903241877,0.999999981699248
1.88169442497056e-08,0.952270675636106,0.0113683349887943,0.0363609893750997,0.0363609893750997,0.915909686261006,0.999999981185488
1.93451965374404e-08,0.952267563024704,0.011369195219429,0.0363632417558672,0.0363632417558672,0.915904321268837,0.999999980657304
1.98882785698881e-08,0.952264362069525,0.0113700798817501,0.0363655580487244,0.0363655580487244,0.915898804020801,0.999999980114292
2.04466066657912e-08,0.952261070235057,0.0113709896778863,0.0363679400870568,0.0363679400870568,0.915893130148,0.999999979556037
2.10206088313016e-08,0.952257684911396,0.0113719253306185,0.0363703897579859,0.0363703897579858,0.91588729515341,0.999999978982109
2.16107250880838e-08,0.952254203411975,0.011372887584015,0.0363729090040101,0.0363729090040101,0.915881294407965,0.99999997839207
2.22174078106288e-08,0.952250622971213,0.0113738772040869,0.0363754998246997,0.0363754998246997,0.915875123146514,0.999999977785466
2.28411220730383e-08,0.952246940742087,0.0113748949794661,0.0363781642784472,0.0363781642784472,0.91586877646364,0.999999977161833
2.34823460055428e-08,0.952243153793618,0.0113759417221059,0.0363809044842759,0.0363809044842759,0.915862249309342,0.999999976520693
2.41415711610302e-08,0.952239259108287,0.0113770182680045,0.0363837226237089,0.0363837226237089,0.915855536484578,0.999999975861554
2.48193028918626e-08,0.952235253579347,0.0113781254779539,0.0363866209426997,0.0363866209426997,0.915848632636647,0.99999997518391
2.55160607372719e-08,0.952231134008059,0.0113792642383132,0.0363896017536282,0.0363896017536283,0.91584153225443,0.999999974487243
2.62323788216312e-08,0.952226897100827,0.0113804354618093,0.0363926674373636,0.0363926674373637,0.915834229663464,0.999999973771019
2.69688062639069e-08,0.952222539466239,0.0113816400883639,0.0363958204453966,0.0363958204453967,0.915826719020843,0.999999973034687
2.77259075986048e-08,0.952218057612005,0.0113828790859499,0.0363990633020449,0.0363990633020448,0.91581899430996,0.999999972277685
2.85042632085343e-08,0.952213447941791,0.0113841534514766,0.0364023986067328,0.0364023986067328,0.915811049335058,0.999999971499431
2.93044697697214e-08,0.952208706751944,0.0113854642117063,0.0364058290363501,0.0364058290363501,0.915802877715594,0.999999970699329
3.01271407088116e-08,0.952203830228107,0.0113868124242023,0.0364093573476908,0.0364093573476907,0.915794472880416,0.999999969876765
3.09729066733141e-08,0.952198814441712,0.0113881991783106,0.0364129863799774,0.0364129863799774,0.915785828061735,0.99999996903111
3.18424160150466e-08,0.952193655346352,0.0113896255961756,0.0364167190574725,0.0364167190574726,0.915776936288879,0.999999968161715
3.27363352871525e-08,0.952188348774026,0.0113910928337929,0.0364205583921808,0.0364205583921808,0.915767790381846,0.999999967267913
3.36553497550709e-08,0.952182890431255,0.0113926020820979,0.0364245074866473,0.0364245074866473,0.915758382944607,0.999999966349018
3.46001639218511e-08,0.952177275895051,0.011394154568095,0.0364285695368536,0.0364285695368537,0.915748706358198,0.999999965404328
3.55715020682138e-08,0.952171500608757,0.0113957515560267,0.0364327478352164,0.0364327478352163,0.915738752773541,0.999999964433117
3.65701088077749e-08,0.952165559877721,0.0113973943485846,0.0364370457736939,0.036437045773694,0.915728514104028,0.999999963434642
3.75967496578547e-08,0.952159448864831,0.0113990842881657,0.036441466847003,0.036441466847003,0.915717982017828,0.999999962408136
3.86522116263126e-08,0.952153162585874,0.0114008227581736,0.0364460146559527,0.0364460146559527,0.915707147929921,0.999999961352812
3.97373038148561e-08,0.952146695904734,0.0114026111843678,0.0364506929108981,0.0364506929108981,0.915696002993836,0.999999960267863
4.08528580392857e-08,0.952140043528415,0.0114044510362637,0.036455505435321,0.0364555054353209,0.915684538093094,0.999999959152455
4.19997294671531e-08,0.952133200001875,0.0114063438285841,0.036460456169541,0.0364604561695411,0.915672743832334,0.999999958005735
4.31787972733202e-08,0.95212615970267,0.0114082911227654,0.0364655491745644,0.0364655491745645,0.915660610528106,0.999999956826823
4.43909653139217e-08,0.952118916835404,0.0114102945285204,0.0364707886360753,0.0364707886360753,0.915648128199329,0.999999955614814
4.56371628192476e-08,0.952111465425962,0.0114123557054612,0.0364761788685765,0.0364761788685765,0.915635286557386,0.999999954368781
4.6918345106078e-08,0.952103799315531,0.0114144763647834,0.0364817243196852,0.0364817243196852,0.915622074995846,0.999999953087768
4.82354943100147e-08,0.952095912154392,0.0114166582710153,0.0364874295745924,0.0364874295745923,0.9156084825798,0.999999951770793
4.95896201383721e-08,0.952087797395474,0.0114189032438352,0.0364932993606908,0.0364932993606909,0.915594498034783,0.999999950416846
5.09817606442043e-08,0.952079448287659,0.0114212131599594,0.0364993385523815,0.0364993385523815,0.915580109735277,0.99999994902489
5.24129830220606e-08,0.952070857868831,0.0114235899551044,0.036505552176065,0.036505552176065,0.915565305692766,0.999999947593857
5.38843844260822e-08,0.952062018958647,0.0114260356260266,0.0365119454153267,0.0365119454153268,0.91555007354332,0.999999946122651
5.5397092811064e-08,0.952052924151031,0.0114285522326437,0.0365185236163255,0.0365185236163256,0.915534400534705,0.999999944610143
5.69522677971282e-08,0.952043565806365,0.0114311419002407,0.0365252922933944,0.0365252922933943,0.915518273512971,0.999999943055174
5.85511015586724e-08,0.952033936043371,0.0114338068217656,0.0365322571348631,0.0365322571348631,0.915501678908508,0.999999941456553
6.01948197382727e-08,0.952024026730667,0.0114365492602183,0.0365394240091145,0.0365394240091145,0.915484602721553,0.999999939813053
6.18846823862438e-08,0.952013829477979,0.0114393715511378,0.0365467989708833,0.0365467989708833,0.915467030507096,0.999999938123416
6.3621984926575e-08,0.952003335626996,0.0114422761051921,0.036554388267812,0.036554388267812,0.915448947359184,0.999999936386345
6.54080591499826e-08,0.95199253624185,0.011445265410876,0.0365621983472736,0.0365621983472736,0.915430337894577,0.999999934600509
6.72442742348425e-08,0.951981422099201,0.0114483420373226,0.0365702358634763,0.0365702358634763,0.915411186235725,0.999999932764539
6.91320377967813e-08,0.951969983677904,0.0114515086372336,0.0365785076848622,0.0365785076848623,0.915391475993042,0.999999930877028
7.10727969677341e-08,0.951958211148248,0.0114547679499347,0.036587020901817,0.036587020901817,0.915371190246431,0.999999928936528
7.30680395052951e-08,0.951946094360734,0.0114581228045627,0.0365957828347033,0.0365957828347033,0.915350311526031,0.999999926941554
7.51192949332097e-08,0.951933622834372,0.0114615761233911,0.0366048010422372,0.0366048010422372,0.915328821792135,0.999999924890573
7.72281357138864e-08,0.951920785744476,0.0114651309253005,0.0366140833302231,0.0366140833302231,0.915306702414253,0.999999922782016
7.93961784538228e-08,0.95190757190993,0.0114687903294035,0.0366236377606668,0.0366236377606668,0.915283934149263,0.999999920614265
8.16250851428724e-08,0.951893969779884,0.0114725575588298,0.0366334726612857,0.0366334726612858,0.915260497118599,0.999999918385658
8.39165644283016e-08,0.95187996741988,0.0114764359446822,0.036643596635438,0.036643596635438,0.915236370784442,0.999999916094488
8.62723729246145e-08,0.951865552497337,0.0114804289301716,0.0366540185724915,0.0366540185724915,0.915211533924845,0.999999913738998
8.8694316560147e-08,0.951850712266401,0.0114845400749411,0.036664747658658,0.036664747658658,0.915185964607743,0.999999911317382
9.11842519614656e-08,0.951835433552094,0.0114887730595898,0.0366757933883165,0.0366757933883164,0.915159640163777,0.999999908827783
9.374408787663e-08,0.951819702733741,0.0114931316904073,0.036687165575852,0.0366871655758521,0.915132537157889,0.999999906268295
9.63757866384109e-08,0.951803505727629,0.0114976199043305,0.0366988743680404,0.0366988743680404,0.915104631359589,0.999999903636954
9.90813656685867e-08,0.951786827968856,0.0115022417741366,0.0367109302570075,0.0367109302570076,0.915075897711848,0.999999900931743
1.01862899024469e-07,0.95176965439232,0.0115070015138836,0.036723344093796,0.0367233440937961,0.915046310298524,0.999999898150589
1.04722518988844e-07,0.951751969412811,0.0115119034846151,0.0367361271025743,0.0367361271025743,0.915015842310236,0.999999895291359
1.07662417704549e-07,0.951733756904132,0.0115169522003435,0.036749290895525,0.036749290895525,0.914984466008607,0.999999892351863
1.10684848854941e-07,0.951715000177221,0.0115221523343281,0.036762847488451,0.0367628474884509,0.91495215268877,0.999999889329846
1.13792129391531e-07,0.95169568195719,0.011527508725667,0.0367768093171435,0.0367768093171434,0.914918872640046,0.999999886222992
1.16986641310131e-07,0.951675784359226,0.0115330263862194,0.0367911892545547,0.0367911892545548,0.914884595104671,0.999999883028919
1.20270833476851e-07,0.951655288863293,0.0115387105078818,0.0368060006288254,0.0368060006288254,0.914849288234467,0.99999987974518
1.23647223505371e-07,0.951634176287546,0.0115445664702366,0.0368212572422179,0.036821257242218,0.914812919045328,0.999999876369256
1.27118399686903e-07,0.95161242676039,0.0115505998485989,0.0368369733910112,0.0368369733910111,0.914775453369379,0.99999987289856
1.30687022974335e-07,0.951590019691099,0.0115568164224852,0.0368531638864159,0.0368531638864159,0.914736855804683,0.999999869330432
1.34355829022083e-07,0.951566933738893,0.0115632221845316,0.036869844076575,0.0368698440765751,0.914697089662318,0.999999865662136
1.38127630283201e-07,0.951543146780393,0.0115698233498901,0.0368870298697174,0.0368870298697174,0.914656116910675,0.99999986189086
1.42005318165368e-07,0.951518635875327,0.0115766263661347,0.0369047377585387,0.0369047377585388,0.914613898116788,0.999999858013713
1.45991865247398e-07,0.9514933772304,0.0115836379237102,0.0369229848458894,0.0369229848458893,0.914570392384511,0.999999854027724
1.50090327557974e-07,0.951467346161185,0.0115908649669609,0.0369417888718538,0.0369417888718538,0.914525557289332,0.999999849929837
1.54303846918356e-07,0.951440517051908,0.0115983147057769,0.0369611682423149,0.036961168242315,0.914479348809593,0.99999984571691
1.58635653350859e-07,0.951412863312996,0.0116059946279023,0.036981142059102,0.036981142059102,0.914431721253894,0.999999841385715
1.63089067554933e-07,0.951384357336223,0.0116139125119482,0.0370017301518291,0.0370017301518291,0.914382627184394,0.99999983693293
1.6766750345277e-07,0.951354970447296,0.0116220764411626,0.0370229531115413,0.0370229531115414,0.914332017335755,0.999999832355144
1.72374470806362e-07,0.951324672855698,0.011630494818009,0.0370448323262928,0.0370448323262927,0.914279840529405,0.999999827648846
1.77213577908036e-07,0.951293433601596,0.0116391763796113,0.0370673900187928,0.0370673900187928,0.914226043582803,0.999999822810429
1.82188534346517e-07,0.951261220499603,0.0116481302141296,0.037090649286267,0.037090649286267,0.914170571213336,0.999999817836185
1.87303153850643e-07,0.951228000079173,0.0116573657781332,0.0371146341426937,0.0371146341426937,0.91411336593648,0.9999998127223
1.9256135721292e-07,0.951193737521368,0.0116668929150456,0.0371393695635861,0.0371393695635861,0.914054367957782,0.999999807464854
1.97967175295133e-07,0.951158396591745,0.0116767218747428,0.0371648815335123,0.0371648815335124,0.913993515058233,0.999999802059817
2.03524752118358e-07,0.951121939569056,0.0116868633343912,0.0371911970965531,0.0371911970965532,0.913930742472503,0.999999796503046
2.09238348039698e-07,0.951084327169454,0.0116973284206224,0.0372183444099239,0.0372183444099239,0.91386598275953,0.999999790790282
2.15112343018217e-07,0.951045518465851,0.0117081287331476,0.0372463528010014,0.0372463528010013,0.91379916566485,0.999999784917144
2.21151239972549e-07,0.951005470802053,0.011719276369927,0.0372752528280203,0.0372752528280204,0.913730217974032,0.999999778879133
2.27359668232772e-07,0.950964139701252,0.0117307839540187,0.0373050763447292,0.0373050763447292,0.913659063356523,0.999999772671619
2.33742387089181e-07,0.950921478768436,0.0117426646622425,0.037335856569322,0.0373358565693219,0.913585622199114,0.999999766289844
2.40304289440697e-07,0.950877439586199,0.0117549322558103,0.0373676281579909,0.037367628157991,0.913509811428208,0.999999759728916
2.47050405545683e-07,0.950831971603433,0.0117676011130857,0.0374004272834812,0.0374004272834811,0.913431544319952,0.999999752983805
2.53985906878073e-07,0.950785022016283,0.0117806862646538,0.0374342917190628,0.0374342917190628,0.913350730297221,0.999999746049342
2.61116110091746e-07,0.950736535640721,0.0117942034309008,0.0374692609283786,0.0374692609283785,0.913267274712342,0.999999738920212
2.68446481096197e-07,0.950686454776007,0.0118081690623213,0.0375053761616719,0.0375053761616719,0.913181078614335,0.999999731590949
2.75982639246618e-07,0.950634719058257,0.0118226003827951,0.0375426805589479,0.0375426805589479,0.913092038499309,0.999999724055936
2.83730361651621e-07,0.950581265303215,0.0118375154361009,0.0375812192606837,0.0375812192606837,0.913000046042532,0.999999716309397
2.91695587601879e-07,0.950526027337277,0.0118529331359621,0.0376210395267613,0.0376210395267613,0.912904987810515,0.999999708345393
2.99884423123102e-07,0.950468935815674,0.0118688733199512,0.037662190864375,0.0376621908643749,0.912806744951299,0.999999700157822
3.08303145656828e-07,0.95040991802664,0.0118853568076179,0.0377047251657418,0.0377047251657419,0.912705192860898,0.999999691740406
3.16958208872612e-07,0.950348897680219,0.0119024054632426,0.0377486968565385,0.0377486968565385,0.91260020082368,0.999999683086694
3.25856247615323e-07,0.950285794680244,0.0119200422636667,0.037794163056089,0.0377941630560891,0.912491631624155,0.999999674190052
3.35004082991314e-07,0.950220524877855,0.0119382913717004,0.0378411837504449,0.037841183750445,0.91237934112741,0.999999665043663
3.44408727597382e-07,0.950152999804699,0.011957178215669,0.0378898219796323,0.0378898219796322,0.912263177825066,0.999999655640514
3.54077390896527e-07,0.950083126383786,0.0119767295757244,0.0379401440404899,0.03794014404049,0.912142982343296,0.999999645973399
3.64017484744614e-07,0.950010806615681,0.011996973677626,0.0379922197066925,0.0379922197066925,0.912018586908989,0.999999636034907
3.74236629072198e-07,0.949935937237469,0.0120179402947808,0.0380461224677498,0.0380461224677497,0.91188981476972,0.999999625817422
3.84742657725851e-07,0.949858409351575,0.0120396608594335,0.0381019297889912,0.0381019297889912,0.911756479562584,0.999999615313112
3.9554362447347e-07,0.949778108021186,0.0120621685840098,0.0381597233948043,0.0381597233948043,0.911618384626382,0.999999604513926
4.06647809178186e-07,0.949694911828566,0.0120854985937491,0.0382195895776846,0.0382195895776846,0.911475322250882,0.999999593411585
4.18063724145576e-07,0.949608692392096,0.0121096880719126,0.0382816195359919,0.0382816195359919,0.911327072856104,0.999999581997583
4.2980012064908e-07,0.949519313837276,0.0121347764190276,0.0383459097436964,0.0383459097436964,0.91117340409358,0.999999570263169
4.41865995638594e-07,0.94942663221632,0.0121608054278327,0.0384125623558477,0.0384125623558477,0.911014069860472,0.99999955819935
4.54270598637404e-07,0.94933049487016,0.0121878194758215,0.038481685654019,0.038481685654019,0.910848809216141,0.99999954579688
4.67023438832733e-07,0.949230739725854,0.012215865737558,0.0385533945365881,0.0385533945365881,0.910677345189266,0.999999533046254
4.80134292365345e-07,0.949127194521319,0.0122449944192585,0.0386278110594222,0.0386278110594223,0.910499383461897,0.999999519937699
4.93613209823792e-07,0.94901967594813,0.0122752590185055,0.0387050650333643,0.0387050650333643,0.910314610914766,0.999999506461169
5.07470523949047e-07,0.948907988701698,0.0123067166124092,0.0387852946858925,0.0387852946858925,0.910122694015806,0.999999492606335
5.21716857555435e-07,0.948791924426482,0.0123394281780459,0.0388686473954722,0.0388686473954722,0.90992327703101,0.99999947836258
5.36363131673925e-07,0.948671260541896,0.0123734589496266,0.0389552805084774,0.0389552805084774,0.909715980033419,0.999999463718987
5.5142057392403e-07,0.94854575893224,0.0124088788175832,0.0390453622501769,0.039045362250177,0.909500396682063,0.999999448664334
5.66900727120743e-07,0.948415164481165,0.012445762775637,0.0391390727431985,0.0391390727431985,0.909276091737966,0.999999433187084
5.82815458123084e-07,0.948279203427837,0.0124841914229699,0.0392366051491928,0.0392366051491928,0.909042598278645,0.999999417275377
5.99176966931061e-07,0.948137581517926,0.0125242515298854,0.0393381669521884,0.0393381669521885,0.908799414565738,0.999999400917018
6.15997796038017e-07,0.947989981917642,0.0125660366768831,0.039443981405475,0.039443981405475,0.908546000512167,0.999999384099473
6.33290840045511e-07,0.947836062853147,0.0126096479789364,0.0395542891679163,0.0395542891679163,0.908281773685231,0.999999366809855
6.51069355548147e-07,0.947675454930407,0.012655194909043,0.0396693501605504,0.0396693501605504,0.908006104769856,0.999999349034916
6.69346971295867e-07,0.947507758081665,0.0127027962379199,0.0397894456804147,0.0397894456804146,0.907718312401251,0.999999330761035
6.88137698641567e-07,0.947332538073794,0.0127525811101762,0.0399148808160302,0.0399148808160302,0.907417657257763,0.999999311974212
7.07455942281988e-07,0.947149322500118,0.0128046902815955,0.0400459872182864,0.0400459872182863,0.907103335281832,0.999999292660052
7.27316511300145e-07,0.946957596160374,0.0128592775475435,0.0401831262920826,0.0401831262920826,0.906774469868291,0.999999272803759
7.47734630517758e-07,0.946756795712031,0.0129165113992836,0.0403266928886854,0.0403266928886854,0.906430102823346,0.999999252390119
7.68725952166374e-07,0.946546303449174,0.012976576953577,0.0404771195972492,0.0404771195972493,0.906069183851925,0.999999231403495
7.90306567886135e-07,0.946325440030565,0.0130396782119111,0.0406348817575239,0.0406348817575239,0.905690558273041,0.999999209827811
8.12493021061405e-07,0.946093455934062,0.0131060407198396,0.0408005033460989,0.0408005033460989,0.905292952587963,0.99999918764654
8.35302319502679e-07,0.945849521356868,0.0131759147152737,0.0409745639278583,0.0409745639278584,0.90487495742901,0.999999164842693
8.58751948484518e-07,0.945592714205538,0.0132495788786525,0.0411577069158092,0.0411577069158091,0.904435007289729,0.999999141398806
8.82859884149515e-07,0.945322005719673,0.0133273448298083,0.0413506494505183,0.0413506494505183,0.903971356269155,0.999999117296928
9.07644607288536e-07,0.94503624313958,0.0134095625590481,0.0415541943013723,0.0415541943013722,0.903482048838207,0.999999092518602
9.33125117507824e-07,0.944734128647304,0.0134966270378078,0.0417692443148881,0.041769244314888,0.902964884332416,0.99999906704486
9.59320947793823e-07,0.944414193562707,0.0135889863335673,0.041996820103726,0.041996820103726,0.902417373458981,0.999999040856201
9.86252179486878e-07,0.944074766432121,0.0136871516640317,0.0422380819038475,0.0422380819038474,0.901836684528273,0.999999013932583
1.01393945767529e-06,0.943713933162007,0.0137917099813086,0.0424943568566842,0.0424943568566841,0.901219576305323,0.999998986253405
1.04240400702156e-06,0.943329486654682,0.0139033399002796,0.0427671734450381,0.0427671734450381,0.900562313209644,0.999998957797493
1.07166764803286e-06,0.942918862388389,0.0140228321119204,0.0430583054996909,0.0430583054996909,0.899860556888698,0.999998928543084
1.10175281378839e-06,0.942479054872811,0.0141511159092236,0.0433698292179654,0.0433698292179654,0.899109225654846,0.999998898467817
1.13268256713615e-06,0.942006507609817,0.0142892941958171,0.043704198194366,0.0437041981943661,0.898302309415451,0.999998867548709
1.16448061837269e-06,0.941496965595224,0.0144386905083557,0.0440643438964203,0.0440643438964203,0.897432621698804,0.999998835762148
1.19717134341897e-06,0.940945273622609,0.0146009134516705,0.0444538129257207,0.0444538129257208,0.896491460696888,0.999998803083878
1.23077980250667e-06,0.940345094064929,0.0147779470502342,0.0448769588848369,0.0448769588848369,0.895468135180092,0.999998769488985
1.26533175938894e-06,0.939688501292986,0.0149722808763342,0.0453392178306797,0.0453392178306797,0.894349283462306,0.999998734951889
1.30085370109057e-06,0.938965380159431,0.0151871034708903,0.0458475163696784,0.0458475163696784,0.893117863789753,0.999998699446338
1.3373728582125e-06,0.938162499627529,0.0154266008989326,0.046410899473538,0.046410899473538,0.891751600153991,0.99999866294541
1.37491722580642e-06,0.937262018978707,0.0156964392938147,0.0470415417274787,0.0470415417274787,0.890220477251228,0.999998625421524
1.4135155848354e-06,0.936238936646226,0.0160045909293224,0.0477564724244517,0.0477564724244517,0.888482464221774,0.999998586846483
1.4531975242369e-06,0.935056398593617,0.0163628570927654,0.0485807443136181,0.048580744313618,0.886475654279999,0.999998547191559
1.49399346360526e-06,0.933656168546283,0.0167899692148701,0.0495538622388467,0.0495538622388467,0.884102306307436,0.999998506427698
1.5359346765109e-06,0.931936317611513,0.0173188681442423,0.0507448142442451,0.0507448142442452,0.881191503367267,0.999998464526017
1.57905331447418e-06,0.929685866317305,0.0180180884726166,0.0522960452100784,0.0522960452100784,0.877389821107227,0.999998421459327
1.62338243161228e-06,0.926288372166735,0.0190890487104198,0.0546225791228457,0.0546225791228456,0.871665793043889,0.999998377209115
