1.87303153850643e-07,0.233477779612666,0.587556321397139,0.178965898990194,0.178965898990194,0.0545118806224719,0.999999877358096
1.9256135721292e-07,0.201225763476827,0.638040287281551,0.160733949241622,0.160733949241622,0.0404918142352051,0.999999885829487
1.97967175295133e-07,0.183530282072591,0.666622806218972,0.149846911708437,0.149846911708437,0.0336833703641533,0.999999890006659
2.03524752118358e-07,0.170255258211084,0.688476342119116,0.1412683996698,0.1412683996698,0.0289868585412839,0.999999892945914
2.09238348039698e-07,0.159395741067454,0.706615525444269,0.133988733488277,0.133988733488277,0.0254070075791769,0.99999989523551
2.15112343018217e-07,0.150120420445655,0.722295304801767,0.127584274752577,0.127584274752577,0.0225361456930777,0.999999897114027
2.21151239972549e-07,0.141988281288574,0.736184114278916,0.12182760443251,0.12182760443251,0.0201606768560649,0.999999898705445
2.27359668232772e-07,0.134731648428005,0.748689324858972,0.116579026713023,0.116579026713023,0.0181526217149821,0.999999900083544
2.33742387089181e-07,0.128173402040189,0.760081621347118,0.111744976612692,0.111744976612692,0.0164284254274969,0.999999901296216
2.40304289440697e-07,0.122189032012287,0.770552099780018,0.107258868207694,0.107258868207694,0.0149301638045928,0.999999902376512
2.47050405545683e-07,0.116686992361394,0.780241873559172,0.103071134079434,0.103071134079434,0.0136158582819604,0.999999903348293
2.53985906878073e-07,0.111597598128101,0.789258831592592,0.0991435702793065,0.0991435702793065,0.0124540278487946,0.999999904229408
2.61116110091746e-07,0.106866318849425,0.797687776200571,0.095445904950004,0.095445904950004,0.011420413899421,0.999999905033582
2.68446481096197e-07,0.102449510147507,0.805596885491602,0.0919536043608914,0.0919536043608915,0.010495905786615,0.999999905771619
2.75982639246618e-07,0.0983115796869753,0.813042010853123,0.0886464094599021,0.0886464094599021,0.00966517022707318,0.999999906452183
2.83730361651621e-07,0.0944230385427322,0.820069636524638,0.0855073249326297,0.0855073249326298,0.00891571361010249,0.999999907082338
2.91695587601879e-07,0.0907591213785357,0.826718978640733,0.0825218999807318,0.0825218999807318,0.00823722139780396,0.999999907667924
2.99884423123102e-07,0.0872987845773359,0.833023511805873,0.0796777036167912,0.0796777036167912,0.00762108096054469,0.999999908213826
3.08303145656828e-07,0.0840239628640247,0.839012103671761,0.0769639334642138,0.0769639334642138,0.00706002939981088,0.999999908724175
3.16958208872612e-07,0.0809190071990513,0.844709874289725,0.0743711185112236,0.0743711185112236,0.00654788868782767,0.999999909202494
3.25856247615323e-07,0.0779702526054286,0.850138857943972,0.0718908894505988,0.0718908894505989,0.0060793631548298,0.999999909651819
3.35004082991314e-07,0.0751656809493658,0.855318520463181,0.0695157985874532,0.0695157985874532,0.00564988236191261,0.999999910074777
3.44408727597382e-07,0.0724946543156591,0.860266168952083,0.0672391767322575,0.0672391767322576,0.00525547758340161,0.999999910473666
3.54077390896527e-07,0.0699477016825544,0.864997280197977,0.0650550181194689,0.0650550181194688,0.00489268356308556,0.999999910850499
3.64017484744614e-07,0.0675163464002752,0.869525766739889,0.0629578868598361,0.0629578868598361,0.00455845954043908,0.999999911207057
3.74236629072198e-07,0.0651929653019931,0.873864194550093,0.0609428401479143,0.0609428401479143,0.00425012515407879,0.999999911544918
3.84742657725851e-07,0.0629706726193907,0.87802396272364,0.0590053646569697,0.0590053646569696,0.003965307962421,0.999999911865491
3.9554362447347e-07,0.0608432235530828,0.882015453024412,0.0571413234225047,0.0571413234225048,0.0037019001305781,0.999999912170036
4.06647809178186e-07,0.0588049335673596,0.885848155284101,0.0553469111485391,0.0553469111485391,0.00345802241882052,0.999999912459688
4.18063724145576e-07,0.0568506103763083,0.889530773285821,0.0536186163378703,0.0536186163378703,0.00323199403843802,0.999999912735467
4.2980012064908e-07,0.0549754962572751,0.893071314746265,0.05195318899646,0.05195318899646,0.00302230726081515,0.999999912998301
4.41865995638594e-07,0.0531752188317664,0.896477168242521,0.0503476129257123,0.0503476129257123,0.00282760590605408,0.999999913249029
4.54270598637404e-07,0.0514457488377973,0.899755169344556,0.0487990818176471,0.048799081817647,0.00264666702015019,0.999999913488419
4.67023438832733e-07,0.0497833637129103,0.902911657763992,0.0473049785230975,0.0473049785230974,0.0024783851898128,0.999999913717168
4.80134292365345e-07,0.0481846160361329,0.905952526980153,0.045862856983714,0.045862856983714,0.00232175905241883,0.999999913935919
4.93613209823792e-07,0.0466463060563647,0.908883267530438,0.0444704264131968,0.0444704264131969,0.00217587964316786,0.999999914145259
5.07470523949047e-07,0.0451654576760189,0.911709004935987,0.0431255373879945,0.0431255373879945,0.00203992028802442,0.99999991434573
5.21716857555435e-07,0.0437392973710256,0.914434533061679,0.0418261695672955,0.0418261695672955,0.00191312780373004,0.99999991453783
5.36363131673925e-07,0.0423652356181341,0.917064343571938,0.0405704208099284,0.0405704208099283,0.00179481480820573,0.999999914722022
5.5142057392403e-07,0.0410408504727745,0.919602652032869,0.0393564974943562,0.0393564974943562,0.00168435297841833,0.999999914898732
5.66900727120743e-07,0.0397638729993437,0.922053421121365,0.0381827058792914,0.0381827058792914,0.00158116712005234,0.999999915068357
5.82815458123084e-07,0.0385321743035304,0.924420381328424,0.0370474443680459,0.037047444368046,0.00148472993548446,0.999999915231264
5.99176966931061e-07,0.0373437539554245,0.926707049483811,0.035949196560764,0.035949196560764,0.00139455739466053,0.999999915387797
6.15997796038017e-07,0.0361967296243867,0.928916745379567,0.0348865249960467,0.0348865249960467,0.00131020462834004,0.999999915538275
6.33290840045511e-07,0.0350893277733317,0.93105260672878,0.0338580654978888,0.0338580654978888,0.00123126227544289,0.999999915682997
6.51069355548147e-07,0.0340198752822672,0.933117602661871,0.0328625220558615,0.0328625220558615,0.00115735322640567,0.999999915822241
6.69346971295867e-07,0.0329867918894688,0.93511454593399,0.0318986621765409,0.0318986621765409,0.00108812971292783,0.999999915956268
6.88137698641567e-07,0.0319885833542172,0.93704610399314,0.030965312652643,0.030965312652643,0.00102327070157415,0.999999916085324
7.07455942281988e-07,0.0310238352581293,0.938914809038393,0.030061355703478,0.0300613557034781,0.000962479554651293,0.999999916209639
7.27316511300145e-07,0.0300912073731891,0.940723067180415,0.0291857254463963,0.0291857254463963,0.000905481926792797,0.999999916329428
7.47734630517758e-07,0.0291894285339887,0.942473166801954,0.0283374046640572,0.0283374046640572,0.000852023869931443,0.999999916444895
7.68725952166374e-07,0.0283172919596998,0.944167286203543,0.0275154218367573,0.0275154218367573,0.00080187012294248,0.999999916556231
7.90306567886135e-07,0.0274736509781412,0.945807500609029,0.0267188484128297,0.0267188484128296,0.000754802565311517,0.999999916663617
8.12493021061405e-07,0.0266574151101782,0.947395788596449,0.0259467962933728,0.0259467962933728,0.000710618816805438,0.999999916767224
8.35302319502679e-07,0.0258675464777411,0.948934038011893,0.0251984155103662,0.0251984155103662,0.00066913096737492,0.999999916867212
8.58751948484518e-07,0.0251030565031054,0.950424051417241,0.0244728920796535,0.0244728920796535,0.00063016442345192,0.999999916963734
8.82859884149515e-07,0.0243630028708458,0.951867551116782,0.0237694460123718,0.0237694460123717,0.000593556858474029,0.999999917056934
9.07644607288536e-07,0.0236464867271496,0.953266183802611,0.023087329470239,0.0230873294702391,0.000559157256910587,0.999999917146948
9.33125117507824e-07,0.0229526500940178,0.954621524854281,0.0224258250517016,0.0224258250517016,0.000526825042316226,0.999999917233907
9.59320947793823e-07,0.0222806734783665,0.955935082324292,0.0217842441973416,0.0217842441973416,0.00049642928102495,0.999999917317933
9.86252179486878e-07,0.0216297736582107,0.957208300637624,0.0211619257041655,0.0211619257041655,0.000467847954045213,0.999999917399142
1.01393945767529e-06,0.0209992016300163,0.958442564030511,0.0205582343394723,0.0205582343394723,0.00044096729054397,0.999999917477646
1.04240400702156e-06,0.0203882407029743,0.959639199751083,0.0199725595459424,0.0199725595459424,0.000415681157031887,0.99999991755355
1.07166764803286e-06,0.0197962047274278,0.960799481042142,0.0194043142304303,0.0194043142304303,0.000391890496997471,0.999999917626955
1.10175281378839e-06,0.0192224364459753,0.961924629924346,0.018852933629679,0.018852933629679,0.000369502816296349,0.999999917697956
1.13268256713615e-06,0.0186663059569269,0.96301581979624,0.0183178742468327,0.0183178742468327,0.000348431710094156,0.999999917766644
1.16448061837269e-06,0.0181272092808025,0.964074177865991,0.0177986128532067,0.0177986128532067,0.000328596427595779,0.999999917833107
1.19717134341897e-06,0.0176045670214701,0.965100787428238,0.0172946455502922,0.0172946455502922,0.000309921471177855,0.999999917897426
1.23077980250667e-06,0.0170978231143184,0.966096689998245,0.0168054868874366,0.0168054868874367,0.000292336226881767,0.999999917959682
1.26533175938894e-06,0.0166064436545805,0.967062887314365,0.0163306690310541,0.0163306690310541,0.000275774623526411,0.99999991801995
1.30085370109057e-06,0.0161299157995586,0.968000343218851,0.01586974098159,0.0158697409815901,0.000260174817968581,0.999999918078302
1.3373728582125e-06,0.0156677467390755,0.968909985426127,0.0154222678347975,0.0154222678347975,0.000245478904278007,0.999999918134807
1.37491722580642e-06,0.0152194627289868,0.969792707186834,0.0149878300841794,0.0149878300841794,0.000231632644807395,0.999999918189531
1.4135155848354e-06,0.0147846081830485,0.970649368855231,0.0145660229617201,0.01456602296172,0.00021858522132845,0.999999918242537
1.4531975242369e-06,0.0143627448188473,0.971480799366881,0.0141564558142719,0.0141564558142719,0.000206289004575415,0.999999918293887
1.49399346360526e-06,0.0139534508538704,0.97228779763295,0.01375875151318,0.01375875151318,0.000194699340690475,0.999999918343638
1.5359346765109e-06,0.0135563202481286,0.973071133856945,0.013372545894926,0.013372545894926,0.000183774353202542,0.999999918391846
1.57905331447418e-06,0.0131709619900448,0.973831550779205,0.0129974872307506,0.0129974872307506,0.000173474759294176,0.999999918438563
1.62338243161228e-06,0.0127969994225977,0.974569764854027,0.0126332357233754,0.0126332357233754,0.000163763699222299,0.999999918483842
1.66895600997803e-06,0.0124340696069523,0.975286467363954,0.012279463029094,0.012279463029094,0.000154606577858274,0.999999918527732
1.71580898561001e-06,0.0120818227210363,0.97598232547533,0.0119358518036332,0.0119358518036332,0.00014597091740311,0.999999918570279
1.76397727531405e-06,0.0117399214907229,0.976657983238969,0.011602095270308,0.011602095270308,0.000137826220414926,0.999999918611528
1.8134978041965e-06,0.0114080406514657,0.977314062539428,0.0112778968091062,0.0112778968091062,0.000130143842359508,0.999999918651524
1.86440853397049e-06,0.0110858664383982,0.977951163996165,0.0109629695654368,0.0109629695654368,0.000122896872961421,0.999999918690308
1.91674849205681e-06,0.0107730961030652,0.978569867819563,0.0106570360773715,0.0106570360773715,0.000116060025693628,0.999999918727921
1.9705578015018e-06,0.0104694374550901,0.979170734624618,0.0103598279202917,0.0103598279202917,0.000109609534798367,0.9999999187644
2.02587771173502e-06,0.0101746084272128,0.979754306204856,0.0100710853679308,0.0100710853679309,0.000103523059281903,0.999999918799784
2.08275063019052e-06,0.00988833666224505,0.980321106268881,0.009790557068874,0.00979055706887404,9.7779593371048e-05,0.999999918834107
2.14122015481573e-06,0.00961035912060096,0.980871641141759,0.00951799973764035,0.00951799973764031,9.23593829606129e-05,0.999999918867405
2.20133110749303e-06,0.00934042170715364,0.981406400433311,0.00925317785953512,0.00925317785953508,8.7243847618517e-05,0.99999991889971
2.26312956839953e-06,0.0090782789162619,0.981925857675226,0.00899586340851233,0.00899586340851232,8.24155077495735e-05,0.999999918931055
2.32666291133146e-06,0.00882369349389042,0.982430470928769,0.00874583557734016,0.00874583557734013,7.78579165502535e-05,0.99999991896147
2.39197984002024e-06,0.00857643611582319,0.982920683364769,0.00850288051940787,0.00850288051940791,7.35555964153276e-05,0.999999918990986
2.45913042546804e-06,0.00833628508103943,0.983396923817405,0.00826679110155599,0.00826679110155595,6.94939794834376e-05,0.99999991901963
2.5281661443315e-06,0.00810302601938432,0.983859607313264,0.00803736666735173,0.00803736666735174,6.56593520325876e-05,0.99999991904743
2.59913991838293e-06,0.00787645161272643,0.984309135577006,0.00781441281026795,0.00781441281026796,6.20388024584753e-05,0.999999919074413
2.67210615507944e-06,0.00765636132884695,0.984745897514895,0.00759774115625826,0.00759774115625822,5.86201725886882e-05,0.999999919100604
2.74712078927081e-06,0.00744256116735699,0.98517026967739,0.00738716915525274,0.00738716915525272,5.53920121042511e-05,0.999999919126028
2.82424132607844e-06,0.00723486341698404,0.985582616701889,0.0071825198811271,0.00718251988112711,5.23435358569404e-05,0.99999991915071
2.90352688497781e-06,0.00703308642361283,0.985983291736661,0.00698362183972647,0.00698362183972651,4.94645838863693e-05,0.999999919174672
2.98503824511873e-06,0.00683705436850408,0.986372636846947,0.00679030878454892,0.00679030878454894,4.67455839551582e-05,0.999999919197936
3.06883789191764e-06,0.00664659705615201,0.98675098340413,0.00660241953971832,0.00660241953971829,4.41775164336919e-05,0.999999919220525
3.15499006495809e-06,0.00646154971127514,0.987118652458828,0.00641979782989703,0.00641979782989707,4.17518813781055e-05,0.999999919242458
3.24356080723581e-06,0.00628175278446632,0.987475955098724,0.00624229211680999,0.00624229211681003,3.94606676563294e-05,0.999999919263756
3.33461801578637e-06,0.0061070517660571,0.987823192791873,0.00606975544206976,0.00606975544206976,3.72963239873415e-05,0.999999919284438
3.42823149373397e-06,0.00593729700777905,0.98816065771621,0.00590204527601075,0.00590204527601075,3.52517317683046e-05,0.999999919304523
3.52447300380159e-06,0.00577234355182911,0.988488633075915,0.00573902337225606,0.00573902337225605,3.33201795730522e-05,0.99999991932403
3.62341632332315e-06,0.00561205096697038,0.988807393405273,0.00558055562775686,0.00558055562775682,3.14953392135217e-05,0.999999919342974
3.72513730080021e-06,0.00545628319132091,0.989117204860621,0.00542651194805768,0.00542651194805771,2.97712432632403e-05,0.999999919361375
3.82971391404628e-06,0.0053049083815038,0.989418325500941,0.00527676611755487,0.00527676611755487,2.81422639489227e-05,0.999999919379248
3.93722632996347e-06,0.00515779876785057,0.989711005557621,0.0051311956745279,0.00513119567452795,2.66030933226747e-05,0.999999919396609
4.04775696599732e-06,0.00501483051536793,0.989995487693897,0.00498968179073468,0.00498968179073473,2.51487246332522e-05,0.999999919413472
4.16139055331671e-06,0.00487588359019399,0.990272007254432,0.00485210915537364,0.00485210915537369,2.37744348203527e-05,0.999999919429854
4.27821420176762e-06,0.00474084163128578,0.990540792505489,0.00471836586322476,0.00471836586322479,2.24757680610274e-05,0.999999919445768
4.39831746665023e-06,0.00460959182709448,0.990802064866113,0.00458834330679242,0.00458834330679241,2.12485203020631e-05,0.999999919461229
4.5217924173707e-06,0.00448202479699769,0.991056039130721,0.00446193607228111,0.00446193607228115,2.00887247165789e-05,0.999999919476249
4.64873370802026e-06,0.0043580344772714,0.991302923683484,0.00433904183924421,0.00433904183924422,1.89926380271854e-05,0.999999919490842
4.7792386499356e-06,0.00423751801139554,0.991542920704851,0.00421956128375369,0.00421956128375373,1.79567276418502e-05,0.999999919505021
4.91340728629636e-06,0.00412037564449851,0.991776226370555,0.00410339798494636,0.00410339798494631,1.6977659552151e-05,0.999999919518797
5.05134246881677e-06,0.00400651062175609,0.992003031043435,0.00399045833480921,0.00399045833480923,1.60522869468833e-05,0.999999919532183
5.19314993659021e-06,0.00389582909057031,0.992223519458356,0.00388065145107326,0.00388065145107328,1.51776394970465e-05,0.99999991954519
5.33893839714736e-06,0.00378824000636253,0.992437870900546,0.00377388909309145,0.00377388909309145,1.4350913271077e-05,0.999999919557829
5.48881960978968e-06,0.003683655041824,0.992646259377594,0.00367008558058215,0.00367008558058213,1.35694612418489e-05,0.99999991957011
5.64290847126254e-06,0.00358198849947489,0.9928488537854,0.00356915771512546,0.00356915771512544,1.28307843494264e-05,0.999999919582045
5.80132310383338e-06,0.00348315722739067,0.993045818068304,0.00347102470430481,0.00347102470430484,1.21325230858557e-05,0.999999919593643
5.96418494584246e-06,0.00338708053796156,0.993237311373647,0.00337560808839114,0.00337560808839109,1.14724495704252e-05,0.999999919604914
6.13161884479577e-06,0.00329368012955784,0.99342348820097,0.00328283166947201,0.00328283166947201,1.08484600858223e-05,0.999999919615868
6.30375315307127e-06,0.00320288001097966,0.993604498546088,0.00319262144293217,0.00319262144293222,1.02585680474817e-05,0.999999919626514
6.48071982631197e-06,0.00311460642857655,0.993780488040227,0.00310490553119639,0.00310490553119644,9.70089738015768e-06,0.99999991963686
6.66265452458115e-06,0.00302878779592694,0.993951598084423,0.00301961411964955,0.0030196141196496,9.17367627738101e-06,0.999999919646916
6.84969671635745e-06,0.0029453546259734,0.994117965979374,0.00293667939465243,0.00293667939465241,8.67523132097567e-06,0.99999991965669
7.0419897854493e-06,0.00286423946551476,0.99427972505091,0.00285603548357553,0.00285603548357557,8.2039819392309e-06,0.999999919666189
7.23968114091088e-06,0.00278537683196018,0.994437004771263,0.00277761839677653,0.00277761839677654,7.75843518364653e-06,0.999999919675423
7.44292233004376e-06,0.00270870315225548,0.994589930876294,0.00270136597145007,0.00270136597145008,7.33718080541013e-06,0.999999919684397
7.65186915457082e-06,0.0026341567038959,0.994738625478822,0.00262721781728197,0.00262721781728202,6.93888661392125e-06,0.999999919693121
7.86668179007157e-06,0.00256167755794318,0.994883207178214,0.00255511526384242,0.00255511526384238,6.56229410076218e-06,0.9999999197016
8.08752490877046e-06,0.00249120752396938,0.995023791166375,0.00248500130965585,0.00248500130965588,6.20621431352789e-06,0.999999919709843
8.31456780577206e-06,0.00242269009685248,0.99516048933026,0.0024168205728876,0.00241682057288761,5.86952396487705e-06,0.999999919717855
8.54798452884042e-06,0.00235607040535299,0.995293410351057,0.00235051924358993,0.0023505192435899,5.55116176305356e-06,0.999999919725644
8.78795401182133e-06,0.00229129516240352,0.995422659800144,0.00228604503745256,0.0022860450374526,5.2501249509608e-06,0.999999919733215
9.03466021181053e-06,0.0022283126170464,0.995548340231949,0.00222334715100475,0.00222334715100477,4.96546604164892e-06,0.999999919740576
9.2882922501725e-06,0.00216707250795742,0.995670551273824,0.00216237621821862,0.0021623762182186,4.6962897388065e-06,0.999999919747731
9.54904455751808e-06,0.00210752601849635,0.995789389713039,0.00210308426846482,0.00210308426846477,4.44175003153164e-06,0.999999919754687
9.81711702275218e-06,0.00204962573322753,0.995904949580998,0.00204542468577423,0.00204542468577418,4.20104745329901e-06,0.999999919761449
1.00927151463057e-05,0.00199332559585633,0.996017322234783,0.00198935216936069,0.00198935216936066,3.97342649564097e-06,0.999999919768023
1.03760501976691e-05,0.00193858086852951,0.996126596436109,0.00193482269536188,0.00193482269536192,3.75817316762499e-06,0.999999919774415
1.06673393773486e-05,0.00188534809244972,0.996232858427793,0.00188179347975699,0.00188179347975698,3.55461269273854e-06,0.999999919780629
1.09668059833687e-05,0.00183358504975671,0.996336192007822,0.00183022294242142,0.00183022294242143,3.36210733528943e-06,0.99999991978667
1.12746795824495e-05,0.00178325072662937,0.99643667860109,0.00178007067228047,0.00178007067228043,3.18005434889546e-06,0.999999919792543
1.15911961859889e-05,0.00173430527756518,0.99653439732891,0.00173129739352511,0.00173129739352512,3.0078840400748e-06,0.999999919798254
1.19165984309856e-05,0.00168670999079491,0.996629425076351,0.00168386493285456,0.00168386493285454,2.84505794035885e-06,0.999999919803806
1.22511357660412e-05,0.00164042725479256,0.996721836557496,0.00163773618771182,0.00163773618771187,2.69106708073577e-06,0.999999919809204
1.25950646425836e-05,0.00159542052584188,0.996811704378679,0.00159287509547929,0.00159287509547929,2.54543036259459e-06,0.999999919814453
1.2948648711459e-05,0.00155165429662266,0.996899099099774,0.00154924660360298,0.00154924660360297,2.40769301968026e-06,0.999999919819556
1.33121590250431e-05,0.00150909406578102,0.996984089293604,0.00150681664061513,0.00150681664061516,2.27742516589008e-06,0.999999919824518
1.36858742450252e-05,0.00146770630844988,0.997066741603524,0.00146555208802584,0.00146555208802586,2.15422042404237e-06,0.999999919829342
1.40700808560269e-05,0.00142745844768677,0.997147120799257,0.00142542075305574,0.00142542075305574,2.03769463103068e-06,0.999999919834033
1.44650733852165e-05,0.00138831882679754,0.99722528983102,0.0013863913421825,0.00138639134218247,1.92748461504274e-06,0.999999919838594
1.48711546280895e-05,0.00135025668251575,0.997301309882009,0.00134843343547498,0.00134843343547498,1.8232470407728e-06,0.999999919843029
1.52886358805873e-05,0.00131324211900879,0.997375240419301,0.00131151746169,0.00131151746168995,1.72465731879118e-06,0.999999919847342
1.57178371777316e-05,0.0012772460826827,0.99744713924321,0.00127561467410724,0.00127561467410726,1.63140857545569e-06,0.999999919851535
1.61590875389592e-05,0.00124224033775898,0.997517062535162,0.00124069712707902,0.00124069712707899,1.54321067995735e-06,0.999999919855613
1.66127252203429e-05,0.00120819744259742,0.99758506490413,0.00120673765327213,0.00120673765327212,1.45978932528856e-06,0.999999919859578
1.70790979738943e-05,0.00117509072674028,0.99765119943168,0.00117370984158018,0.00117370984158015,1.38088516010588e-06,0.999999919863433
1.75585633141447e-05,0.00114289426865377,0.997715517715661,0.00114158801568514,0.00114158801568509,1.30625296863266e-06,0.999999919867182
1.80514887922111e-05,0.00111158287414388,0.997778069912608,0.00111034721324797,0.00111034721324792,1.23566089591001e-06,0.999999919870828
1.85582522775552e-05,0.00108113205542448,0.997838904778867,0.00107996316570862,0.00107996316570858,1.16888971585796e-06,0.999999919874373
1.90792422476527e-05,0.00105151801081616,0.997898069710507,0.00105041227867641,0.00105041227867641,1.10573213975314e-06,0.99999991987782
1.96148580857943e-05,0.00102271760505552,0.997955610782052,0.00102167161289265,0.00102167161289262,1.04599216286563e-06,0.999999919881172
2.01655103872475e-05,0.000994708350194842,0.998011572784057,0.000993718865747717,0.000993718865747769,9.89484447125544e-07,0.999999919884432
2.07316212740123e-05,0.000967468387073318,0.998065999259591,0.000966532353335507,0.000966532353335518,9.36033737810784e-07,0.999999919887602
2.13136247184144e-05,0.000940976467341205,0.99811893253963,0.000940090993028844,0.000940090993028884,8.85474312361111e-07,0.999999919890685
2.19119668757815e-05,0.000915211936019372,0.998170413777421,0.000914374286559842,0.000914374286559855,8.37649459530832e-07,0.999999919893682
2.25271064264598e-05,0.000890154714577023,0.998220482981833,0.00088936230358983,0.000889362303589787,7.92410987193302e-07,0.999999919896598
2.31595149274315e-05,0.00086578528451116,0.998269179049735,0.000865035665753954,0.000865035665753951,7.4961875720568e-07,0.999999919899433
2.38096771738036e-05,0.000842084671411843,0.998316539797422,0.000841375531166011,0.00084137553116597,7.09140245831918e-07,0.99999991990219
2.44780915704444e-05,0.000819034429497944,0.998362601991132,0.000818363579369637,0.000818363579369586,6.708501283066e-07,0.999999919904871
2.51652705140539e-05,0.000796616626608533,0.998407401376669,0.000795981996722331,0.000795981996722299,6.34629886201816e-07,0.999999919907478
2.58717407859592e-05,0.00077481382963565,0.998450972708165,0.000774213462199316,0.000774213462199276,6.00367436334409e-07,0.999999919910014
2.65980439559376e-05,0.000753609090384609,0.998493349776011,0.000753041133604588,0.000753041133604605,5.6795678002169e-07,0.99999991991248
2.73447367973758e-05,0.00073298593184856,0.998534565433974,0.000732448634177,0.000732448634176987,5.37297671560564e-07,0.999999919914878
2.81123917140846e-05,0.000712928334884399,0.998574651625536,0.000712420039579531,0.000712420039579554,5.08295304867875e-07,0.99999991991721
2.89015971790951e-05,0.000693420725277615,0.998613639409462,0.000692939865260335,0.000692939865260368,4.80860017279217e-07,0.999999919919478
2.97129581857733e-05,0.00067444796118407,0.998651558984641,0.00067399305417451,0.000673993054174512,4.54907009559448e-07,0.999999919921684
3.05470967115997e-05,0.000655995320937082,0.998688439714207,0.000655564964855851,0.000655564964855852,4.30356081230929e-07,0.999999919923829
3.14046521949675e-05,0.000638048491208634,0.998724310148963,0.000637641359828259,0.000637641359828242,4.07131380375402e-07,0.999999919925915
3.22862820253673e-05,0.000620593555513839,0.998759198050139,0.000620208394346727,0.000620208394346698,3.85161167112375e-07,0.999999919927944
3.31926620473319e-05,0.000603616983048216,0.998793130411494,0.000603252605458214,0.000603252605458249,3.64377590001267e-07,0.999999919929917
3.41244870785289e-05,0.000587105617847607,0.998826133480779,0.000586760901372951,0.000586760901372972,3.44716474656376e-07,0.999999919931837
3.50824714423979e-05,0.00057104666826099,0.998858232780602,0.000570720551137087,0.000570720551137081,3.26117123903284e-07,0.999999919933703
3.60673495157403e-05,0.000555427696726672,0.998889453128675,0.00055511917459783,0.000555119174597831,3.08522128842493e-07,0.999999919935518
3.70798762916817e-05,0.000540236609842731,0.998919818657505,0.00053994473265251,0.000539944732652481,2.9187719022134e-07,0.999999919937283
3.81208279584389e-05,0.000525461648722823,0.998949352833504,0.000525185517773275,0.000525185517773231,2.76130949548342e-07,0.999999919939
3.9191002494334e-05,0.000511091379628793,0.998978078475572,0.000510830144799377,0.000510830144799356,2.61234829415535e-07,0.99999991994067
4.02912202795135e-05,0.000497114684871785,0.999006017773139,0.000496867541989262,0.000496867541989304,2.47142882523885e-07,0.999999919942294
4.1422324724839e-05,0.000483520753973835,0.999033192303701,0.0004832869423249,0.00048328694232492,2.3381164893478e-07,0.999999919943873
4.25851829184341e-05,0.000470299075082141,0.999059623049857,0.000470077875061044,0.000470077875061011,2.21200021096972e-07,0.99999991994541
4.37806862903817e-05,0.000457439426628534,0.999085330415859,0.000457230157512311,0.000457230157512347,2.09269116223227e-07,0.999999919946904
4.50097512960805e-05,0.000444931869226832,0.999110334243702,0.000444733887071218,0.000444733887071176,1.97982155614394e-07,0.999999919948357
4.62733201187869e-05,0.000432766737801035,0.999134653828748,0.000432579433450484,0.000432579433450522,1.87304350550844e-07,0.99999991994977
4.75723613918789e-05,0.000420934633937536,0.999158307934919,0.000420757431143144,0.000420757431143132,1.77202794392104e-07,0.999999919951144
4.89078709413959e-05,0.000409426418454731,0.999181314809451,0.000409258772094185,0.000409258772094221,1.67646360545369e-07,0.999999919952481
5.02808725494247e-05,0.000398233204183627,0.999203692197239,0.000398074598577645,0.000398074598577671,1.58605605982174e-07,0.999999919953781
5.1692418738916e-05,0.000387346348953237,0.999225457354774,0.000387196296273237,0.000387196296273236,1.50052680000207e-07,0.999999919955046
5.31435915805324e-05,0.000376757448774759,0.999246627063688,0.000376615487536815,0.000376615487536855,1.41961237943878e-07,0.999999919956275
5.46355035221488e-05,0.000366458331218705,0.999267217643922,0.000366324024859092,0.000366324024859061,1.3430635961299e-07,0.999999919957472
5.6169298241638e-05,0.00035644104897935,0.999287244966513,0.000356313984507247,0.000356313984507206,1.27064472103739e-07,0.999999919958635
5.77461515235983e-05,0.000346697873621027,0.999306724466035,0.000346577660344187,0.000346577660344227,1.20213276840295e-07,0.999999919959767
5.93672721606913e-05,0.000337221289500964,0.999325671152679,0.000337107557820396,0.000337107557820362,1.13731680568487e-07,0.999999919960867
6.10339028802862e-05,0.000328003987863535,0.999344099624003,0.00032789638813344,0.000327896388133408,1.07599730095632e-07,0.999999919961937
6.27473212971157e-05,0.000319038861100941,0.999362024076349,0.000318937062550368,0.000318937062550394,1.01798550572394e-07,0.999999919962979
6.4508840892677e-05,0.000310318997175494,0.999379458315936,0.00031022268688837,0.000310222686888397,9.63102871237442e-08,0.999999919963991
6.63198120221268e-05,0.000301837674198838,0.999396415769652,0.000301746556149191,0.000301746556149171,9.11180496466402e-08,0.999999919964976
6.81816229494448e-05,0.000293588355163541,0.999412909495534,0.000293502149302939,0.00029350214930294,8.62058606020428e-08,0.999999919965934
7.00957009116562e-05,0.000285564682822694,0.99942895219296,0.000285483124217056,0.000285483124217066,8.15586056383088e-08,0.999999919966865
7.20635132129306e-05,0.000277760474713223,0.99944455621256,0.000277683312726331,0.000277683312726324,7.7161986891915e-08,0.999999919967771
7.40865683493957e-05,0.000270169718318797,0.999459733565841,0.000270096715839977,0.000270096715839923,7.30024788198859e-08,0.999999919968653
7.61664171655289e-05,0.000262786566368303,0.99947449593455,0.000262717499081876,0.000262717499081853,6.90672864262549e-08,0.99999991996951
7.83046540430118e-05,0.000255605332266006,0.999488854679774,0.000255539987960254,0.000255539987960219,6.53443057524143e-08,0.999999919970344
8.05029181229597e-05,0.00024862048564962,0.999502820850787,0.000248558663563112,0.000248558663563147,6.18220865083065e-08,0.999999919971155
8.27628945624635e-05,0.000241826648072618,0.999516405193651,0.00024176815827589,0.000241768158275901,5.8489796728131e-08,0.999999919971943
8.50863158264058e-05,0.000235218588807238,0.999529618159575,0.000235163251617898,0.0002351632516179,5.53371893405877e-08,0.99999991997271
8.74749630155442e-05,0.000228791220764731,0.999542469913041,0.000228738866194181,0.000228738866194193,5.23545705496708e-08,0.999999919973457
8.99306672318761e-05,0.000222539596529507,0.999554970339711,0.000222490063759579,0.000222490063759525,4.9532769927705e-08,0.999999919974182
9.24553109823358e-05,0.000216458904503939,0.999567129054104,0.000216412041391812,0.000216412041391785,4.68631121276682e-08,0.999999919974888
9.50508296218951e-05,0.000210544465160671,0.999578955407069,0.000210500127770544,0.00021050012777057,4.43373901269114e-08,0.999999919975575
9.771921283718e-05,0.000204791727399362,0.999590458493041,0.000204749779559443,0.000204749779559459,4.19478399191737e-08,0.999999919976242
0.000100462506171734,0.000199196265004929,0.999601647157107,0.000199156577888353,0.000199156577888317,3.96871165763179e-08,0.999999919976892
0.000103282812594103,0.000193753773204373,0.999612530001863,0.000193716224932768,0.000193716224932729,3.75482716054858e-08,0.999999919977524
0.000106182294109938,0.000188460065319424,0.999623115394093,0.000188424540587892,0.000188424540587922,3.55247315314202e-08,0.999999919978138
0.000109163173419361,0.00018331106951227,0.999633411471253,0.000183277459234633,0.000183277459234666,3.36102776375176e-08,0.999999919978736
0.000112227735620851,0.000178302825621755,0.999643426147783,0.000178271026594952,0.000178271026594903,3.17990268027963e-08,0.999999919979317
0.000115378329962966,0.000173431482087467,0.999653167121238,0.000173401396674091,0.000173401396674116,3.00854133753729e-08,0.999999919979882
0.000118617371645248,0.000168693292959262,0.999662641878253,0.000168664828787236,0.00016866482878725,2.84641720262773e-08,0.999999919980433
0.000121947343669674,0.000164084614989785,0.999671857700342,0.000164057684668254,0.000164057684668267,2.69303215304804e-08,0.999999919980967
0.000125370798744092,0.000159601904807667,0.999680821669534,0.000159576425658242,0.000159576425658241,2.54791494249062e-08,0.999999919981488
0.000128890361239089,0.000155241716169124,0.999689540673859,0.000155217609971628,0.000155217609971587,2.41061974959185e-08,0.999999919981994
0.000132508729199795,0.000151000697285742,0.999698021412677,0.000150977890037691,0.000150977890037651,2.28072480513597e-08,0.999999919982486
0.000136228676414165,0.000146875588226317,0.999706270401858,0.000146854009915382,0.000146854009915351,2.15783109346544e-08,0.999999919982965
0.000140053054539322,0.000142863218390658,0.99971429397883,0.000142842802779417,0.000142842802779405,2.04156112408006e-08,0.99999991998343
0.000143984795287601,0.000138960504053346,0.999722098307471,0.00013894118847565,0.000138941188475602,1.93155776962483e-08,0.999999919983883
0.000148026912673951,0.000135164445975476,0.999729689382881,0.00013514617114381,0.000135146171143764,1.82748316667308e-08,0.999999919984324
0.000152182505326439,0.000131472127082476,0.999737073036012,0.000131454836905717,0.000131454836905743,1.72901767590613e-08,0.999999919984752
0.00015645475886161,0.00012788071020616,0.999744254938177,0.000127864351617175,0.000127864351617194,1.63585889847518e-08,0.999999919985169
0.000160846948326536,0.000124387435889207,0.999751240605429,0.000124371958681752,0.000124371958681712,1.54772074550551e-08,0.999999919985574
0.000165362440709418,0.000120989620250331,0.999758035402825,0.000120974976924752,0.00012097497692474,1.46433255786789e-08,0.999999919985969
0.000170004697520672,0.000117684652908429,0.999764644548566,0.000117670798525694,0.000117670798525731,1.38543827349781e-08,0.999999919986352
0.000174777277446468,0.000114469994964079,0.999771073118028,0.000114456887007682,0.000114456887007657,1.31079563969086e-08,0.999999919986725
0.000179683839076772,0.000111343177036764,0.999777326047681,0.000111330775282085,0.000111330775282133,1.24017546794159e-08,0.999999919987088
0.000184728143709964,0.00010830179735629,0.999783408138897,0.000108290063747,0.000108290063747053,1.17336092902539e-08,0.999999919987441
0.000189914058236194,0.000105343519906869,0.999789324061655,0.000105332418438008,0.000105332418438026,1.11014688614726e-08,0.999999919987784
0.000195245558101686,0.000102466072622403,0.999795078358148,0.000102455569229762,0.000102455569229748,1.05033926409925e-08,0.999999919988118
0.000200726730356257,9.96672456315534e-05,0.999800675446281,9.96573080870286e-05,9.96573080870738e-05,9.93754452480091e-09,0.999999919988443
0.000206361776786386,9.69448895511887e-05,0.999806119623085,9.69354873637774e-05,9.69354873637346e-05,9.40218741135663e-09,0.999999919988759
0.000212155017136245,9.42969138268882e-05,0.999811415068024,9.42880181490274e-05,9.42880181490443e-05,8.89567786078705e-09,0.999999919989066
0.000218110892419152,9.17212851191712e-05,0.999816565846223,9.17128686581288e-05,9.17128686581353e-05,8.4164610424056e-09,0.999999919989365
0.000224233968321985,8.92160257341951e-05,0.999821575911598,8.92080626682401e-05,8.92080626682118e-05,7.96306595496854e-09,0.999999919989656
0.000230528938705171,8.67792120976795e-05,0.999826449109906,8.67716779967745e-05,8.67716779967299e-05,7.53410090493302e-09,0.999999919989939
0.000237000629200933,8.44089732708577e-05,0.999831189181708,8.4401845021629e-05,8.44018450215953e-05,7.12824922877643e-09,0.999999919990214
0.000243654000912547,8.21034895072899e-05,0.999835799765251,8.20967452420437e-05,8.20967452419889e-05,6.74426524619134e-09,0.999999919990481
0.00025049415421745,7.98609908494004e-05,0.999840284399272,7.98546098789687e-05,7.98546098789602e-05,6.38097043168304e-09,0.999999919990741
0.00025752633267712,7.76797557636416e-05,0.999844646525722,7.76737185138489e-05,7.76737185138892e-05,6.03724979277263e-09,0.999999919990994
0.000264755927056707,7.55581098132105e-05,0.999848889492422,7.55523977647669e-05,7.5552397764779e-05,5.71204844364544e-09,0.99999991999124
0.000272188479457518,7.34944243672787e-05,0.999853016555634,7.3489019998915e-05,7.34890199988657e-05,5.40436836368932e-09,0.99999991999148
0.000279829687565512,7.1487115345722e-05,0.999857030882574,7.14820020803911e-05,7.14820020803397e-05,5.11326533093686e-09,0.999999919991713
0.000287685409019059,6.953464199837e-05,0.999860935553849,6.9529804152349e-05,6.95298041523795e-05,4.83784602096714e-09,0.999999919991939
0.000295761665899326,6.76355057178165e-05,0.99986473356583,6.76309284525542e-05,6.76309284525726e-05,4.57726526233175e-09,0.99999991999216
0.000304064649346707,6.5788248884865e-05,0.999868427832954,6.57839181614249e-05,6.5783918161425e-05,4.33072344005396e-09,0.999999919992374
0.00031260072430687,6.39914537457031e-05,0.999872021189973,6.39873562816639e-05,6.39873562816485e-05,4.09746403920593e-09,0.999999919992583
0.000321376434410028,6.22437413199324e-05,0.999875516394131,6.22398645486114e-05,6.22398645486537e-05,3.87677132100182e-09,0.999999919992785
0.000330398506987186,6.05437703385976e-05,0.999878916127291,6.05401023704733e-05,6.05401023704404e-05,3.66796812425263e-09,0.999999919992983
0.000339673858227221,5.88902362113877e-05,0.999882222997991,5.88867657976023e-05,5.88867657976019e-05,3.47041378541569e-09,0.999999919993175
0.000349209598478727,5.72818700222021e-05,0.999885439543458,5.72785865200313e-05,5.72785865200321e-05,3.28350217083701e-09,0.999999919993361
0.000359013037700707,5.57174375522992e-05,0.999888568231555,5.57143308924841e-05,5.57143308924482e-05,3.10665981513124e-09,0.999999919993543
0.000369091691066277,5.41957383302661e-05,0.999891611462684,5.41927989861061e-05,5.41927989860513e-05,2.9393441599702e-09,0.999999919993719
0.000379453284723694,5.27156047080674e-05,0.999894571571626,5.27128236661796e-05,5.27128236661761e-05,2.78104188786139e-09,0.999999919993891
0.000390105761719099,5.12759009624568e-05,0.999897450829342,5.1273269695111e-05,5.12732696950942e-05,2.63126734578996e-09,0.999999919994058
0.00040105728808555,4.98755224210473e-05,0.999900251444719,4.98730328599934e-05,4.98730328600067e-05,2.48956105387466e-09,0.99999991999422
0.000412316259102975,4.85133946123647e-05,0.999902975566264,4.85110391240702e-05,4.85110391240166e-05,2.35548829445056e-09,0.999999919994378
0.000423891305733878,4.71884724392197e-05,0.999905625283759,4.71862438014425e-05,4.71862438014108e-05,2.2286377772385e-09,0.999999919994532
0.000435791301239703,4.58997393747581e-05,0.999908202629871,4.58976307543816e-05,4.58976307543405e-05,2.10862037649616e-09,0.999999919994682
0.000448025367982949,4.46462066805622e-05,0.999910709581707,4.46442116126259e-05,4.46442116126353e-05,1.99506793626674e-09,0.999999919994827
0.00046060288442024,4.34269126461976e-05,0.99991314806234,4.34250250140576e-05,4.34250250140285e-05,1.88763214005171e-09,0.999999919994969
0.000473533492291712,4.22409218496145e-05,0.999915519942284,4.2239135866173e-05,4.223913586616e-05,1.78598344143153e-09,0.999999919995106
0.000486827104012228,4.10873244378278e-05,0.999917827040934,4.10856346277754e-05,4.10856346278239e-05,1.68981005234677e-09,0.99999991999524
0.000500493910270095,3.99652354273198e-05,0.999920071127962,3.99636366103338e-05,3.99636366103514e-05,1.59881698592885e-09,0.99999991999537
0.000514544387839092,3.88737940236208e-05,0.999922253924678,3.88722812984698e-05,3.88722812984508e-05,1.51272515093806e-09,0.999999919995497
0.000528989307609816,3.78121629595413e-05,0.999924377105351,3.78107316890463e-05,3.78107316890335e-05,1.43127049502502e-09,0.99999991999562
0.00054383974284648,3.67795278515423e-05,0.9999264422985,3.67781736483481e-05,3.67781736483178e-05,1.35420319418213e-09,0.99999991999574
0.000559107077675529,3.57750965737432e-05,0.999928451088139,3.57738152868573e-05,3.57738152868207e-05,1.28128688589365e-09,0.999999919995856
0.000574803015812535,3.4798098649085e-05,0.999930405015,3.47968863511414e-05,3.47968863511691e-05,1.21229794362762e-09,0.999999919995969
