1.45991865247398e-07,0.358857019897137,0.487757205441684,0.153385774661179,0.153385774661179,0.205471245235959,0.999999888740635
1.50090327557974e-07,0.402321834873943,0.437372179727096,0.160305985398961,0.160305985398961,0.242015849474982,0.999999878621115
1.54303846918356e-07,0.429946116778815,0.406658913192081,0.163394970029103,0.163394970029103,0.266551146749712,0.999999871213607
1.58635653350859e-07,0.452205614416317,0.382650586931033,0.16514379865265,0.16514379865265,0.287061815763667,0.999999864592013
1.63089067554933e-07,0.47144844819166,0.362428345206731,0.166123206601608,0.166123206601608,0.305325241590052,0.999999858333384
1.6766750345277e-07,0.488675177352931,0.34474365651999,0.166581166127079,0.166581166127079,0.322094011225852,0.999999852259476
1.72374470806362e-07,0.504424024302458,0.328922356613511,0.166653619084031,0.166653619084031,0.337770405218426,0.999999846274709
1.77213577908036e-07,0.519024574414445,0.314550048232529,0.166425377353026,0.166425377353026,0.352599197061419,0.99999984032024
1.82188534346517e-07,0.532696323621411,0.301349709213465,0.165953967165124,0.165953967165124,0.366742356456287,0.999999834356306
1.87303153850643e-07,0.545594365011338,0.289124865597095,0.165280769391568,0.165280769391568,0.38031359561977,0.999999828354114
1.9256135721292e-07,0.557833231725578,0.277729889999056,0.164436878275367,0.164436878275367,0.393396353450211,0.99999982229165
1.97967175295133e-07,0.56950045304488,0.267053088927919,0.1634464580272,0.1634464580272,0.40605399501768,0.999999816151319
2.03524752118358e-07,0.580664780966041,0.257006423669721,0.162328795364238,0.162328795364238,0.418335985601803,0.999999809918526
2.09238348039698e-07,0.591381445948845,0.247518933250405,0.16109962080075,0.16109962080075,0.430281825148095,0.999999803580769
2.15112343018217e-07,0.601695657576875,0.238532347067325,0.159771995355799,0.159771995355799,0.441923662221076,0.99999979712705
2.21151239972549e-07,0.611645018103607,0.229998055441052,0.158356926455341,0.158356926455341,0.453288091648266,0.999999790547463
2.27359668232772e-07,0.621261235600074,0.221874956103369,0.156863808296558,0.156863808296557,0.464397427303516,0.999999783832906
2.33742387089181e-07,0.63057137059092,0.214127884844923,0.155300744564157,0.155300744564157,0.475270626026763,0.999999776974877
2.40304289440697e-07,0.639598762980854,0.206726447016198,0.153674790002948,0.153674790002948,0.485923972977906,0.999999769965312
2.47050405545683e-07,0.648363734402886,0.199644130986733,0.151992134610381,0.151992134610381,0.496371599792505,0.999999762796475
2.53985906878073e-07,0.656884129373344,0.192857624274277,0.150258246352379,0.150258246352379,0.506625883020965,0.999999755460861
2.61116110091746e-07,0.665175738531309,0.186346278162533,0.148477983306158,0.148477983306158,0.516697755225151,0.99999974795113
2.68446481096197e-07,0.673252634159646,0.18009168297346,0.146655682866895,0.146655682866895,0.526596951292751,0.999999740260048
2.75982639246618e-07,0.681127439471325,0.174077327059974,0.144795233468701,0.1447952334687,0.536332206002624,0.999999732380439
2.83730361651621e-07,0.688811547216751,0.168288320008173,0.142900132775076,0.142900132775076,0.545911414441675,0.999999724305154
2.91695587601879e-07,0.69631529905791,0.162711165690974,0.140973535251117,0.140973535251117,0.555341763806793,0.999999716027031
2.99884423123102e-07,0.703648134257468,0.15733357445364,0.139018291288892,0.139018291288892,0.564629842968576,0.999999707538872
3.08303145656828e-07,0.71081871415697,0.152144306321005,0.137036979522024,0.137036979522024,0.573781734634946,0.999999698833421
3.16958208872612e-07,0.717835027414297,0.147133039013742,0.135031933571961,0.135031933571961,0.582803093842337,0.999999689903344
3.25856247615323e-07,0.724704479867609,0.142290255958243,0.133005264174148,0.133005264174148,0.591699215693461,0.999999680741206
3.35004082991314e-07,0.731433972077008,0.137607150514902,0.130958877408089,0.130958877408089,0.600475094668919,0.999999671339463
3.44408727597382e-07,0.738029966988071,0.133075543431207,0.128894489580722,0.128894489580722,0.609135477407349,0.999999661690441
3.54077390896527e-07,0.744498549709177,0.128687811117743,0.12681363917308,0.12681363917308,0.617684910536097,0.999999651786327
3.64017484744614e-07,0.750845481059902,0.124436822795142,0.124717696144956,0.124717696144956,0.626127784914945,0.999999641619152
3.74236629072198e-07,0.757076246304871,0.120315884902193,0.122607868792935,0.122607868792935,0.634468377511937,0.999999631180787
3.84742657725851e-07,0.76319610031921,0.116318691414017,0.120485208266773,0.120485208266773,0.642710892052437,0.999999620462925
3.9554362447347e-07,0.769210110327449,0.112439278910967,0.118350610761584,0.118350610761584,0.650859499565865,0.999999609457072
4.06647809178186e-07,0.775123197312454,0.108671985375163,0.116204817312383,0.116204817312383,0.658918380000071,0.999999598154539
4.18063724145576e-07,0.780940177204675,0.105011411778758,0.114048411016567,0.114048411016567,0.666891766188108,0.99999958654643
4.2980012064908e-07,0.786665803040706,0.101452385568775,0.111881811390519,0.111881811390519,0.674783991650187,0.999999574623634
4.41865995638594e-07,0.792304809436245,0.0979899251459563,0.109705265417799,0.109705265417799,0.682599544018446,0.999999562376813
4.54270598637404e-07,0.797861960974163,0.0946192043726818,0.107518834653155,0.107518834653155,0.690343126321007,0.999999549796392
4.67023438832733e-07,0.803342106498799,0.0913355160144536,0.105322377486747,0.105322377486747,0.698019729012052,0.999999536872553
4.80134292365345e-07,0.808750241888854,0.0881342327976666,0.10311552531348,0.10311552531348,0.705634716575374,0.999999523595219
4.93613209823792e-07,0.814091584742077,0.085010764415609,0.100897650842314,0.100897650842315,0.713193933899762,0.999999509954049
5.07470523949047e-07,0.819371665687427,0.0819605082731657,0.0986678260394072,0.0986678260394072,0.72070383964802,0.999999495938422
5.21716857555435e-07,0.824596442976807,0.0789787909266122,0.096424766096581,0.096424766096581,0.728171676880226,0.999999481537429
5.36363131673925e-07,0.829772449987538,0.0760607958768227,0.094166754135639,0.094166754135639,0.735605695851899,0.99999946673986
5.5142057392403e-07,0.834906989958098,0.0732014713160249,0.0918915387258775,0.0918915387258774,0.74301545123222,0.999999451534189
5.66900727120743e-07,0.840008399875095,0.0703954080818548,0.0895961920430506,0.0895961920430506,0.750412207832044,0.999999435908557
5.82815458123084e-07,0.84508641813323,0.0676366724600804,0.0872769094066899,0.0872769094066899,0.75780950872654,0.999999419850759
5.99176966931061e-07,0.850152712659767,0.0649185687080533,0.08492871863218,0.0849287186321799,0.765223994027587,0.999999403348217
6.15997796038017e-07,0.855221666287077,0.0622332883968152,0.0825450453161078,0.0825450453161077,0.772676620970969,0.999999386387952
6.33290840045511e-07,0.860311592959969,0.0595713695754513,0.0801170374645794,0.0801170374645794,0.78019455549539,0.99999936895655
6.51069355548147e-07,0.865446715249176,0.0569208190321828,0.0776324657186407,0.0776324657186407,0.787814249530536,0.999999351040096
6.69346971295867e-07,0.870660580565489,0.0542655965494438,0.0750738228850673,0.0750738228850673,0.795586757680422,0.999999332624091
6.88137698641567e-07,0.876002442112526,0.0515827819612732,0.0724147759262013,0.0724147759262013,0.803587666186324,0.999999313693287
7.07455942281988e-07,0.881550503795806,0.0488366872229565,0.0696128089812375,0.0696128089812376,0.811937694814568,0.999999294231356
7.27316511300145e-07,0.8874439422833,0.0459645963388543,0.0665914613778462,0.0665914613778461,0.820852480905453,0.999999274220122
7.47734630517758e-07,0.893981982262154,0.0428325522708248,0.0631854654670212,0.0631854654670211,0.830796516795133,0.999999253637184
7.68725952166374e-07,0.902136292683361,0.0390061054873156,0.0588576018293232,0.0588576018293232,0.843278690854038,0.999999232443646
