1e-09,0.95237335763197,0.012940848267063,0.0346857941009674,0.0346857941009674,0.917687563531002,0.999999999000168
1.02807322383086e-09,0.952373144345323,0.0129409139881531,0.0346859416665239,0.0346859416665238,0.917687202678799,0.999999998972099
1.05693455355799e-09,0.952372925066615,0.0129409815556798,0.0346860933777053,0.0346860933777053,0.91768683168891,0.999999998943243
1.0866061138546e-09,0.952372699627377,0.0129410510215604,0.0346862493510628,0.0346862493510628,0.917686450276314,0.999999998913576
1.11711065050482e-09,0.952372467854397,0.0129411224391741,0.034686409706429,0.034686409706429,0.917686058147968,0.999999998883076
1.14847154784029e-09,0.952372229569585,0.0129411958634037,0.034686574567011,0.034686574567011,0.917685655002574,0.999999998851721
1.18071284666619e-09,0.952371984589837,0.0129412713506777,0.0346867440594856,0.0346867440594857,0.917685240530351,0.999999998819485
1.21385926269063e-09,0.952371732726888,0.0129413489590144,0.0346869183140971,0.0346869183140971,0.917684814412791,0.999999998786344
1.24793620547131e-09,0.952371473787175,0.0129414287480668,0.0346870974647584,0.0346870974647583,0.917684376322417,0.999999998752273
1.28296979789415e-09,0.952371207571677,0.0129415107791685,0.0346872816491544,0.0346872816491544,0.917683925922523,0.999999998717245
1.31898689619867e-09,0.95237093387577,0.0129415951153814,0.034687471008849,0.0346874710088489,0.917683462866921,0.999999998681234
1.35601511056563e-09,0.952370652489061,0.0129416818215448,0.0346876656893944,0.0346876656893945,0.917682986799666,0.999999998644212
1.39408282628258e-09,0.95237036319523,0.0129417709643254,0.0346878658404441,0.034687865840444,0.917682497354786,0.999999998606151
1.43321922550358e-09,0.952370065771862,0.0129418626122691,0.0346880716158687,0.0346880716158687,0.917681994155993,0.999999998567021
1.47345430961984e-09,0.95236975999027,0.0129419568358542,0.0346882831738755,0.0346882831738754,0.917681476816395,0.999999998526792
1.51481892225835e-09,0.952369445615323,0.0129420537075463,0.0346885006771308,0.0346885006771307,0.917680944938192,0.999999998485435
1.55734477292614e-09,0.952369122405259,0.0129421533018541,0.0346887242928865,0.0346887242928865,0.917680398112373,0.999999998442916
1.60106446131832e-09,0.952368790111502,0.012942255695388,0.0346889541931097,0.0346889541931098,0.917679835918393,0.999999998399204
1.64601150230855e-09,0.952368448478465,0.0129423609669187,0.0346891905546163,0.0346891905546163,0.917679257923849,0.999999998354264
1.69222035164104e-09,0.952368097243352,0.0129424691974394,0.0346894335592081,0.0346894335592081,0.917678663684144,0.999999998308063
1.7397264323438e-09,0.952367736135958,0.0129425804702282,0.0346896833938143,0.0346896833938142,0.917678052742143,0.999999998260565
1.78856616188346e-09,0.95236736487845,0.012942694870913,0.0346899402506367,0.0346899402506367,0.917677424627814,0.999999998211733
1.83877698008233e-09,0.952366983185163,0.0129428124875382,0.0346902043272991,0.0346902043272992,0.917676778857864,0.999999998161531
1.89039737781922e-09,0.952366590762366,0.0129429334106333,0.0346904758270012,0.0346904758270011,0.917676114935364,0.999999998109919
1.94346692653602e-09,0.95236618730804,0.0129430577332834,0.0346907549586763,0.0346907549586764,0.917675432349364,0.999999998056859
1.99802630857255e-09,0.952365772511644,0.0129431855512016,0.0346910419371545,0.0346910419371544,0.917674730574489,0.999999998002308
2.05411734835306e-09,0.952365346053866,0.012943316962804,0.0346913369833295,0.0346913369833295,0.917674009070537,0.999999997946227
2.11178304444824e-09,0.952364907606383,0.0129434520692861,0.034691640324331,0.034691640324331,0.917673267282052,0.999999997888571
2.17106760253726e-09,0.952364456831596,0.0129435909747019,0.0346919521937018,0.0346919521937018,0.917672504637895,0.999999997829296
2.23201646929523e-09,0.952363993382375,0.0129437337860453,0.0346922728315796,0.0346922728315795,0.917671720550796,0.999999997768357
2.29467636723194e-09,0.952363516901782,0.0129438806133334,0.0346926024848847,0.0346926024848846,0.917670914416897,0.999999997705708
2.35909533050864e-09,0.952363027022795,0.0129440315696929,0.0346929414075125,0.0346929414075126,0.917670085615282,0.9999999976413
2.42532274176036e-09,0.95236252336802,0.0129441867714481,0.0346932898605322,0.0346932898605321,0.917669233507488,0.999999997575084
2.49340936995188e-09,0.952362005549397,0.0129443463382126,0.0346936481123901,0.0346936481123901,0.917668357437007,0.999999997507008
2.56340740929651e-09,0.952361473167898,0.0129445103929821,0.0346940164391203,0.0346940164391204,0.917667456728777,0.999999997437022
2.63537051926739e-09,0.952360925813208,0.0129446790622315,0.03469439512456,0.0346943951245601,0.917666530688648,0.999999997365071
2.70935386573205e-09,0.952360363063414,0.0129448524760138,0.0346947844605719,0.0346947844605718,0.917665578602842,0.9999999972911
2.78541416324176e-09,0.952359784484665,0.012945030768062,0.0346951847472729,0.0346951847472728,0.917664599737392,0.999999997215053
2.86360971850811e-09,0.952359189630837,0.0129452140758941,0.0346955962932689,0.0346955962932689,0.917663593337568,0.99999999713687
2.94400047510004e-09,0.952358578043181,0.0129454025409214,0.0346960194158973,0.0346960194158974,0.917662558627284,0.999999997056493
3.0266480593957e-09,0.952357949249965,0.0129455963085593,0.0346964544414756,0.0346964544414755,0.91766149480849,0.999999996973859
3.11161582782436e-09,0.952357302766101,0.0129457955283419,0.0346969017055576,0.0346969017055576,0.917660401060543,0.999999996888906
3.19896891543454e-09,0.952356638092763,0.0129460003540396,0.0346973615531973,0.0346973615531972,0.917659276539566,0.999999996801567
3.28877428582551e-09,0.952355954717,0.0129462109437802,0.0346978343392199,0.03469783433922,0.91765812037778,0.999999996711777
3.38110078248068e-09,0.952355252111325,0.0129464274601737,0.0346983204285011,0.0346983204285011,0.917656931682824,0.999999996619466
3.47601918154197e-09,0.952354529733305,0.0129466500704404,0.0346988201962541,0.034698820196254,0.917655709537051,0.999999996524563
3.57360224606578e-09,0.952353787025131,0.0129468789465433,0.0346993340283257,0.0346993340283258,0.917654452996805,0.999999996426997
3.67392478180208e-09,0.952353023413177,0.0129471142653232,0.0346998623215001,0.0346998623215001,0.917653161091676,0.999999996326691
3.77706369453937e-09,0.952352238307548,0.0129473562086395,0.0347004054838122,0.0347004054838123,0.917651832823736,0.999999996223569
3.88309804905961e-09,0.952351431101617,0.0129476049635136,0.0347009639348698,0.0347009639348698,0.917650467166747,0.999999996117553
3.99210912974805e-09,0.952350601171538,0.0129478607222771,0.0347015381061851,0.0347015381061851,0.917649063065353,0.99999999600856
4.10418050290471e-09,0.952349747875759,0.0129481236827243,0.0347021284415162,0.0347021284415162,0.917647619434243,0.999999995896507
4.21939808080502e-09,0.952348870554512,0.0129483940482696,0.0347027353972187,0.0347027353972187,0.917646135157293,0.999999995781309
4.33785018755898e-09,0.952347968529285,0.0129486720281085,0.0347033594426066,0.0347033594426066,0.917644609086678,0.999999995662877
4.45962762681909e-09,0.95234704110229,0.0129489578373843,0.0347040010603254,0.0347040010603253,0.917643040041965,0.99999999554112
4.58482375138911e-09,0.952346087555906,0.0129492516973596,0.0347046607467346,0.0347046607467346,0.917641426809171,0.999999995415945
4.71353453478692e-09,0.952345107152105,0.012949553835592,0.0347053390123027,0.0347053390123028,0.917639768139803,0.999999995287256
4.8458586448165e-09,0.952344099131871,0.0129498644861161,0.0347060363820127,0.0347060363820126,0.917638062749858,0.999999995154954
4.98189751920517e-09,0.952343062714589,0.0129501838896304,0.0347067533957807,0.0347067533957808,0.917636309318808,0.999999995018938
5.12175544336424e-09,0.952341997097424,0.0129505122936897,0.0347074906088861,0.034707490608886,0.917634506488538,0.999999994879103
5.26553963033276e-09,0.952340901454683,0.0129508499529029,0.0347082485924144,0.0347082485924144,0.917632652862268,0.999999994735344
5.41336030296538e-09,0.952339774937148,0.0129511971291378,0.034709027933714,0.0347090279337139,0.917630747003434,0.999999994587548
5.56533077842764e-09,0.952338616671404,0.0129515540917305,0.0347098292368655,0.0347098292368655,0.917628787434539,0.999999994435603
5.72156755506324e-09,0.952337425759132,0.0129519211177021,0.0347106531231656,0.0347106531231657,0.917626772635967,0.999999994279392
5.88219040169997e-09,0.952336201276393,0.0129522984919817,0.0347115002316255,0.0347115002316254,0.917624701044767,0.999999994118796
6.04732244946265e-09,0.952334942272881,0.0129526865076358,0.0347123712194831,0.0347123712194831,0.917622571053398,0.999999993953692
6.21709028616383e-09,0.952333647771163,0.0129530854661045,0.0347132667627321,0.0347132667627321,0.917620381008431,0.999999993783953
6.39162405334401e-09,0.952332316765889,0.0129534956774453,0.0347141875566653,0.0347141875566652,0.917618129209224,0.999999993609448
6.57105754603627e-09,0.952330948222981,0.0129539174605838,0.0347151343164354,0.0347151343164355,0.917615813906545,0.999999993430045
6.75552831533164e-09,0.952329541078796,0.0129543511435721,0.0347161077776321,0.0347161077776321,0.917613433301164,0.999999993245605
6.94517777382369e-09,0.952328094239269,0.0129547970638547,0.0347171086968761,0.0347171086968761,0.917610985542393,0.999999993055988
7.14015130401339e-09,0.952326606579025,0.0129552555685435,0.0347181378524318,0.0347181378524317,0.917608468726593,0.999999992861047
7.3405983697572e-09,0.952325076940463,0.0129557270146992,0.0347191960448381,0.0347191960448381,0.917605880895624,0.999999992660634
7.5466726308439e-09,0.952323504132818,0.0129562117696236,0.0347202840975583,0.0347202840975583,0.91760322003526,0.999999992454594
7.75853206078784e-09,0.952321886931192,0.0129567102111586,0.034721402857649,0.034721402857649,0.917600484073543,0.99999999224277
7.97633906792928e-09,0.952320224075553,0.0129572227279958,0.0347225531964509,0.0347225531964509,0.917597670879102,0.999999992025
8.20026061993413e-09,0.952318514269706,0.0129577497199951,0.0347237360102986,0.0347237360102987,0.917594778259408,0.999999991801116
8.43046837178897e-09,0.952316756180234,0.0129582915985127,0.0347249522212535,0.0347249522212535,0.91759180395898,0.999999991570947
8.66713879738922e-09,0.952314948435402,0.0129588487867396,0.0347262027778586,0.0347262027778587,0.917588745657543,0.999999991334317
8.9104533248215e-09,0.952313089624033,0.0129594217200507,0.034727488655916,0.034727488655916,0.917585600968117,0.999999991091043
9.16059847544369e-09,0.952311178294347,0.0129600108463639,0.0347288108592887,0.0347288108592887,0.917582367435059,0.99999999084094
9.41776600686954e-09,0.952309212952762,0.012960616626511,0.0347301704207267,0.0347301704207267,0.917579042532035,0.999999990583816
9.6821530599671e-09,0.952307192062661,0.0129612395346197,0.0347315684027193,0.0347315684027192,0.917575623659942,0.999999990319473
9.95396230998424e-09,0.95230511404312,0.0129618800585077,0.034733005898372,0.0347330058983719,0.917572108144748,0.99999999004771
1.02334021219164e-08,0.952302977267598,0.0129625387000892,0.0347344840323127,0.0347344840323127,0.917568493235285,0.999999989768317
1.05206867102362e-08,0.952300780062583,0.0129632159757933,0.0347360039616241,0.0347360039616241,0.917564776100958,0.999999989481081
1.08160363031071e-08,0.952298520706197,0.0129639124169967,0.0347375668768066,0.0347375668768066,0.91756095382939,0.999999989185782
1.1119677311207e-08,0.952296197426762,0.0129646285704688,0.0347391740027697,0.0347391740027696,0.917557023423992,0.999999988882192
1.14318425012915e-08,0.952293808401312,0.0129653649988319,0.034740826599856,0.0347408265998559,0.917552981801456,0.999999988570079
1.17527711746295e-08,0.952291351754069,0.012966122281035,0.0347425259648959,0.0347425259648959,0.917548825789173,0.999999988249205
1.20827093504478e-08,0.952288825554861,0.012966901012843,0.0347442734322962,0.0347442734322962,0.917544552122564,0.999999987919322
1.24219099545262e-08,0.952286227817495,0.0129677018073419,0.0347460703751632,0.0347460703751632,0.917540157442332,0.999999987580179
1.27706330130864e-08,0.952283556498081,0.0129685252954592,0.0347479182064602,0.0347479182064603,0.91753563829162,0.999999987231515
1.31291458521247e-08,0.952280809493296,0.0129693721265013,0.034749818380203,0.034749818380203,0.917530991113093,0.999999986873062
1.34977233023394e-08,0.952277984638599,0.0129702429687086,0.0347517723926928,0.0347517723926928,0.917526212245906,0.999999986504547
1.38766479098131e-08,0.952275079706384,0.012971138509828,0.0347537817837882,0.0347537817837882,0.917521297922596,0.999999986125687
1.42662101526074e-08,0.952272092404078,0.0129720594577037,0.0347558481382185,0.0347558481382184,0.917516244265859,0.99999998573619
1.46667086634397e-08,0.952269020372174,0.0129730065408876,0.0347579730869386,0.0347579730869385,0.917511047285235,0.99999998533576
1.50784504586105e-08,0.952265861182203,0.0129739805092692,0.0347601583085281,0.0347601583085281,0.917505702873675,0.999999984924088
1.55017511733577e-08,0.952262612334639,0.0129749821347263,0.034762405530635,0.034762405530635,0.917500206804004,0.999999984500859
1.59369353038178e-08,0.952259271256736,0.012976012211797,0.0347647165314669,0.034764716531467,0.917494554725269,0.999999984065748
1.63843364557798e-08,0.952255835300296,0.0129770715583735,0.0347670931413303,0.0347670931413303,0.917488742158966,0.999999983618423
1.68442976004231e-08,0.952252301739361,0.0129781610164191,0.0347695372442201,0.0347695372442201,0.917482764495141,0.999999983158539
1.73171713372335e-08,0.952248667767829,0.0129792814527088,0.0347720507794619,0.034772050779462,0.917476616988367,0.999999982685746
1.78033201643011e-08,0.952244930496998,0.0129804337595946,0.0347746357434075,0.0347746357434076,0.91747029475359,0.999999982199679
1.83031167562061e-08,0.952241086953016,0.0129816188557963,0.0347772941911872,0.0347772941911872,0.917463792761829,0.999999981699968
1.88169442497056e-08,0.952237134074261,0.0129828376872191,0.0347800282385195,0.0347800282385194,0.917457105835742,0.999999981186227
1.93451965374404e-08,0.95223306870862,0.012984091227798,0.0347828400635821,0.0347828400635821,0.917450228645038,0.999999980658065
1.98882785698881e-08,0.952228887610684,0.0129853804803717,0.0347857319089444,0.0347857319089444,0.91744315570174,0.999999980115075
2.04466066657912e-08,0.952224587438849,0.0129867064775858,0.0347887060835655,0.0347887060835654,0.917435881355283,0.999999979556842
2.10206088313016e-08,0.952220164752314,0.0129880702828263,0.0347917649648597,0.0347917649648597,0.917428399787454,0.999999978982937
2.16107250880838e-08,0.952215616007982,0.0129894729911862,0.034794911000832,0.0347949110008321,0.91742070500715,0.999999978392921
2.22174078106288e-08,0.95221093755725,0.0129909157304643,0.0347981467122858,0.0347981467122856,0.917412790844964,0.999999977786342
2.28411220730383e-08,0.952206125642694,0.0129923996621993,0.0348014746951064,0.0348014746951064,0.917404650947588,0.999999977162734
2.34823460055428e-08,0.952201176394637,0.0129939259827396,0.0348048976226236,0.0348048976226236,0.917396278772013,0.999999976521619
2.41415711610302e-08,0.952196085827594,0.0129954959243508,0.0348084182480547,0.0348084182480548,0.91738766757954,0.999999975862506
2.48193028918626e-08,0.952190849836606,0.0129971107563613,0.0348120394070332,0.0348120394070331,0.917378810429572,0.99999997518489
2.55160607372719e-08,0.952185464193426,0.0129987717863492,0.0348157640202248,0.0348157640202249,0.917369700173201,0.999999974488251
2.62323788216312e-08,0.952179924542592,0.0130004803613712,0.0348195950960364,0.0348195950960364,0.917360329446556,0.999999973772055
2.69688062639069e-08,0.952174226397346,0.0130022378692351,0.0348235357334188,0.0348235357334188,0.917350690663927,0.999999973035753
2.77259075986048e-08,0.952168365135412,0.013004045739818,0.0348275891247701,0.0348275891247701,0.917340776010642,0.999999972278781
2.85042632085343e-08,0.952162335994627,0.013005905446432,0.0348317585589413,0.0348317585589414,0.917330577435685,0.999999971500559
2.93044697697214e-08,0.952156134068409,0.0130078185072401,0.0348360474243508,0.0348360474243508,0.917320086644058,0.999999970700489
3.01271407088116e-08,0.952149754301068,0.0130097864867229,0.0348404592122092,0.0348404592122091,0.917309295088859,0.999999969877958
3.09729066733141e-08,0.952143191482938,0.0130118109971994,0.0348449975198626,0.0348449975198626,0.917298193963075,0.999999969032337
3.18424160150466e-08,0.952136440245339,0.0130138937004046,0.0348496660542564,0.0348496660542563,0.917286774191083,0.999999968162977
3.27363352871525e-08,0.952129495055349,0.0130160363091249,0.0348544686355261,0.0348544686355261,0.917275026419823,0.999999967269211
3.36553497550709e-08,0.952122350210384,0.0130182405888948,0.0348594092007207,0.0348594092007208,0.917262941009664,0.999999966350354
3.46001639218511e-08,0.952114999832578,0.013020508359758,0.0348644918076642,0.0348644918076642,0.917250508024914,0.999999965405702
3.55715020682138e-08,0.952107437862946,0.0130228414980945,0.0348697206389598,0.0348697206389598,0.917237717223986,0.999999964434531
3.65701088077749e-08,0.952099658055337,0.0130252419385173,0.034875100006146,0.034875100006146,0.917224558049191,0.999999963436096
3.75967496578547e-08,0.952091653970149,0.0130277116758428,0.0348806343540084,0.0348806343540083,0.91721101961614,0.999999962409631
3.86522116263126e-08,0.952083418967808,0.0130302527671357,0.0348863282650557,0.0348863282650557,0.917197090702753,0.999999961354351
3.97373038148561e-08,0.952074946201998,0.0130328673338352,0.034892186464167,0.034892186464167,0.917182759737831,0.999999960269446
4.08528580392857e-08,0.95206622861262,0.0130355575639625,0.0348982138234174,0.0348982138234175,0.917168014789203,0.999999959154084
4.19997294671531e-08,0.952057258918491,0.013038325714417,0.0349044153670919,0.034904415367092,0.917152843551399,0.99999995800741
4.31787972733202e-08,0.952048029609744,0.0130411741133627,0.0349107962768935,0.0349107962768934,0.91713723333285,0.999999956828546
4.43909653139217e-08,0.952038532939934,0.0130441051627098,0.0349173618973566,0.0349173618973566,0.917121171042577,0.999999955616588
4.56371628192476e-08,0.952028760917827,0.0130471213406973,0.0349241177414754,0.0349241177414753,0.917104643176352,0.999999954370606
4.6918345106078e-08,0.952018705298866,0.0130502252045791,0.0349310694965551,0.0349310694965551,0.917087635802311,0.999999953089646
4.82354943100147e-08,0.95200835757628,0.0130534193934209,0.0349382230302996,0.0349382230302996,0.91707013454598,0.999999951772724
4.95896201383721e-08,0.951997708971844,0.0130567066310112,0.0349455843971447,0.0349455843971448,0.917052124574699,0.999999950418834
5.09817606442043e-08,0.951986750426256,0.0130600897288948,0.0349531598448492,0.0349531598448491,0.917033590581407,0.999999949026935
5.24129830220606e-08,0.951975472589111,0.0130635715895311,0.0349609558213577,0.0349609558213577,0.917014516767753,0.999999947595961
5.38843844260822e-08,0.951963865808466,0.0130671552095871,0.0349689789819465,0.0349689789819465,0.91699488682652,0.999999946124816
5.5397092811064e-08,0.951951920119962,0.0130708436833699,0.0349772361966684,0.0349772361966684,0.916974683923293,0.999999944612372
5.69522677971282e-08,0.951939625235484,0.013074640206406,0.0349857345581099,0.0349857345581098,0.916953890677374,0.999999943057468
5.85511015586724e-08,0.951926970531347,0.0130785480791754,0.0349944813894779,0.0349944813894779,0.916932489141869,0.999999941458913
6.01948197382727e-08,0.951913945035959,0.0130825707110088,0.0350034842530318,0.0350034842530318,0.916910460782928,0.999999939815483
6.18846823862438e-08,0.951900537416966,0.0130867116241552,0.0350127509588792,0.0350127509588791,0.916887786458086,0.999999938125916
6.3621984926575e-08,0.951886735967816,0.0130909744580305,0.0350222895741535,0.0350222895741534,0.916864446393663,0.999999936388918
6.54080591499826e-08,0.95187252859375,0.0130953629736554,0.0350321084325946,0.0350321084325946,0.916840420161155,0.999999934603158
6.72442742348425e-08,0.951857902797153,0.013099881058294,0.0350422161445529,0.0350422161445528,0.9168156866526,0.999999932767265
6.91320377967813e-08,0.951842845662257,0.0131045327303034,0.0350526216074393,0.0350526216074394,0.916790224054818,0.999999930879834
7.10727969677341e-08,0.951827343839149,0.0131093221442049,0.0350633340166463,0.0350633340166463,0.916764009822503,0.999999928939417
7.30680395052951e-08,0.951811383527044,0.0131142535959919,0.0350743628769645,0.0350743628769645,0.916737020650079,0.999999926944527
7.51192949332097e-08,0.951794950456793,0.0131193315286846,0.0350857180145228,0.0350857180145228,0.91670923244227,0.999999924893634
7.72281357138864e-08,0.951778029872572,0.0131245605381474,0.0350974095892808,0.0350974095892809,0.916680620283291,0.999999922785167
7.93961784538228e-08,0.951760606512712,0.0131299453791839,0.0351094481081045,0.0351094481081045,0.916651158404607,0.999999920617509
8.16250851428724e-08,0.951742664589617,0.013135490971924,0.0351218444384586,0.0351218444384586,0.916620820151159,0.999999918388999
8.39165644283016e-08,0.951724187768727,0.0131412024085227,0.0351346098227502,0.0351346098227503,0.916589577945977,0.999999916097927
8.62723729246145e-08,0.951705159146451,0.0131470849601864,0.0351477558933624,0.0351477558933624,0.916557403253089,0.999999913742539
8.8694316560147e-08,0.951685561227035,0.0131531440845478,0.0351612946884168,0.0351612946884169,0.916524266538619,0.999999911321028
9.11842519614656e-08,0.95166537589828,0.0131593854334099,0.0351752386683096,0.0351752386683096,0.916490137229971,0.999999908831539
9.374408787663e-08,0.951644584406053,0.0131658148608813,0.0351896007330655,0.0351896007330654,0.916454983672988,0.999999906272162
9.63757866384109e-08,0.951623167327512,0.013172438431927,0.0352043942405611,0.0352043942405611,0.916418773086951,0.999999903640936
9.90813656685867e-08,0.951601104542971,0.0131792624313613,0.0352196330256678,0.0352196330256678,0.916381471517303,0.999999900935844
1.01862899024469e-07,0.951578375206318,0.0131862933733084,0.035235331420374,0.035235331420374,0.916343043785944,0.999999898154813
1.04722518988844e-07,0.951554957713893,0.0131935380111626,0.0352515042749448,0.0352515042749447,0.916303453438948,0.99999989529571
1.07662417704549e-07,0.951530829671735,0.0132010033480793,0.0352681669801862,0.0352681669801862,0.916262662691548,0.999999892356344
1.10684848854941e-07,0.951505967861085,0.0132086966480307,0.0352853354908839,0.035285335490884,0.916220632370201,0.999999889334462
1.13792129391531e-07,0.951480348202045,0.0132166254474637,0.0353030263504913,0.0353030263504913,0.916177321851554,0.999999886227748
1.16986641310131e-07,0.951453945715251,0.0132247975675998,0.0353212567171491,0.035321256717149,0.916132688998102,0.999999883033819
1.20270833476851e-07,0.951426734481456,0.0132332211274206,0.0353400443911235,0.0353400443911235,0.916086690090333,0.999999879750228
1.23647223505371e-07,0.951398687598859,0.0132419045573836,0.0353594078437576,0.0353594078437576,0.916039279755101,0.999999876374458
1.27118399686903e-07,0.951369777138041,0.013250856613921,0.0353793662480381,0.0353793662480382,0.915990410890003,0.999999872903921
1.30687022974335e-07,0.951339974094339,0.0132600863947734,0.0353999395108874,0.0353999395108874,0.915940034583452,0.999999869335956
1.34355829022083e-07,0.951309248337483,0.013269603355218,0.0354211483072991,0.0354211483072991,0.915888100030184,0.999999865667829
1.38127630283201e-07,0.951277568558297,0.013279417325256,0.0354430141164474,0.0354430141164475,0.915834554441849,0.999999861896727
1.42005318165368e-07,0.951244902212267,0.0132895385278251,0.0354655592599079,0.0354655592599079,0.915779342952359,0.999999858019762
1.45991865247398e-07,0.951211215459743,0.0132999775981153,0.0354888069421421,0.0354888069421421,0.915722408517601,0.999999854033959
1.50090327557974e-07,0.951176473102525,0.0133107456040665,0.0355127812934087,0.0355127812934086,0.915663691809116,0.999999849936265
1.54303846918356e-07,0.951140638516582,0.0133218540681378,0.0355375074152803,0.0355375074152803,0.915603131101302,0.999999845723538
1.58635653350859e-07,0.951103673580599,0.0133333149904429,0.0355630114289581,0.0355630114289581,0.915540662151641,0.999999841392548
1.63089067554933e-07,0.951065538600046,0.0133451408733582,0.0355893205265954,0.0355893205265955,0.915476218073451,0.999999836939977
1.6766750345277e-07,0.951026192226425,0.0133573447477159,0.0356164630258593,0.0356164630258593,0.915409729200566,0.999999832362412
1.72374470806362e-07,0.950985591371313,0.0133699402007072,0.0356444684279803,0.0356444684279803,0.915341122943332,0.999999827656342
1.77213577908036e-07,0.950943691114806,0.0133829414056319,0.0356733674795623,0.0356733674795623,0.915270323635244,0.999999822818162
1.82188534346517e-07,0.950900444607905,0.0133963631536432,0.0357031922384518,0.0357031922384519,0.915197252369453,0.999999817844162
1.87303153850643e-07,0.950855802968358,0.0134102208876501,0.0357339761439918,0.0357339761439919,0.915121826824366,0.99999981273053
1.9256135721292e-07,0.950809715169425,0.013424530738557,0.0357657540920181,0.0357657540920181,0.915043961077407,0.999999807473346
1.97967175295133e-07,0.950762127920974,0.0134393095640367,0.0357985625149896,0.0357985625149896,0.914963565405984,0.999999802068581
2.03524752118358e-07,0.950712985542264,0.0134545749900523,0.0358324394676834,0.0358324394676833,0.914880546074581,0.999999796512091
2.09238348039698e-07,0.950662229825707,0.0134703454553661,0.0358674247189272,0.0358674247189271,0.914794805106779,0.999999790799618
2.15112343018217e-07,0.950609799890812,0.0134866402592974,0.0359035598498903,0.0359035598498902,0.914706240040922,0.999999784926784
2.21151239972549e-07,0.950555632027475,0.0135034796130177,0.0359408883595076,0.0359408883595077,0.914614743667967,0.999999778889086
2.27359668232772e-07,0.950499659527624,0.013520884694705,0.0359794557776708,0.0359794557776708,0.914520203749953,0.999999772681896
2.33742387089181e-07,0.950441812504204,0.0135388777089084,0.0360193097868876,0.0360193097868876,0.914422502717316,0.999999766300458
2.40304289440697e-07,0.950382017696296,0.0135574819505178,0.0360605003531858,0.0360605003531858,0.914321517343111,0.99999975973988
2.47050405545683e-07,0.950320198259103,0.0135767218737736,0.0361030798671231,0.0361030798671231,0.91421711839198,0.999999752995133
2.53985906878073e-07,0.950256273537339,0.0135966231668008,0.0361471032958598,0.0361471032958598,0.91410917024148,0.999999746061047
2.61116110091746e-07,0.950190158820434,0.0136172128322081,0.0361926283473577,0.0361926283473576,0.913997530473077,0.999999738932308
2.68446481096197e-07,0.950121765077752,0.0136385192743556,0.0362397156478921,0.0362397156478921,0.91388204942986,0.999999731603452
2.75982639246618e-07,0.950050998671835,0.0136605723939622,0.0362884289342025,0.0362884289342026,0.913762569737633,0.999999724068862
2.83730361651621e-07,0.949977761047428,0.0136834036908112,0.0363388352617608,0.0363388352617608,0.913638925785667,0.999999716322763
2.91695587601879e-07,0.949901948393781,0.0137070463753984,0.0363910052308202,0.0363910052308203,0.913510943162961,0.999999708359217
2.99884423123102e-07,0.949823451277417,0.0137315354904756,0.0364450132321075,0.0364450132321076,0.913378438045309,0.999999700172122
3.08303145656828e-07,0.949742154242181,0.0137569080435632,0.036500937714256,0.036500937714256,0.913241216527925,0.999999691755202
3.16958208872612e-07,0.949657935373012,0.0137832031516433,0.0365588614753444,0.0365588614753445,0.913099073897668,0.999999683102006
3.25856247615323e-07,0.949570665819384,0.0138104621994019,0.0366188719812137,0.0366188719812137,0.912951793838171,0.999999674205903
3.35004082991314e-07,0.949480209273836,0.0138387290125777,0.0366810617135862,0.0366810617135862,0.91279914756025,0.999999665060074
3.44408727597382e-07,0.949386421400395,0.013868050048182,0.0367455285514229,0.036745528551423,0.912640892848972,0.99999965565751
3.54077390896527e-07,0.949289149206973,0.0138984746036029,0.0368123761894245,0.0368123761894245,0.912476773017548,0.999999645991005
3.64017484744614e-07,0.949188230354969,0.0139300550468956,0.0368817145981353,0.0368817145981352,0.912306515756834,0.999999636053152
3.74236629072198e-07,0.949083492398365,0.0139628470708898,0.0369536605307453,0.0369536605307452,0.91212983186762,0.999999625836333
3.84742657725851e-07,0.94897475194342,0.0139969099741424,0.037028338082438,0.0370283380824379,0.911946413860982,0.999999615332719
3.9554362447347e-07,0.948861813718779,0.0140323069722168,0.0371058793090046,0.0371058793090047,0.911755934409774,0.99999960453426
4.06647809178186e-07,0.948744469544201,0.0140691055433173,0.0371864249124813,0.0371864249124813,0.91155804463172,0.999999593432683
4.18063724145576e-07,0.948622497184282,0.0141073778129394,0.037270125002779,0.037270125002779,0.911352372181503,0.999999582019478
4.2980012064908e-07,0.948495659071314,0.0141472009829625,0.0373571399457232,0.0373571399457231,0.911138519125591,0.999999570285901
4.41865995638594e-07,0.94836370087886,0.0141886578115084,0.0374476413096321,0.0374476413096321,0.910916059569227,0.99999955822296
4.54270598637404e-07,0.948226349924414,0.0142318371509735,0.0375418129246127,0.0375418129246127,0.910684536999801,0.999999545821412
4.67023438832733e-07,0.948083313375853,0.0142768345529372,0.0376398520712101,0.0376398520712102,0.910443461304642,0.999999533071754
4.80134292365345e-07,0.947934276231784,0.014323752950214,0.0377419708180021,0.0377419708180021,0.910192305413782,0.999999519964217
4.93613209823792e-07,0.947778899040476,0.0143727034282119,0.0378483975313117,0.0378483975313118,0.909930501509165,0.999999506488758
5.07470523949047e-07,0.947616815315371,0.0144238061000688,0.0379593785845598,0.0379593785845598,0.909657436730811,0.999999492635053
5.21716857555435e-07,0.947447628597039,0.0144771911028611,0.0380751803001002,0.0380751803001003,0.909372448296939,0.999999478392489
5.36363131673925e-07,0.947270909101436,0.0145329997356563,0.038196091162908,0.038196091162908,0.909074817938528,0.999999463750152
5.5142057392403e-07,0.947086189881941,0.0145913857644854,0.0383224243535737,0.0383224243535737,0.908763765528367,0.999999448696828
5.66900727120743e-07,0.946892962417253,0.0146525169246625,0.0384545206580845,0.0384545206580845,0.908438441759168,0.999999433220984
5.82815458123084e-07,0.946690671517958,0.0147165766576002,0.038592751824442,0.038592751824442,0.908097919693516,0.999999417310767
5.99176966931061e-07,0.946478709420287,0.0147837661277326,0.0387375244519807,0.0387375244519808,0.907741184968306,0.999999400953989
6.15997796038017e-07,0.946256408904735,0.0148543065759317,0.0388892845193336,0.0388892845193337,0.907367124385401,0.999999384138124
6.33290840045511e-07,0.946023035237751,0.014928442079586,0.039048522682663,0.039048522682663,0.906974512555088,0.999999366850294
6.51069355548147e-07,0.945777776683801,0.0150064428073256,0.0392157805088736,0.0392157805088736,0.906561996174927,0.999999349077261
6.69346971295867e-07,0.945519733268838,0.0150886088795757,0.0393916578515865,0.0393916578515865,0.906128075417251,0.999999330805416
6.88137698641567e-07,0.945247903389172,0.0151752749766455,0.0395768216341826,0.0395768216341825,0.905671081754989,0.999999312020772
7.07455942281988e-07,0.944961167744161,0.0152668158766091,0.0397720163792295,0.0397720163792296,0.905189151364932,0.999999292708949
7.27316511300145e-07,0.94465826991609,0.0153636531597221,0.0399780769241876,0.0399780769241875,0.904680192991903,0.999999272855166
7.47734630517758e-07,0.944337792709994,0.0154662633901919,0.0401959438998144,0.0401959438998145,0.904141848810179,0.999999252444232
7.68725952166374e-07,0.94399812907648,0.0155751881881416,0.0404266827353787,0.0404266827353786,0.903571446341101,0.99999923146053
7.90306567886135e-07,0.943637446036377,0.0156910467471124,0.0406715072165107,0.0406715072165107,0.902965938819866,0.999999209888012
8.12493021061405e-07,0.943253639453314,0.015814551554595,0.0409318089920908,0.0409318089920908,0.902321830461223,0.999999187710183
8.35302319502679e-07,0.942844276675009,0.0159465283647259,0.0412091949602653,0.0412091949602652,0.901635081714744,0.999999164910091
8.58751948484518e-07,0.94240652285223,0.0160879419010033,0.0415055352467664,0.0415055352467664,0.900900987605464,0.999999141470315
8.82859884149515e-07,0.941937044927817,0.0162399294103316,0.0418230256618516,0.0418230256618516,0.900114019265965,0.999999117372957
9.07644607288536e-07,0.941431884500987,0.0164038451781236,0.0421642703208893,0.0421642703208894,0.899267614180098,0.999999092599627
9.33125117507824e-07,0.940886286382892,0.0165813206727049,0.0425323929444027,0.0425323929444027,0.89835389343849,0.999999067131436
9.59320947793823e-07,0.940294462539269,0.0167743475185374,0.0429311899421938,0.0429311899421938,0.897363272597075,0.999999040948985
9.86252179486878e-07,0.939649259168406,0.0169853947506371,0.0433653460809564,0.0433653460809564,0.89628391308745,0.999999014032358
1.01393945767529e-06,0.938941673813782,0.0172175792333306,0.0438407469528869,0.043840746952887,0.895100926860896,0.99999898636112
1.04240400702156e-06,0.938160131322614,0.0174749217190492,0.0443649469583364,0.0443649469583364,0.893795184364278,0.999998957914315
1.07166764803286e-06,0.93728935398456,0.0177627472791588,0.0449478987362808,0.0449478987362808,0.89234145524828,0.999998928670479
1.10175281378839e-06,0.936308509776765,0.0180883430153685,0.0456031472078667,0.0456031472078667,0.890705362568898,0.999998898607667
1.13268256713615e-06,0.935187984086741,0.0184621072668563,0.0463499086464023,0.0463499086464022,0.888838075440339,0.999998867703507
1.16448061837269e-06,0.933883279946753,0.0188997260498616,0.0472169940033856,0.0472169940033855,0.886666285943367,0.999998835935333
1.19717134341897e-06,0.932322154226462,0.0194267739943796,0.0482510717791585,0.0482510717791584,0.884071082447303,0.999998803280469
1.23077980250667e-06,0.930372755723641,0.020090138986539,0.0495371052898196,0.0495371052898196,0.880835650433822,0.999998769716957
1.26533175938894e-06,0.927740690550325,0.0209950314492318,0.0512642780004436,0.0512642780004436,0.876476412549881,0.999998735225988
1.30085370109057e-06,0.923369358502656,0.0225212870739235,0.0541093544234206,0.0541093544234207,0.869260004079235,0.999998699806103
