1.72374470806362e-07,0.2353711872655,0.609198803462464,0.155430009272036,0.155430009272036,0.0799411779934644,0.999999891597691
1.77213577908036e-07,0.211099117274261,0.645074096563569,0.14382678616217,0.14382678616217,0.0672723311120911,0.999999896528641
1.82188534346517e-07,0.194473534858945,0.670234738473856,0.135291726667199,0.135291726667199,0.0591818081917454,0.999999899653216
1.87303153850643e-07,0.181335872229182,0.690454569145872,0.128209558624946,0.128209558624946,0.0531263136042354,0.999999901989413
1.9256135721292e-07,0.170321740318927,0.707635866403509,0.122042393277563,0.122042393277563,0.0482793470413643,0.999999903863457
1.97967175295133e-07,0.160777469298458,0.72269373894186,0.116528791759682,0.116528791759682,0.0442486775387755,0.999999905428356
2.03524752118358e-07,0.152329134183688,0.736153846880355,0.111517018935957,0.111517018935957,0.0408121152477317,0.999999906769888
2.09238348039698e-07,0.144738814270773,0.748352080423344,0.106909105305883,0.106909105305883,0.0378297089648897,0.999999907941579
2.15112343018217e-07,0.137843868805954,0.759519049005434,0.102637082188612,0.102637082188612,0.0352067866173418,0.999999908979339
2.21151239972549e-07,0.131527201392236,0.769821518950494,0.0986512796572702,0.0986512796572702,0.032875921734966,0.999999909908551
2.27359668232772e-07,0.125701125697373,0.779384932492149,0.0949139418104776,0.0949139418104776,0.0307871838868958,0.999999910747887
2.33742387089181e-07,0.12029791997767,0.788306611853506,0.0913954681688235,0.0913954681688235,0.0289024518088466,0.999999911511517
2.40304289440697e-07,0.115263962712024,0.79666397023984,0.0880720670481356,0.0880720670481356,0.0271918956638887,0.99999991221047
2.47050405545683e-07,0.110555916723265,0.804519863225886,0.0849242200508489,0.0849242200508489,0.0256316966724162,0.999999912853515
2.53985906878073e-07,0.106138149078321,0.811926212966176,0.0819356379555027,0.0819356379555028,0.0242025111228187,0.999999913447743
2.61116110091746e-07,0.101980929810522,0.818926542571701,0.0790925276177766,0.0790925276177766,0.0228884021927458,0.999999913998976
2.68446481096197e-07,0.0980591397934628,0.825557797144224,0.0763830630623129,0.0763830630623129,0.0216760767311499,0.999999914512057
2.75982639246618e-07,0.0943513220087436,0.831851683111287,0.0737969948799697,0.0737969948799697,0.0205543271287739,0.999999914991061
2.83730361651621e-07,0.0908389707177979,0.837835673426331,0.0713253558558715,0.0713253558558715,0.0195136148619264,0.999999915439448
2.91695587601879e-07,0.0875059893552922,0.843533775505197,0.0689602351395107,0.0689602351395107,0.0185457542157815,0.999999915860183
2.99884423123102e-07,0.0843382705661395,0.848967127183252,0.0666946022506085,0.0666946022506086,0.0176436683155309,0.99999991625583
3.08303145656828e-07,0.0813233662930818,0.854154465719861,0.0645221679870567,0.0645221679870568,0.0168011983060251,0.999999916628617
3.16958208872612e-07,0.0784502253430907,0.859112501550158,0.0624372731067517,0.0624372731067517,0.016012952236339,0.999999916980496
3.25856247615323e-07,0.0757089822628749,0.863856219515776,0.0604347982213495,0.0604347982213495,0.0152741840415253,0.999999917313185
3.35004082991314e-07,0.0730907857468422,0.868399124147133,0.0585100901060252,0.0585100901060252,0.0145806956408171,0.999999917628204
3.44408727597382e-07,0.0705876578710338,0.872753441261811,0.0566589008671556,0.0566589008671555,0.0139287570038783,0.999999917926907
3.54077390896527e-07,0.0681923776281531,0.876930285079842,0.0548773372920047,0.0548773372920048,0.0133150403361483,0.999999918210504
3.64017484744614e-07,0.065898383812589,0.880939797844689,0.0531618183427219,0.0531618183427219,0.0127365654698672,0.999999918480078
3.74236629072198e-07,0.0636996934554635,0.884791267319366,0.0515090392251705,0.0515090392251705,0.0121906542302931,0.999999918736607
3.84742657725851e-07,0.0615908328624589,0.888493226326581,0.0499159408109601,0.0499159408109601,0.0116748920514988,0.999999918980973
3.9554362447347e-07,0.0595667789463064,0.892053537601153,0.0483796834525411,0.0483796834525411,0.0111870954937653,0.999999919213978
4.06647809178186e-07,0.0576229090300358,0.895479466540046,0.0468976244299184,0.0468976244299184,0.0107252846001174,0.999999919436349
4.18063724145576e-07,0.0557549576676655,0.898777743912275,0.0454672984200591,0.0454672984200591,0.0102876592476064,0.999999919648751
4.2980012064908e-07,0.0539589793152526,0.901954620186525,0.0440864004982226,0.0440864004982226,0.00987257881703003,0.999999919851792
4.41865995638594e-07,0.0522313159082761,0.905015912818931,0.0427527712727925,0.0427527712727926,0.00947854463548355,0.999999920046028
4.54270598637404e-07,0.0505685685765386,0.907967047595516,0.0414643838279458,0.0414643838279458,0.00910418474859282,0.999999920231972
4.67023438832733e-07,0.0489675728664681,0.910813094927269,0.0402193322062625,0.0402193322062625,0.00874824066020554,0.999999920410096
4.80134292365345e-07,0.0474253769512747,0.913558801839151,0.0390158212095744,0.0390158212095744,0.00840955574170033,0.999999920580835
4.93613209823792e-07,0.0459392223981684,0.916208620268296,0.0378521573335354,0.0378521573335354,0.00808706506463305,0.999999920744592
5.07470523949047e-07,0.0445065271335244,0.918766732184948,0.0367267406815276,0.0367267406815276,0.00777978645199681,0.999999920901741
5.21716857555435e-07,0.0431248703051339,0.921237071966796,0.0356380577280702,0.0356380577280702,0.00748681257706377,0.999999921052627
5.36363131673925e-07,0.0417919787882777,0.923623346389694,0.0345846748220279,0.0345846748220279,0.0072073039662498,0.999999921197575
5.5142057392403e-07,0.0405057151214607,0.925929052542039,0.0335652323365005,0.0335652323365004,0.00694048278496023,0.999999921336883
5.66900727120743e-07,0.0392640666899432,0.928157493924043,0.0325784393860138,0.0325784393860138,0.00668562730392937,0.999999921470833
5.82815458123084e-07,0.0380651360019915,0.930311794954941,0.0316230690430679,0.031623069043068,0.00644206695892357,0.999999921599685
5.99176966931061e-07,0.0369071319251078,0.932394914079236,0.0306979539956563,0.0306979539956563,0.00620917792945143,0.999999921723686
6.15997796038017e-07,0.0357883617681937,0.934409655636405,0.0298019825954014,0.0298019825954014,0.00598637917279232,0.999999921843065
6.33290840045511e-07,0.0347072241113232,0.936358680635956,0.0289340952527206,0.0289340952527206,0.00577312885860264,0.999999921958036
6.51069355548147e-07,0.0336622022980627,0.938244516560767,0.0280932811411699,0.02809328114117,0.00556892115689275,0.999999922068804
6.69346971295867e-07,0.0326518585165233,0.94006956630549,0.0272785751779869,0.0272785751779868,0.00537328333853638,0.999999922175556
6.88137698641567e-07,0.0316748284048803,0.941836116343115,0.026489055252005,0.026489055252005,0.00518577315287535,0.999999922278473
7.07455942281988e-07,0.0307298161252569,0.943546344201067,0.025723839673676,0.025723839673676,0.00500597645158087,0.999999922377724
7.27316511300145e-07,0.0298155898568458,0.945202325318168,0.0249820848249865,0.0249820848249865,0.00483350503185925,0.999999922473468
7.47734630517758e-07,0.0289309776651444,0.946806039345165,0.0242629829896902,0.0242629829896901,0.00466799467545419,0.999999922565855
7.68725952166374e-07,0.0280748637093393,0.94835937594411,0.0235657603465509,0.023565760346551,0.00450910336278838,0.999999922655027
7.90306567886135e-07,0.0272461847543454,0.949864140135388,0.0228896751102662,0.0228896751102661,0.00435650964407926,0.999999922741119
8.12493021061405e-07,0.0264439269578666,0.951322057235683,0.0222340158064502,0.0222340158064502,0.00420991115141639,0.999999922824259
8.35302319502679e-07,0.0256671229062117,0.952734777425231,0.021598099668557,0.021598099668557,0.00406902323765472,0.999999922904566
8.58751948484518e-07,0.0249148488755211,0.954103879978557,0.0209812711459222,0.0209812711459222,0.00393357772959887,0.999999922982156
8.82859884149515e-07,0.0241862222976186,0.955430877189129,0.0203829005132527,0.0203829005132527,0.00380332178436588,0.999999923057138
9.07644607288536e-07,0.0234803994119424,0.956717218015162,0.0198023825728952,0.0198023825728952,0.00367801683904715,0.999999923129613
9.33125117507824e-07,0.0227965730869691,0.957964291470931,0.0192391354420999,0.0192391354421,0.00355743764486913,0.999999923199682
9.59320947793823e-07,0.0221339707962764,0.959173429785446,0.0186925994182774,0.0186925994182773,0.00344137137799902,0.999999923267437
9.86252179486878e-07,0.0214918527359098,0.960345911348154,0.0181622359159363,0.0181622359159363,0.00332961681997356,0.999999923332966
1.01393945767529e-06,0.0208695100710646,0.961482963459333,0.0176475264696025,0.0176475264696025,0.00322198360146209,0.999999923396356
1.04240400702156e-06,0.0202662633012836,0.962585764901154,0.0171479717975621,0.0171479717975621,0.00311829150372153,0.999999923457686
1.07166764803286e-06,0.0196814607344304,0.963655448343813,0.0166630909217569,0.0166630909217569,0.00301836981267351,0.999999923517034
1.10175281378839e-06,0.0191144770606299,0.96469310259978,0.0161924203395898,0.0161924203395898,0.00292205672104011,0.999999923574473
1.13268256713615e-06,0.0185647120182094,0.965699774738006,0.0157355132437843,0.0157355132437843,0.00282919877442509,0.999999923630073
1.16448061837269e-06,0.0180315891444137,0.9666764720688,0.0152919387867866,0.0152919387867866,0.00273965035762718,0.999999923683901
1.19717134341897e-06,0.017514554604336,0.967624164009157,0.0148612813865073,0.0148612813865073,0.00265327321782867,0.999999923736023
1.23077980250667e-06,0.0170130760920987,0.968543783837423,0.0144431400704786,0.0144431400704786,0.00256993602162007,0.999999923786498
1.26533175938894e-06,0.016526641798857,0.969436230345392,0.0140371278557508,0.0140371278557507,0.00248951394310626,0.999999923835385
1.30085370109057e-06,0.0160547594426708,0.970302369395252,0.0136428711620775,0.0136428711620775,0.00241188828059329,0.999999923882742
1.3373728582125e-06,0.0155969553557275,0.971143035388129,0.0132600092561439,0.0132600092561439,0.00233694609958355,0.99999992392862
1.37491722580642e-06,0.015152773624783,0.971959032650445,0.0128881937247718,0.0128881937247718,0.00226457990001119,0.999999923973074
1.4135155848354e-06,0.0147217752810382,0.972751136743757,0.0125270879752043,0.0125270879752043,0.00219468730583391,0.99999992401615
1.4531975242369e-06,0.0143035375359868,0.973520095703289,0.0121763667607238,0.0121763667607238,0.00212717077526291,0.999999924057898
1.49399346360526e-06,0.0138976530600523,0.974266631209957,0.0118357157299904,0.0118357157299904,0.00206193733006191,0.999999924098362
1.5359346765109e-06,0.0135037293010963,0.974991439700289,0.011504830998615,0.011504830998615,0.00199889830248124,0.999999924137587
1.57905331447418e-06,0.0131213878401086,0.975695193418297,0.0111834187415942,0.0111834187415942,0.00193796909851439,0.999999924175613
1.62338243161228e-06,0.0127502637816092,0.976378541413057,0.010871194805334,0.010871194805334,0.00187906897627517,0.999999924212482
1.66895600997803e-06,0.0123900051764809,0.977042110485431,0.0105678843380878,0.0105678843380878,0.00182212083839305,0.999999924248232
1.71580898561001e-06,0.0120402724751315,0.977686506087152,0.0102732214377165,0.0102732214377165,0.00176705103741506,0.999999924282901
1.76397727531405e-06,0.0117007380090431,0.978312313175199,0.00998694881575806,0.00998694881575808,0.00171378919328501,0.999999924316524
1.8134978041965e-06,0.0113710854989129,0.978920097024219,0.00970881747686762,0.00970881747686765,0.00166226802204528,0.999999924349135
1.86440853397049e-06,0.0110510095877261,0.979510403999523,0.00943858641275129,0.00943858641275131,0.0016124231749748,0.999999924380767
1.91674849205681e-06,0.0107402153972203,0.980083762292998,0.00917602230978168,0.0091760223097817,0.00156419308743864,0.999999924411454
1.9705578015018e-06,0.010438418106317,0.980640682624147,0.00892089926953549,0.00892089926953554,0.00151751883678147,0.999999924441224
2.02587771173502e-06,0.0101453425501948,0.981181658908259,0.00867299854154647,0.00867299854154645,0.00147234400864837,0.999999924470108
2.08275063019052e-06,0.00986072283877725,0.98170716889361,0.0084321082676132,0.00843210826761321,0.00142861457116405,0.999999924498135
2.14122015481573e-06,0.00958430199348995,0.982217674769465,0.00819802323704542,0.0081980232370454,0.00138627875644453,0.999999924525331
2.20133110749303e-06,0.00931583160122663,0.982713623746502,0.00797054465227183,0.00797054465227186,0.0013452869489548,0.999999924551723
2.26312956839953e-06,0.00905507148453222,0.983195448611198,0.00774947990426992,0.00774947990426988,0.0013055915802623,0.999999924577338
2.32666291133146e-06,0.0088017893870816,0.983663568255606,0.00753464235731239,0.00753464235731244,0.00126714702976921,0.999999924602198
2.39197984002024e-06,0.00855576067359321,0.984118388183851,0.00732585114255627,0.00732585114255623,0.00122990953103695,0.999999924626328
2.45913042546804e-06,0.00831676804337487,0.984560300996595,0.00712293096003034,0.00712293096003038,0.00119383708334453,0.999999924649751
2.5281661443315e-06,0.00808460125675146,0.984989686854645,0.00692571188860357,0.0069257118886036,0.00115888936814789,0.999999924672489
2.59913991838293e-06,0.0078590568736737,0.985406913922784,0.00673402920354259,0.00673402920354262,0.00112502767013111,0.999999924694563
2.67210615507944e-06,0.00763993800385172,0.985812338794859,0.00654772320128933,0.00654772320128932,0.00109221480256239,0.999999924715994
2.74712078927081e-06,0.00742705406779994,0.986206306901088,0.00636663903111231,0.00636663903111227,0.00106041503668763,0.999999924736801
2.82424132607844e-06,0.00722022056821761,0.986589152898478,0.00619062653330465,0.00619062653330469,0.00102959403491296,0.999999924757005
2.90352688497781e-06,0.00701925887116609,0.986961201045213,0.00601954008362128,0.00601954008362123,0.000999718787544813,0.999999924776623
2.98503824511873e-06,0.00682399599653708,0.987322765559798,0.00585323844366508,0.00585323844366511,0.000970757552871999,0.999999924795673
3.06883789191764e-06,0.00663426441733666,0.987674150965715,0.00569158461694807,0.00569158461694802,0.000942679800388598,0.999999924814173
3.15499006495809e-06,0.00644990186733958,0.988015652422291,0.00553444571036928,0.00553444571036925,0.000915456156970296,0.999999924832139
3.24356080723581e-06,0.00627075115669418,0.988347556042441,0.00538169280086503,0.00538169280086498,0.000889058355829148,0.999999924849588
3.33461801578637e-06,0.00609665999508387,0.988670139197916,0.00523320080700052,0.00523320080700055,0.000863459188083354,0.999999924866535
3.42823149373397e-06,0.00592748082207411,0.988983670812641,0.00508884836528467,0.00508884836528462,0.000838632456789438,0.999999924882995
3.52447300380159e-06,0.00576307064429527,0.989288411644704,0.00494851771100116,0.00494851771100113,0.000814552933294109,0.999999924898983
3.62341632332315e-06,0.00560329087913238,0.989584614557508,0.00481209456336001,0.00481209456336005,0.000791196315772371,0.999999924914514
3.72513730080021e-06,0.00544800720461112,0.989872524780605,0.0046794680147841,0.00467946801478415,0.000768539189827021,0.9999999249296
3.82971391404628e-06,0.00529708941518743,0.990152380160658,0.0045505304241548,0.00455053042415481,0.000746558991032621,0.999999924944255
3.93722632996347e-06,0.00515041128316407,0.990424411402986,0.00442517731384959,0.00442517731384962,0.000725233969314475,0.999999924958493
4.04775696599732e-06,0.00500785042547343,0.990688842304113,0.00430330727041342,0.00430330727041343,0.00070454315506001,0.999999924972324
4.16139055331671e-06,0.00486928817557968,0.990945889975707,0.00418482184871329,0.00418482184871333,0.000684466326866393,0.999999924985762
4.27821420176762e-06,0.00473460946026708,0.9911957650603,0.00406962547943294,0.00406962547943299,0.000664983980834131,0.999999924998818
4.39831746665023e-06,0.004603702681094,0.991438671939134,0.00395762537977192,0.00395762537977196,0.000646077301322074,0.999999925011503
4.5217924173707e-06,0.00447645960030374,0.991674808932477,0.00384873146721947,0.00384873146721942,0.000627728133084278,0.999999925023828
4.64873370802026e-06,0.00435277523099451,0.991904368492725,0.00374285627628035,0.00374285627628037,0.000609918954714161,0.999999925035804
4.7792386499356e-06,0.0042325477313612,0.992127537390603,0.00363991487803542,0.00363991487803547,0.000592632853325783,0.999999925047441
4.91340728629636e-06,0.00411567830283152,0.992344496894743,0.00353982480242515,0.00353982480242512,0.000575853500406369,0.999999925058749
5.05134246881677e-06,0.00400207109192803,0.992555422944922,0.00344250596314997,0.00344250596314992,0.000559565128778065,0.999999925069738
5.19314993659021e-06,0.00389163309569641,0.992760486319218,0.00334788058508577,0.00334788058508571,0.000543752510610646,0.999999925080416
5.33893839714736e-06,0.0037842740705482,0.992959852795334,0.00325587313411794,0.00325587313411797,0.000528400936430266,0.999999925090793
5.48881960978968e-06,0.00367990644437421,0.993153683306324,0.00316641024930159,0.00316641024930154,0.000513496195072621,0.999999925100878
5.64290847126254e-06,0.00357844523179152,0.993342134090949,0.00307942067725969,0.00307942067725974,0.000499024554531826,0.999999925110678
5.80132310383338e-06,0.00347980795239428,0.993525356838871,0.0029948352087351,0.00299483520873506,0.00048497274365918,0.999999925120203
5.96418494584246e-06,0.00338391455188437,0.9937034988309,0.00291258661721579,0.00291258661721582,0.000471327934668587,0.999999925129461
6.13161884479577e-06,0.00329068732596449,0.993876703074479,0.0028326095995566,0.00283260959955656,0.000458077726407882,0.999999925138458
6.30375315307127e-06,0.00320005084688141,0.994045108434595,0.00275484071852379,0.00275484071852377,0.000445210128357619,0.999999925147203
6.48071982631197e-06,0.00311193189251306,0.994208849760295,0.00267921834719201,0.00267921834719205,0.000432713545321044,0.999999925155702
6.66265452458115e-06,0.00302625937789754,0.994368058006976,0.00260568261512653,0.00260568261512654,0.000420576762771012,0.999999925163964
6.84969671635745e-06,0.00294296428910746,0.994522860354607,0.00253417535628595,0.00253417535628597,0.000408788932821505,0.999999925171994
7.0419897854493e-06,0.00286197961937725,0.994673380322039,0.00246464005858404,0.00246464005858408,0.000397339560793211,0.999999925179799
7.23968114091088e-06,0.00278324030739531,0.994819737877554,0.00239702181505103,0.00239702181505107,0.000386218492344284,0.999999925187386
7.44292233004376e-06,0.00270668317767715,0.994962049545785,0.00233126727653814,0.00233126727653814,0.000375415901139007,0.999999925194761
7.65186915457082e-06,0.00263224688293924,0.99510042851115,0.00226732460591068,0.00226732460591066,0.000364922277028558,0.999999925201929
7.86668179007157e-06,0.00255987184839708,0.995234984717925,0.00220514343367764,0.00220514343367765,0.000354728414719447,0.999999925208898
8.08752490877046e-06,0.00248950021791429,0.995365824967078,0.00214467481500775,0.00214467481500778,0.000344825402906542,0.999999925215672
8.31456780577206e-06,0.00242107580193291,0.995493053009983,0.00208587118808408,0.00208587118808406,0.000335204613848826,0.999999925222258
8.54798452884042e-06,0.00235454402711807,0.995616769639131,0.00202868633375093,0.00202868633375089,0.000325857693367143,0.999999925228659
8.78795401182133e-06,0.00228985188765321,0.995737072775938,0.00197307533640884,0.00197307533640886,0.000316776551244375,0.999999925234883
9.03466021181053e-06,0.00222694789812463,0.99585405755576,0.00191899454611521,0.0019189945461152,0.000307953352009419,0.999999925240933
9.2882922501725e-06,0.00216578204793701,0.995967816410213,0.00186640154184963,0.00186640154184962,0.000299380506087381,0.999999925246814
9.54904455751808e-06,0.00210630575720396,0.996078439146891,0.00181525509590468,0.00181525509590472,0.000291050661299277,0.999999925252533
9.81711702275218e-06,0.00204847183405983,0.996186013026576,0.00176551513936443,0.00176551513936445,0.000282956694695401,0.999999925258092
1.00927151463057e-05,0.00199223443334159,0.996290622838024,0.00171714272863425,0.00171714272863424,0.000275091704707341,0.999999925263496
1.03760501976691e-05,0.00193754901659163,0.996392350970421,0.00167010001298725,0.00167010001298725,0.00026744900360438,0.999999925268751
1.06673393773486e-05,0.00188437231333411,0.996491277483572,0.00162435020309337,0.00162435020309342,0.000260022110240738,0.999999925273859
1.09668059833687e-05,0.0018326622835799,0.996587480175921,0.00157985754049908,0.00157985754049908,0.000252804743080816,0.999999925278826
1.12746795824495e-05,0.00178237808151663,0.996681034650457,0.00153658726802641,0.00153658726802638,0.000245790813490217,0.999999925283655
1.15911961859889e-05,0.00173348002034227,0.996772014378596,0.00149450560106133,0.00149450560106131,0.000238974419280946,0.99999992528835
1.19165984309856e-05,0.00168592953820233,0.996860490762095,0.00145357969970257,0.00145357969970251,0.000232349838499766,0.999999925292914
1.22511357660412e-05,0.00163968916519235,0.996946533193064,0.00141377764174314,0.00141377764174317,0.000225911523449219,0.999999925297353
1.25950646425836e-05,0.00159472249138896,0.997030209112153,0.00137506839645761,0.00137506839645759,0.000219654094931344,0.999999925301668
1.2948648711459e-05,0.00155099413587404,0.997111584064957,0.00133742179916943,0.00133742179916937,0.000213572336704612,0.999999925305863
1.33121590250431e-05,0.00150846971671819,0.997190721756709,0.00130080852657315,0.00130080852657317,0.000207661190145037,0.999999925309943
1.36858742450252e-05,0.00146711582189075,0.997267684105321,0.00126520007278786,0.00126520007278784,0.000201915749102888,0.999999925313909
1.40700808560269e-05,0.00142689998106507,0.997342531292817,0.00123056872611826,0.00123056872611824,0.000196331254946809,0.999999925317766
1.44650733852165e-05,0.00138779063828887,0.99741532181521,0.00119688754650131,0.00119688754650126,0.000190903091787566,0.999999925321516
1.48711546280895e-05,0.00134975712549072,0.997486112530893,0.00116413034361674,0.00116413034361669,0.000185626781873984,0.999999925325162
1.52886358805873e-05,0.00131276963679465,0.997554958707565,0.00113227165564063,0.00113227165564063,0.000180497981154021,0.999999925328707
1.57178371777316e-05,0.00127679920361613,0.997621914067762,0.00110128672862192,0.00110128672862196,0.000175512474994211,0.999999925332154
1.61590875389592e-05,0.00124181767051362,0.997687030833024,0.00107115149646254,0.00107115149646259,0.000170666174051076,0.999999925335506
1.66127252203429e-05,0.00120779767177061,0.997750359766747,0.00104184256148227,0.0010418425614823,0.000165955110288345,0.999999925338765
1.70790979738943e-05,0.00117471260868451,0.997811950215765,0.00101333717555036,0.00101333717555041,0.000161375433134152,0.999999925341934
1.75585633141447e-05,0.00114253662753902,0.997871850150695,0.000985613221766396,0.000985613221766403,0.000156923405772628,0.999999925345015
1.80514887922111e-05,0.00111124459823798,0.997930106205089,0.000958649196673434,0.000958649196673428,0.000152595401564542,0.999999925348012
1.85582522775552e-05,0.00108081209357913,0.997986763713434,0.000932424192987206,0.000932424192987224,0.000148387900591925,0.999999925350925
1.90792422476527e-05,0.00105121536914731,0.998041866748027,0.000906917882825506,0.000906917882825495,0.000144297486321804,0.999999925353758
1.96148580857943e-05,0.00102243134380698,0.99809545815477,0.000882110501422581,0.000882110501422609,0.000140320842384401,0.999999925356513
2.01655103872475e-05,0.000994437580775119,0.998147579587911,0.00085798283131374,0.000857982831313765,0.000136454749461379,0.999999925359191
2.07316212740123e-05,0.000967212269255827,0.998198271543768,0.000834516186975954,0.000834516186976006,0.000132696082279873,0.999999925361795
2.13136247184144e-05,0.000940734206618874,0.99824757339347,0.000811692399910609,0.000811692399910648,0.000129041806708265,0.999999925364328
2.19119668757815e-05,0.000914982781104964,0.99829552341474,0.000789493804155137,0.000789493804155109,0.000125488976949826,0.999999925366791
2.25271064264598e-05,0.000889937955041084,0.998342158822748,0.000767903222210578,0.000767903222210567,0.000122034732830506,0.999999925369185
2.31595149274315e-05,0.000865580248549945,0.998387515800077,0.000746903951372606,0.000746903951372603,0.000118676297177339,0.999999925371513
2.38096771738036e-05,0.000841890723737992,0.998431629525808,0.000726479750453939,0.000726479750453902,0.000115410973284053,0.999999925373777
2.44780915704444e-05,0.000818850969347081,0.998474534203767,0.000706614826886442,0.00070661482688639,0.000112236142460639,0.999999925375979
2.51652705140539e-05,0.000796443085855382,0.998516263089953,0.000687293824191611,0.000687293824191614,0.000109149261663771,0.999999925378119
2.58717407859592e-05,0.00077464967101357,0.998556848519178,0.000668501809808486,0.00066850180980851,0.000106147861205084,0.999999925380201
2.65980439559376e-05,0.000753453805802842,0.998596321930929,0.000650224263268383,0.000650224263268427,0.000103229542534459,0.999999925382224
2.73447367973758e-05,0.000732839040801762,0.998634713894492,0.000632447064706184,0.00063244706470614,0.000100391976095578,0.999999925384192
2.81123917140846e-05,0.00071278938294937,0.998672054133352,0.000615156483698242,0.00061515648369827,9.76328992511281e-05,0.999999925386106
2.89015971790951e-05,0.000693289282692398,0.99870837154889,0.000598339168417274,0.000598339168417241,9.49501142751242e-05,0.999999925387966
2.97129581857733e-05,0.000674323621504866,0.9987436942434,0.00058198213509491,0.000581982135094874,9.23414864099561e-05,0.999999925389775
3.05470967115997e-05,0.000655877699768698,0.998778049542448,0.000566072757782866,0.000566072757782882,8.98049419858322e-05,0.999999925391534
3.14046521949675e-05,0.000637937225004392,0.998811464016592,0.000550598758403987,0.000550598758404009,8.73384666004049e-05,0.999999925393244
3.22862820253673e-05,0.000620488300441137,0.998843963502474,0.000535548197084691,0.000535548197084688,8.49401033564461e-05,0.999999925394907
3.31926620473319e-05,0.000603517413916102,0.998875573123323,0.000520909462760576,0.000520909462760585,8.2607951155526e-05,0.999999925396524
3.41244870785289e-05,0.000587011427092974,0.99890631730886,0.000506671264047243,0.000506671264047211,8.03401630457305e-05,0.999999925398096
3.50824714423979e-05,0.000570957564990146,0.998936219814641,0.000492822620368612,0.000492822620368652,7.81349446215345e-05,0.999999925399624
3.60673495157403e-05,0.000555343405809255,0.998965303740855,0.00047935285333524,0.000479352853335285,7.59905524740149e-05,0.99999992540111
3.70798762916817e-05,0.000540156871055087,0.99899359155058,0.00046625157836542,0.000466251578365373,7.39052926896665e-05,0.999999925402555
3.81208279584389e-05,0.000525386215938122,0.99902110508752,0.000453508696541979,0.000453508696542032,7.18775193961439e-05,0.99999992540396
3.9191002494334e-05,0.000511020020051336,0.999047865593251,0.00044111438669801,0.000441114386698014,6.99056333533256e-05,0.999999925405325
4.02912202795135e-05,0.000497047178313055,0.999073893723962,0.000429059097724903,0.000429059097724898,6.79880805881519e-05,0.999999925406653
4.1422324724839e-05,0.000483456892168016,0.999099209566736,0.000417333541096266,0.000417333541096281,6.61233510717502e-05,0.999999925407943
4.25851829184341e-05,0.000470238661038944,0.99912383265536,0.000405928683601526,0.000405928683601522,6.43099774374182e-05,0.999999925409198
4.37806862903817e-05,0.000457382274021273,0.999147781985696,0.000394835740283182,0.00039483574028319,6.25465337380903e-05,0.999999925410418
4.50097512960805e-05,0.000444877801813824,0.999171076030614,0.000384046167571862,0.000384046167571896,6.08316342419617e-05,0.999999925411603
4.62733201187869e-05,0.000432715588878514,0.999193732754508,0.000373551656613515,0.000373551656613529,5.91639322649989e-05,0.999999925412756
4.75723613918789e-05,0.000420886245822333,0.999215769627394,0.000363344126783226,0.000363344126783221,5.75421190391064e-05,0.999999925413877
4.89078709413959e-05,0.00040938064199511,0.999237203638625,0.000353415719380336,0.00035341571938033,5.59649226147743e-05,0.999999925414965
5.02808725494247e-05,0.000398189898296729,0.999258051310204,0.000343758791499665,0.00034375879149965,5.44311067970641e-05,0.999999925416024
5.1692418738916e-05,0.00038730538018768,0.999278328709738,0.000334365910073838,0.000334365910073892,5.29394701138423e-05,0.999999925417053
5.31435915805324e-05,0.00037671869089702,0.999298051463021,0.000325229846081816,0.000325229846081783,5.14888448152035e-05,0.999999925418053
5.46355035221488e-05,0.000366421664821985,0.999317234766259,0.000316343568918918,0.000316343568918904,5.00780959030673e-05,0.999999925419025
5.6169298241638e-05,0.000356406361113697,0.999335893397963,0.000307700240923726,0.000307700240923721,4.87061201899705e-05,0.999999925419969
5.77461515235983e-05,0.000346665057443548,0.999354041730499,0.00029929321205744,0.000299293212057431,4.73718453861073e-05,0.999999925420887
5.93672721606913e-05,0.000337190243945045,0.999371693741324,0.000291116014731334,0.000291116014731336,4.60742292137108e-05,0.999999925421779
6.10339028802862e-05,0.000327974617326018,0.999388863023896,0.000283162358778125,0.000283162358778136,4.48122585478927e-05,0.999999925422646
6.27473212971157e-05,0.000319011075146288,0.999405562798291,0.000275426126563188,0.000275426126563198,4.35849485830998e-05,0.999999925423488
6.4508840892677e-05,0.000310292710256011,0.999421805921512,0.000267901368231646,0.000267901368231681,4.23913420243655e-05,0.999999925424306
6.63198120221268e-05,0.000301812805390078,0.999437604897522,0.000260582297087506,0.000260582297087497,4.12305083025726e-05,0.999999925425101
6.81816229494448e-05,0.000293564827914069,0.999452971886985,0.000253463285101107,0.000253463285101144,4.01015428129619e-05,0.999999925425874
7.00957009116562e-05,0.000285542424717421,0.999467918716741,0.000246538858541264,0.000246538858541235,3.90035661761575e-05,0.999999925426624
7.20635132129306e-05,0.000277739417249585,0.999482456889022,0.000239803693728588,0.000239803693728595,3.7935723520997e-05,0.999999925427353
7.40865683493957e-05,0.000270149796695063,0.999496597590398,0.000233252612906579,0.000233252612906609,3.68971837884839e-05,0.99999992542806
7.61664171655289e-05,0.000262767719283365,0.99951035170049,0.000226880580227164,0.000226880580227117,3.58871390562007e-05,0.999999925428748
7.83046540430118e-05,0.000255587501730021,0.999523729800422,0.000220682697847475,0.000220682697847501,3.49048038825459e-05,0.999999925429416
8.05029181229597e-05,0.000248603616804917,0.99953674218106,0.000214654202134738,0.000214654202134716,3.39494146701784e-05,0.999999925430064
8.27628945624635e-05,0.000241810689024305,0.999549398850999,0.000208790459976232,0.000208790459976224,3.30202290480733e-05,0.999999925430694
8.50863158264058e-05,0.000235203490462995,0.999561709544346,0.00020308696519138,0.00020308696519136,3.21165252716152e-05,0.999999925431305
8.74749630155442e-05,0.000228776936683274,0.999573683728274,0.000197539335043102,0.000197539335043127,3.1237601640172e-05,0.999999925431898
8.99306672318761e-05,0.000222526082777266,0.999585330610377,0.000192143306845653,0.000192143306845602,3.03827759316131e-05,0.999999925432474
9.24553109823358e-05,0.000216446119519493,0.999596659145814,0.000186894734666241,0.000186894734666203,2.9551384853252e-05,0.999999925433033
9.50508296218951e-05,0.000210532369626527,0.999607678044256,0.000181789586117814,0.000181789586117819,2.87427835087126e-05,0.999999925433575
9.771921283718e-05,0.000204780284120676,0.999618395776639,0.000176823939240444,0.000176823939240411,2.79563448802316e-05,0.999999925434101
0.000100462506171734,0.000199185438794788,0.999628820581736,0.000171993979468858,0.000171993979468912,2.71914593259302e-05,0.999999925434612
0.000103282812594103,0.000193743530775294,0.999638960472541,0.000167295996683694,0.000167295996683735,2.64475340916002e-05,0.999999925435107
0.000106182294109938,0.000188450375180716,0.999648823242475,0.000162726382344152,0.000162726382344113,2.57239928365646e-05,0.999999925435587
0.000109163173419361,0.00018330190187296,0.999658416471427,0.000158281626699771,0.00015828162669976,2.5020275173189e-05,0.999999925436053
0.000112227735620851,0.000178294152298754,0.999667747531622,0.000153958316079121,0.000153958316079116,2.43358362196332e-05,0.999999925436505
0.000115378329962966,0.000173423276418717,0.999676823593328,0.000149753130253273,0.000149753130253293,2.36701461654444e-05,0.999999925436942
0.000118617371645248,0.000168685529721573,0.999685651630406,0.000145662839871965,0.00014566283987197,2.30226898496074e-05,0.999999925437366
0.000121947343669674,0.000164077270321116,0.999694238425708,0.000141684303970435,0.000141684303970403,2.23929663506802e-05,0.999999925437777
0.000125370798744092,0.000159594956133615,0.999702590576321,0.000137814467544962,0.000137814467545003,2.17804885886531e-05,0.999999925438175
0.000128890361239089,0.000155235142133385,0.999710714498671,0.000134050359195201,0.000134050359195177,2.11847829381838e-05,0.999999925438561
0.000132508729199795,0.000150994477684331,0.999718616433484,0.000130389088831462,0.000130389088831416,2.06053888528694e-05,0.999999925438934
0.000136228676414165,0.000146869703945346,0.99972630245061,0.000126827845445117,0.000126827845445093,2.00418585002289e-05,0.999999925439295
0.000140053054539322,0.000142857651347479,0.999733778453712,0.0001233638949404,0.000123363894940381,1.94937564070787e-05,0.999999925439645
0.000143984795287601,0.000138955237140871,0.999741050184833,0.000119994578025876,0.000119994578025849,1.89606591149946e-05,0.999999925439983
0.000148026912673951,0.00013515946300951,0.999748123228827,0.000116717308163947,0.000116717308163933,1.8442154845563e-05,0.999999925440309
0.000152182505326439,0.000131467412751896,0.999755003017671,0.000113529569576762,0.000113529569576709,1.79378431751337e-05,0.999999925440625
0.00015645475886161,0.000127876250025784,0.999761694834667,0.00011042891530699,0.000110428915306957,1.74473347187945e-05,0.999999925440931
0.000160846948326536,0.000124383216155216,0.999768203818513,0.000107412965331918,0.000107412965331949,1.69702508232975e-05,0.999999925441225
0.000165362440709418,0.000120985627998088,0.999774534967273,0.000104479404729411,0.00010447940472938,1.65062232686767e-05,0.99999992544151
0.000170004697520672,0.00011768087587259,0.999780693142233,0.000101625981894289,0.000101625981894243,1.60548939783004e-05,0.999999925441785
0.000174777277446468,0.000114466421540847,0.999786683071655,9.88505068037319e-05,9.88505068037397e-05,1.56159147371152e-05,0.999999925442049
0.000179683839076772,0.000111339796248193,0.999792509354421,9.61508493303521e-05,9.61508493303745e-05,1.51889469178408e-05,0.999999925442304
0.000184728143709964,0.000108298598816507,0.999798176463582,9.35249376016211e-05,9.352493760167e-05,1.47736612148864e-05,0.99999992544255
0.000189914058236194,0.000105340493790128,0.999803688749806,9.09707564043644e-05,9.0970756404353e-05,1.43697373857634e-05,0.999999925442786
0.000195245558101686,0.000102463209632859,0.999809050444734,8.84863456330808e-05,8.84863456330258e-05,1.3976863999778e-05,0.999999925443014
0.000200726730356257,9.96645369746704e-05,0.999814265664244,8.60697987808782e-05,8.6069798780857e-05,1.35947381937922e-05,0.999999925443233
0.000206361776786386,9.69423269066946e-05,0.999819338411621,8.37192614718444e-05,8.37192614718998e-05,1.32230654348502e-05,0.999999925443443
0.000212155017136245,9.42944893231851e-05,0.999824272580643,8.14329300337139e-05,8.14329300337119e-05,1.28615592894711e-05,0.999999925443644
0.000218110892419152,9.17189913091299e-05,0.999829071958581,7.92090501097133e-05,7.92090501096975e-05,1.25099411994166e-05,0.999999925443837
0.000224233968321985,8.92138555722563e-05,0.999833740229119,7.70459153085096e-05,7.70459153085493e-05,1.21679402637466e-05,0.999999925444022
0.000230528938705171,8.67771589181906e-05,0.999838280975191,7.49418658912072e-05,7.49418658912463e-05,1.18352930269834e-05,0.999999925444199
0.000237000629200933,8.44070307675796e-05,0.999842697681738,7.28952874943721e-05,7.2895287494363e-05,1.15117432732075e-05,0.999999925444367
0.000243654000912547,8.21016517140093e-05,0.999846993738398,7.09046098880924e-05,7.09046098880751e-05,1.11970418259169e-05,0.999999925444529
0.00025049415421745,7.98592521215892e-05,0.99985117244211,6.89683057681059e-05,6.89683057681077e-05,1.08909463534833e-05,0.999999925444682
0.00025752633267712,7.76781107611058e-05,0.999855236999658,6.70848895810597e-05,6.70848895810571e-05,1.05932211800461e-05,0.999999925444828
0.000264755927056707,7.55565534836755e-05,0.999859190530134,6.52529163819866e-05,6.52529163819349e-05,1.03036371016889e-05,0.999999925444966
0.000272188479457518,7.34929519308608e-05,0.999863036067346,6.34709807231133e-05,6.34709807230832e-05,1.00219712077476e-05,0.999999925445097
0.000279829687565512,7.14857222802376e-05,0.999866776562147,6.17377155731337e-05,6.17377155731427e-05,9.74800670710396e-06,0.999999925445221
0.000287685409019059,6.95333240254375e-05,0.999870414884708,6.00517912661144e-05,6.00517912661597e-05,9.48153275932315e-06,0.999999925445337
0.000295761665899326,6.76342587897083e-05,0.999873953826731,5.84119144792116e-05,5.84119144792372e-05,9.2223443104967e-06,0.999999925445446
0.000304064649346707,6.57870691720687e-05,0.999877396103589,5.68168272384103e-05,5.68168272384316e-05,8.97024193365838e-06,0.999999925445549
0.00031260072430687,6.39903376251542e-05,0.999880744356423,5.52653059515119e-05,5.5265305951467e-05,8.72503167364225e-06,0.999999925445645
0.000321376434410028,6.22426853638815e-05,0.999884001154169,5.37561604676237e-05,5.37561604675849e-05,8.48652489625779e-06,0.999999925445733
0.000330398506987186,6.05427713040784e-05,0.999887168995534,5.2288233162419e-05,5.22882331623843e-05,8.25453814165937e-06,0.999999925445815
0.000339673858227221,5.8889291030253e-05,0.999890250310921,5.08603980484613e-05,5.08603980484778e-05,8.02889298179172e-06,0.999999925445891
0.000349209598478727,5.72809757916976e-05,0.999893247464298,4.94715599099017e-05,4.94715599098844e-05,7.80941588179592e-06,0.999999925445959
0.000359013037700707,5.57165915261455e-05,0.999896162755013,4.81206534608811e-05,4.81206534609362e-05,7.59593806526446e-06,0.999999925446021
0.000369091691066277,5.41949379102219e-05,0.999898998419563,4.68066425269853e-05,4.68066425270214e-05,7.38829538323655e-06,0.999999925446077
0.000379453284723694,5.27148474359477e-05,0.999901756633315,4.55285192491196e-05,4.55285192491213e-05,7.18632818682819e-06,0.999999925446126
0.000390105761719099,5.12751845125818e-05,0.999904439512178,4.42853033091868e-05,4.42853033091957e-05,6.98988120339499e-06,0.999999925446169
0.00040105728808555,4.98748445930983e-05,0.99990704911423,4.30760411769705e-05,4.30760411770061e-05,6.79880341612785e-06,0.999999925446205
0.000412316259102975,4.85127533246255e-05,0.999909587441298,4.18998053776401e-05,4.18998053776098e-05,6.61294794698541e-06,0.999999925446235
0.000423891305733878,4.71878657221824e-05,0.999912056440499,4.07556937793131e-05,4.07556937792975e-05,6.43217194286925e-06,0.999999925446258
0.000435791301239703,4.58991653650738e-05,0.999914458005735,3.96428289001228e-05,3.96428289001742e-05,6.25633646495098e-06,0.999999925446275
0.000448025367982949,4.46456636153179e-05,0.99991679397915,3.85603572342552e-05,3.85603572342288e-05,6.08530638106262e-06,0.999999925446285
0.00046060288442024,4.34263988575019e-05,0.999919066152546,3.75074485964374e-05,3.75074485963882e-05,5.9189502610645e-06,0.99999992544629
0.000473533492291712,4.22404357594749e-05,0.999921276268756,3.64832954843675e-05,3.64832954843712e-05,5.75714027510736e-06,0.999999925446288
0.000486827104012228,4.10868645533047e-05,0.999923426022988,3.54871124585973e-05,3.54871124585798e-05,5.59975209470739e-06,0.99999992544628
0.000500493910270095,3.99648003359414e-05,0.999925517064125,3.45181355393857e-05,3.45181355393671e-05,5.44666479655571e-06,0.999999925446265
0.000514544387839092,3.88733823890456e-05,0.999927550995991,3.35756216200599e-05,3.35756216201107e-05,5.29776076898574e-06,0.999999925446244
0.000528989307609816,3.78117735174541e-05,0.999929529378586,3.26588478964299e-05,3.26588478963998e-05,5.15292562102426e-06,0.999999925446217
