1e-09,0.952375938494877,0.0105145980525772,0.0371094634525457,0.0371094634525456,0.915266475042331,0.999999999000111
1.02807322383086e-09,0.952375797703837,0.0105146346228526,0.0371095676733107,0.0371095676733108,0.915266230030526,0.999999998972041
1.05693455355799e-09,0.952375652958339,0.0105146722203266,0.0371096748213344,0.0371096748213343,0.915265978137005,0.999999998943182
1.0866061138546e-09,0.952375504147256,0.0105147108738673,0.0371097849788766,0.0371097849788766,0.91526571916838,0.999999998913514
1.11711065050482e-09,0.952375351156333,0.0105147506131552,0.0371098982305113,0.0371098982305114,0.915265452925822,0.999999998883013
1.14847154784029e-09,0.952375193868102,0.0105147914687061,0.0371100146631917,0.0371100146631916,0.91526517920491,0.999999998851655
1.18071284666619e-09,0.952375032161789,0.0105148334718942,0.0371101343663172,0.0371101343663173,0.915264897795471,0.999999998819418
1.21385926269063e-09,0.952374865913221,0.0105148766549767,0.0371102574318026,0.0371102574318025,0.915264608481418,0.999999998786275
1.24793620547131e-09,0.952374694994733,0.0105149210511186,0.0371103839541487,0.0371103839541487,0.915264311040584,0.999999998752202
1.28296979789415e-09,0.952374519275066,0.0105149666944183,0.0371105140305157,0.0371105140305158,0.91526400524455,0.999999998717172
1.31898689619867e-09,0.952374338619268,0.0105150136199339,0.0371106477607978,0.0371106477607979,0.91526369085847,0.999999998681159
1.35601511056563e-09,0.952374152888589,0.0105150618637106,0.0371107852477004,0.0371107852477004,0.915263367640889,0.999999998644135
1.39408282628258e-09,0.952373961940373,0.0105151114628079,0.0371109265968195,0.0371109265968196,0.915263035343553,0.999999998606071
1.43321922550358e-09,0.952373765627947,0.010515162455329,0.0371110719167235,0.0371110719167236,0.915262693711224,0.999999998566939
1.47345430961984e-09,0.952373563800514,0.0105152148804497,0.0371112213190365,0.0371112213190365,0.915262342481477,0.999999998526709
1.51481892225835e-09,0.952373356303026,0.010515268778449,0.0371113749185252,0.0371113749185251,0.915261981384501,0.999999998485349
1.55734477292614e-09,0.952373142976073,0.0105153241907399,0.0371115328331869,0.0371115328331868,0.915261610142886,0.999999998442827
1.60106446131832e-09,0.952372923655756,0.0105153811599022,0.0371116951843414,0.0371116951843415,0.915261228471415,0.999999998399113
1.64601150230855e-09,0.952372698173561,0.0105154397297144,0.0371118620967246,0.0371118620967246,0.915260836076836,0.99999999835417
1.69222035164104e-09,0.952372466356227,0.0105154999451884,0.0371120336985848,0.0371120336985847,0.915260432657642,0.999999998307967
1.7397264323438e-09,0.952372228025614,0.0105155618526041,0.0371122101217818,0.0371122101217818,0.915260017903832,0.999999998260466
1.78856616188346e-09,0.952371982998565,0.0105156254995453,0.0371123915018897,0.0371123915018897,0.915259591496675,0.999999998211632
1.83877698008233e-09,0.952371731086763,0.0105156909349362,0.0371125779783008,0.0371125779783008,0.915259153108462,0.999999998161426
1.89039737781922e-09,0.952371472096586,0.0105157582090798,0.0371127696943345,0.0371127696943345,0.915258702402251,0.999999998109812
1.94346692653602e-09,0.952371205828956,0.0105158273736969,0.0371129667973474,0.0371129667973474,0.915258239031608,0.999999998056748
1.99802630857255e-09,0.952370932079186,0.0105158984819657,0.0371131694388485,0.0371131694388485,0.915257762640337,0.999999998002195
2.05411734835306e-09,0.952370650636821,0.0105159715885634,0.0371133777746154,0.0371133777746153,0.915257272862206,0.99999999794611
2.11178304444824e-09,0.952370361285475,0.0105160467497089,0.0371135919648162,0.0371135919648162,0.915256769320659,0.999999997888451
2.17106760253726e-09,0.952370063802661,0.0105161240232058,0.0371138121741328,0.0371138121741329,0.915256251628529,0.999999997829173
2.23201646929523e-09,0.952369757959623,0.0105162034684877,0.0371140385718894,0.0371140385718894,0.915255719387733,0.99999999776823
2.29467636723194e-09,0.952369443521152,0.0105162851466645,0.0371142713321832,0.0371142713321833,0.915255172188969,0.999999997705577
2.35909533050864e-09,0.952369120245411,0.0105163691205693,0.0371145106340201,0.0371145106340202,0.91525460961139,0.999999997641166
2.42532274176036e-09,0.952368787883739,0.010516455454808,0.0371147566614532,0.0371147566614533,0.915254031222286,0.999999997574945
2.49340936995188e-09,0.952368446180465,0.0105165442158088,0.0371150096037263,0.0371150096037263,0.915253436576739,0.999999997506866
2.56340740929651e-09,0.952368094872705,0.0105166354718746,0.0371152696554203,0.0371152696554202,0.915252825217285,0.999999997436876
2.63537051926739e-09,0.952367733690159,0.0105167292932355,0.0371155370166051,0.0371155370166052,0.915252196673554,0.999999997364921
2.70935386573205e-09,0.952367362354901,0.0105168257521039,0.0371158118929949,0.0371158118929948,0.915251550461906,0.999999997290946
2.78541416324176e-09,0.952366980581161,0.0105169249227306,0.037116094496108,0.0371160944961081,0.915250886085053,0.999999997214894
2.86360971850811e-09,0.952366588075105,0.0105170268814628,0.0371163850434319,0.0371163850434318,0.915250203031673,0.999999997136707
2.94400047510004e-09,0.952366184534604,0.0105171317068035,0.0371166837585921,0.0371166837585921,0.915249500776012,0.999999997056325
3.0266480593957e-09,0.952365769649001,0.0105172394794725,0.0371169908715269,0.0371169908715269,0.915248778777474,0.999999996973687
3.11161582782436e-09,0.952365343098864,0.0105173502824701,0.0371173066186659,0.0371173066186659,0.915248036480198,0.999999996888728
3.19896891543454e-09,0.952364904555744,0.0105174642011411,0.0371176312431151,0.0371176312431152,0.915247273312629,0.999999996801385
3.28877428582551e-09,0.952364453681912,0.010517581323242,0.0371179649948458,0.0371179649948458,0.915246488687066,0.99999999671159
3.38110078248068e-09,0.952363990130101,0.0105177017390093,0.0371183081308899,0.03711830813089,0.915245681999211,0.999999996619273
3.47601918154197e-09,0.952363513543228,0.0105178255412305,0.0371186609155411,0.0371186609155411,0.915244852627687,0.999999996524365
3.57360224606578e-09,0.952363023554124,0.0105179528253159,0.0371190236205605,0.0371190236205604,0.915243999933563,0.999999996426793
3.67392478180208e-09,0.952362519785236,0.0105180836893743,0.0371193965253896,0.0371193965253895,0.915243123259847,0.999999996326482
3.77706369453937e-09,0.952362001848342,0.0105182182342891,0.0371197799173686,0.0371197799173686,0.915242221930974,0.999999996223354
3.88309804905961e-09,0.952361469344241,0.0105183565637976,0.0371201740919614,0.0371201740919614,0.915241295252279,0.999999996117332
3.99210912974805e-09,0.952360921862441,0.0105184987845726,0.0371205793529868,0.0371205793529867,0.915240342509454,0.999999996008333
4.10418050290471e-09,0.952360358980838,0.0105186450063058,0.0371209960128562,0.0371209960128562,0.915239362967982,0.999999995896274
4.21939808080502e-09,0.952359780265387,0.0105187953417939,0.037121424392819,0.0371214243928191,0.915238355872568,0.999999995781069
4.33785018755898e-09,0.952359185269758,0.0105189499070278,0.0371218648232144,0.0371218648232144,0.915237320446543,0.99999999566263
4.45962762681909e-09,0.952358573534986,0.0105191088212832,0.0371223176437303,0.0371223176437303,0.915236255891256,0.999999995540866
4.58482375138911e-09,0.952357944589115,0.0105192722072147,0.0371227832036706,0.0371227832036706,0.915235161385444,0.999999995415684
4.71353453478692e-09,0.952357297946818,0.0105194401909525,0.0371232618622292,0.0371232618622293,0.915234036084589,0.999999995286987
4.8458586448165e-09,0.952356633109026,0.0105196129022017,0.0371237539887728,0.0371237539887728,0.915232879120253,0.999999995154678
4.98189751920517e-09,0.952355949562524,0.0105197904743445,0.0371242599631315,0.0371242599631315,0.915231689599392,0.999999995018654
5.12175544336424e-09,0.952355246779556,0.0105199730445458,0.0371247801758978,0.0371247801758978,0.915230466603659,0.999999994878812
5.26553963033276e-09,0.952354524217404,0.0105201607538613,0.0371253150287346,0.0371253150287346,0.915229209188669,0.999999994735043
5.41336030296538e-09,0.952353781317959,0.0105203537473491,0.0371258649346918,0.0371258649346918,0.915227916383267,0.999999994587239
5.56533077842764e-09,0.952353017507283,0.0105205521741846,0.0371264303185326,0.0371264303185326,0.91522658718875,0.999999994435285
5.72156755506324e-09,0.952352232195153,0.0105207561877784,0.0371270116170687,0.0371270116170687,0.915225220578084,0.999999994279066
5.88219040169997e-09,0.952351424774596,0.0105209659458983,0.0371276092795061,0.0371276092795062,0.915223815495089,0.999999994118461
6.04732244946265e-09,0.952350594621406,0.0105211816107941,0.0371282237678001,0.0371282237678001,0.915222370853606,0.999999993953347
6.21709028616383e-09,0.952349741093651,0.0105214033493269,0.0371288555570216,0.0371288555570216,0.91522088553663,0.999999993783598
6.39162405334401e-09,0.952348863531165,0.0105216313331014,0.0371295051357334,0.0371295051357334,0.915219358395432,0.999999993609084
6.57105754603627e-09,0.95234796125502,0.0105218657386025,0.0371301730063779,0.0371301730063779,0.915217788248642,0.99999999342967
6.75552831533164e-09,0.952347033566987,0.0105221067473362,0.0371308596856765,0.0371308596856765,0.915216173881311,0.99999999324522
6.94517777382369e-09,0.952346079748986,0.0105223545459741,0.0371315657050398,0.0371315657050397,0.915214514043946,0.999999993055591
7.14015130401339e-09,0.952345099062506,0.0105226093265025,0.0371322916109911,0.0371322916109912,0.915212807451515,0.999999992860639
7.3405983697572e-09,0.952344090748023,0.0105228712863761,0.0371330379656014,0.0371330379656014,0.915211052782421,0.999999992660215
7.5466726308439e-09,0.952343054024387,0.0105231406286756,0.0371338053469377,0.0371338053469378,0.915209248677449,0.999999992454163
7.75853206078784e-09,0.952341988088205,0.0105234175622706,0.0371345943495248,0.0371345943495248,0.91520739373868,0.999999992242327
7.97633906792928e-09,0.952340892113193,0.0105237023019873,0.0371354055848201,0.0371354055848201,0.915205486528373,0.999999992024544
8.20026061993413e-09,0.952339765249516,0.0105239950687809,0.037136239681703,0.037136239681703,0.915203525567813,0.999999991800648
8.43046837178897e-09,0.952338606623108,0.0105242960899133,0.0371370972869787,0.0371370972869788,0.915201509336129,0.999999991570466
8.66713879738922e-09,0.952337415334967,0.0105246055991361,0.0371379790658974,0.0371379790658974,0.915199436269069,0.999999991333821
8.9104533248215e-09,0.952336190460433,0.0105249238368792,0.037138885702688,0.037138885702688,0.915197304757745,0.999999991090534
9.16059847544369e-09,0.952334931048447,0.0105252510504448,0.0371398179011085,0.0371398179011084,0.915195113147338,0.999999990840416
9.41776600686954e-09,0.952333636120779,0.0105255874942077,0.0371407763850129,0.0371407763850129,0.915192859735766,0.999999990583277
9.6821530599671e-09,0.952332304671245,0.0105259334298208,0.0371417618989347,0.0371417618989347,0.91519054277231,0.99999999031892
9.95396230998424e-09,0.952330935664884,0.0105262891264277,0.037142775208688,0.037142775208688,0.915188160456196,0.99999999004714
1.02334021219164e-08,0.952329528037132,0.0105266548608814,0.0371438171019868,0.0371438171019868,0.915185710935145,0.999999989767732
1.05206867102362e-08,0.952328080692948,0.0105270309179692,0.037144888389083,0.0371448883890829,0.915183192303865,0.999999989480479
1.08160363031071e-08,0.952326592505932,0.0105274175906452,0.0371459899034231,0.037145989903423,0.915180602602509,0.999999989185162
1.1119677311207e-08,0.952325062317405,0.0105278151802692,0.0371471225023257,0.0371471225023257,0.915177939815079,0.999999988881555
1.14318425012915e-08,0.952323488935468,0.0105282239968532,0.0371482870676789,0.0371482870676789,0.915175201867789,0.999999988569425
1.17527711746295e-08,0.952321871134026,0.0105286443593152,0.0371494845066584,0.0371494845066584,0.915172386627368,0.999999988248532
1.20827093504478e-08,0.95232020765179,0.0105290765957415,0.0371507157524688,0.0371507157524688,0.915169491899321,0.99999998791863
1.24219099545262e-08,0.952318497191238,0.0105295210436558,0.0371519817651058,0.0371519817651059,0.915166515426132,0.999999987579468
1.27706330130864e-08,0.952316738417559,0.0105299780502977,0.0371532835321435,0.0371532835321434,0.915163454885415,0.999999987230783
1.31291458521247e-08,0.952314929957547,0.010530447972909,0.0371546220695439,0.037154622069544,0.915160307888003,0.99999998687231
1.34977233023394e-08,0.952313070398478,0.0105309311790294,0.0371559984224929,0.037155998422493,0.915157071975985,0.999999986503774
1.38766479098131e-08,0.952311158286938,0.0105314280468013,0.0371574136662607,0.0371574136662607,0.915153744620677,0.999999986124891
1.42662101526074e-08,0.952309192127627,0.0105319389652835,0.0371588689070898,0.0371588689070897,0.915150323220537,0.999999985735372
1.46667086634397e-08,0.952307170382116,0.0105324643347751,0.0371603652831092,0.0371603652831093,0.915146805099006,0.999999985334919
1.50784504586105e-08,0.952305091467572,0.0105330045671499,0.0371619039652784,0.0371619039652784,0.915143187502293,0.999999984923222
1.55017511733577e-08,0.95230295375544,0.0105335600862003,0.0371634861583594,0.0371634861583593,0.915139467597081,0.999999984499969
1.59369353038178e-08,0.952300755570088,0.010534131327993,0.0371651131019194,0.0371651131019194,0.915135642468168,0.999999984064833
1.63843364557798e-08,0.9522984951874,0.0105347187412347,0.0371667860713652,0.0371667860713651,0.915131709116035,0.999999983617482
1.68442976004231e-08,0.95229617083334,0.0105353227876511,0.0371685063790094,0.0371685063790094,0.91512766445433,0.999999983157572
1.73171713372335e-08,0.952293780682454,0.0105359439423758,0.0371702753751702,0.0371702753751701,0.915123505307284,0.999999982684751
1.78033201643011e-08,0.952291322856341,0.0105365826943531,0.037172094449306,0.0371720944493061,0.915119228407035,0.999999982198656
1.83031167562061e-08,0.952288795422061,0.0105372395467533,0.0371739650311857,0.0371739650311856,0.915114830390875,0.999999981698915
1.88169442497056e-08,0.952286196390504,0.0105379150174006,0.0371758885920957,0.0371758885920958,0.915110307798408,0.999999981185145
1.93451965374404e-08,0.952283523714699,0.0105386096392154,0.0371778666460859,0.0371778666460858,0.915105657068613,0.999999980656952
1.98882785698881e-08,0.952280775288075,0.0105393239606708,0.0371799007512547,0.0371799007512547,0.91510087453682,0.999999980113931
2.04466066657912e-08,0.952277948942661,0.0105400585462635,0.0371819925110756,0.0371819925110756,0.915095956431585,0.999999979555665
2.10206088313016e-08,0.952275042447234,0.0105408139769998,0.037184143575766,0.0371841435757659,0.915090898871468,0.999999978981727
2.16107250880838e-08,0.952272053505402,0.0105415908508983,0.0371863556436998,0.0371863556436998,0.915085697861702,0.999999978391676
2.22174078106288e-08,0.952268979753626,0.0105423897835076,0.0371886304628662,0.0371886304628661,0.91508034929076,0.999999977785061
2.28411220730383e-08,0.952265818759182,0.0105432114084426,0.0371909698323753,0.0371909698323752,0.915074848926807,0.999999977161417
2.34823460055428e-08,0.952262568018051,0.0105440563779365,0.0371933756040126,0.0371933756040126,0.915069192414038,0.999999976520265
2.41415711610302e-08,0.952259224952743,0.010544925363413,0.0371958496838443,0.0371958496838443,0.915063375268898,0.999999975861113
2.48193028918626e-08,0.952255786910049,0.0105458190560757,0.0371983940338753,0.0371983940338754,0.915057392876174,0.999999975183457
2.55160607372719e-08,0.952252251158721,0.0105467381675182,0.0372010106737611,0.0372010106737611,0.91505124048496,0.999999974486778
2.62323788216312e-08,0.952248614887069,0.0105476834303544,0.0372037016825771,0.037203701682577,0.915044913204491,0.999999973770539
2.69688062639069e-08,0.952244875200486,0.010548655598869,0.0372064692006455,0.0372064692006455,0.91503840599984,0.999999973034195
2.77259075986048e-08,0.952241029118885,0.0105496554496917,0.0372093154314234,0.0372093154314235,0.915031713687462,0.999999972277179
2.85042632085343e-08,0.952237073574054,0.010550683782492,0.0372122426434542,0.0372122426434542,0.915024830930599,0.99999997149891
2.93044697697214e-08,0.952233005406917,0.0105517414206994,0.0372152531723838,0.0372152531723837,0.915017752234533,0.999999970698793
3.01271407088116e-08,0.952228821364708,0.0105528292122472,0.0372183494230449,0.037218349423045,0.915010471941663,0.999999969876214
3.09729066733141e-08,0.952224518098046,0.0105539480303421,0.0372215338716121,0.0372215338716122,0.915002984226434,0.999999969030543
3.18424160150466e-08,0.95222009215791,0.0105550987742599,0.0372248090678296,0.0372248090678297,0.914995283090081,0.999999968161131
3.27363352871525e-08,0.952215539992515,0.0105562823701695,0.0372281776373155,0.0372281776373156,0.914987362355199,0.999999967267313
3.36553497550709e-08,0.95221085794407,0.0105574997719849,0.0372316422839445,0.0372316422839445,0.914979215660126,0.999999966348401
3.46001639218511e-08,0.95220604224544,0.0105587519622468,0.0372352057923131,0.0372352057923131,0.914970836453127,0.999999965403694
3.55715020682138e-08,0.952201089016674,0.0105600399530358,0.0372388710302898,0.0372388710302898,0.914962217986385,0.999999964432465
3.65701088077749e-08,0.952195994261429,0.0105613647869173,0.0372426409516541,0.0372426409516541,0.914953353309774,0.99999996343397
3.75967496578547e-08,0.952190753863252,0.0105627275379202,0.0372465185988277,0.0372465185988277,0.914944235264424,0.999999962407445
3.86522116263126e-08,0.952185363581748,0.0105641293125502,0.0372505071057015,0.0372505071057015,0.914934856476047,0.999999961352102
3.97373038148561e-08,0.952179819048598,0.0105655712508395,0.0372546097005627,0.0372546097005627,0.914925209348035,0.999999960267132
4.08528580392857e-08,0.952174115763439,0.010567054527435,0.0372588297091255,0.0372588297091255,0.914915286054314,0.999999959151704
4.19997294671531e-08,0.952168249089606,0.0105685803527246,0.0372631705576699,0.0372631705576699,0.914905078531936,0.999999958004962
4.31787972733202e-08,0.952162214249701,0.0105701499740057,0.0372676357762935,0.0372676357762934,0.914894578473407,0.999999956826027
4.43909653139217e-08,0.952156006321024,0.0105717646766964,0.03727222900228,0.03727222900228,0.914883777318744,0.999999955613996
4.56371628192476e-08,0.952149620230819,0.0105734257855906,0.0372769539835907,0.0372769539835907,0.914872666247228,0.999999954367939
4.6918345106078e-08,0.952143050751357,0.0105751346661607,0.0372818145824825,0.0372818145824825,0.914861236168874,0.999999953086902
4.82354943100147e-08,0.952136292494832,0.0105768927259082,0.0372868147792599,0.0372868147792598,0.914849477715572,0.999999951769902
4.95896201383721e-08,0.952129339908071,0.0105787014157653,0.037291958676164,0.037291958676164,0.914837381231907,0.999999950415929
5.09817606442043e-08,0.952122187267043,0.0105805622315497,0.0372972505014076,0.0372972505014076,0.914824936765635,0.999999949023947
5.24129830220606e-08,0.952114828671165,0.0105824767154743,0.0373026946133601,0.0373026946133602,0.914812134057805,0.999999947592887
5.38843844260822e-08,0.952107258037395,0.010584446457715,0.0373082955048902,0.0373082955048902,0.914798962532505,0.999999946121652
5.5397092811064e-08,0.952099469094088,0.0105864730980391,0.0373140578078729,0.0373140578078729,0.914785411286215,0.999999944609116
5.69522677971282e-08,0.952091455374635,0.0105885583274964,0.0373199862978684,0.0373199862978684,0.914771469076767,0.999999943054118
5.85511015586724e-08,0.952083210210842,0.0105907038901771,0.0373260858989806,0.0373260858989807,0.914757124311862,0.999999941455466
6.01948197382727e-08,0.952074726726059,0.010592911585038,0.037332361688903,0.037332361688903,0.914742365037156,0.999999939811935
6.18846823862438e-08,0.952065997828037,0.0105951832678019,0.0373388189041609,0.0373388189041609,0.914727178923876,0.999999938122265
6.3621984926575e-08,0.952057016201509,0.0105975208529326,0.037345462945559,0.037345462945559,0.91471155325595,0.99999993638516
6.54080591499826e-08,0.952047774300468,0.0105999263156885,0.0373522993838434,0.0373522993838434,0.914695474916625,0.99999993459929
6.72442742348425e-08,0.952038264340149,0.0106024016942611,0.0373593339655893,0.0373593339655894,0.91467893037456,0.999999932763285
6.91320377967813e-08,0.952028478288678,0.0106049490919988,0.0373665726193237,0.0373665726193237,0.914661905669354,0.999999930875737
7.10727969677341e-08,0.952018407858382,0.0106075706797234,0.0373740214618946,0.0373740214618947,0.914644386396487,0.9999999289352
7.30680395052951e-08,0.952008044496758,0.0106102686981427,0.0373816868050996,0.0373816868050996,0.914626357691658,0.999999926940186
7.51192949332097e-08,0.951997379377052,0.0106130454603628,0.0373895751625851,0.0373895751625851,0.914607804214467,0.999999924889166
7.72281357138864e-08,0.951986403388462,0.0106159033545071,0.0373976932570304,0.0373976932570305,0.914588710131432,0.999999922780568
7.93961784538228e-08,0.951975107125924,0.010618844846446,0.0374060480276303,0.0374060480276303,0.914569059098293,0.999999920612774
8.16250851428724e-08,0.951963480879466,0.0106218724826436,0.0374146466378908,0.0374146466378908,0.914548834241575,0.999999918384124
8.39165644283016e-08,0.951951514623118,0.010624988893127,0.0374234964837545,0.0374234964837545,0.914528018139364,0.999999916092909
8.62723729246145e-08,0.951939198003343,0.0106281967945849,0.037432605202072,0.0374326052020719,0.914506592801271,0.999999913737372
8.8694316560147e-08,0.951926520326962,0.0106314989936019,0.0374419806794362,0.0374419806794363,0.914484539647526,0.999999911315708
9.11842519614656e-08,0.951913470548564,0.0106348983900362,0.0374516310614002,0.0374516310614003,0.914461839487163,0.999999908826061
9.374408787663e-08,0.951900037257356,0.0106383979805477,0.0374615647620967,0.0374615647620968,0.914438472495259,0.999999906266522
9.63757866384109e-08,0.951886208663433,0.0106420008622853,0.0374717904742822,0.0374717904742822,0.91441441818915,0.999999903635128
9.90813656685867e-08,0.951871972583433,0.0106457102367412,0.0374823171798259,0.037482317179826,0.914389655403607,0.999999900929863
1.01862899024469e-07,0.951857316425547,0.0106495294137827,0.0374931541606705,0.0374931541606706,0.914364162264876,0.999999898148654
1.04722518988844e-07,0.951842227173843,0.0106534618158692,0.0375043110102875,0.0375043110102875,0.914337916163556,0.999999895289367
1.07662417704549e-07,0.951826691371876,0.0106575109824674,0.0375157976456561,0.0375157976456562,0.91431089372622,0.999999892349811
1.10684848854941e-07,0.951810695105533,0.0106616805746737,0.0375276243197935,0.0375276243197935,0.914283070785739,0.999999889327733
1.13792129391531e-07,0.951794223985075,0.010665974380057,0.0375398016348684,0.0375398016348685,0.914254422350206,0.999999886220816
1.16986641310131e-07,0.951777263126337,0.0106703963177335,0.0375523405559294,0.0375523405559294,0.914224922570408,0.999999883026678
1.20270833476851e-07,0.951759797131028,0.0106749504436879,0.0375652524252845,0.0375652524252845,0.914194544705743,0.999999879742872
1.23647223505371e-07,0.951741810066075,0.0106796409563557,0.0375785489775691,0.0375785489775691,0.914163261088506,0.999999876366879
1.27118399686903e-07,0.951723285441978,0.0106844722024808,0.0375922423555412,0.0375922423555412,0.914131043086437,0.999999872896112
1.30687022974335e-07,0.951704206190085,0.0106894486832659,0.0376063451266487,0.0376063451266486,0.914097861063437,0.99999986932791
1.34355829022083e-07,0.951684554638754,0.0106945750608339,0.0376208703004126,0.0376208703004126,0.914063684338341,0.999999865659538
1.38127630283201e-07,0.951664312488305,0.0106998561650179,0.0376358313466773,0.0376358313466773,0.914028481141628,0.999999861888184
1.42005318165368e-07,0.95164346078472,0.0107052970005018,0.0376512422147779,0.0376512422147779,0.913992218569942,0.999999858010956
1.45991865247398e-07,0.951621979891984,0.0107109027543323,0.0376671173536838,0.0376671173536838,0.9139548625383,0.999999854024883
1.50090327557974e-07,0.951599849462998,0.0107166788038259,0.0376834717331763,0.0376834717331763,0.913916377729821,0.99999984992691
1.54303846918356e-07,0.951577048408975,0.0107226307248973,0.0377003208661276,0.0377003208661275,0.913876727542848,0.999999845713894
1.58635653350859e-07,0.951553554867217,0.0107287643008348,0.0377176808319486,0.0377176808319486,0.913835874035268,0.999999841382606
1.63089067554933e-07,0.951529346167164,0.0107350855315533,0.0377355683012828,0.0377355683012827,0.913793777865881,0.999999836929727
1.6766750345277e-07,0.951504398794619,0.0107416006433559,0.0377540005620249,0.0377540005620248,0.913750398232594,0.999999832351842
1.72374470806362e-07,0.951478688354009,0.010748316099238,0.0377729955467531,0.0377729955467532,0.913705692807256,0.999999827645443
1.77213577908036e-07,0.951452189528562,0.010755238609771,0.0377925718616669,0.0377925718616668,0.913659617666895,0.999999822806921
1.82188534346517e-07,0.951424876038262,0.010762375144605,0.0378127488171326,0.0378127488171326,0.91361212722113,0.999999817832568
1.87303153850643e-07,0.95139672059542,0.010769732944634,0.0378335464599461,0.0378335464599461,0.913563174135474,0.999999812718571
1.9256135721292e-07,0.951367694857702,0.0107773195348685,0.0378549856074292,0.0378549856074293,0.913512709250273,0.999999807461009
1.97967175295133e-07,0.951337769378443,0.0107851427380677,0.0378770878834892,0.0378770878834893,0.913460681494954,0.999999802055852
2.03524752118358e-07,0.951306913554038,0.0107932106891841,0.0378998757567781,0.0378998757567781,0.91340703779726,0.999999796498957
2.09238348039698e-07,0.951275095568217,0.0108015318506811,0.0379233725811022,0.0379233725811022,0.913351722987114,0.999999790786064
2.15112343018217e-07,0.95124228233297,0.0108101150287859,0.0379476026382438,0.0379476026382438,0.913294679694727,0.999999784912795
2.21151239972549e-07,0.951208439425879,0.0108189693907489,0.0379725911833717,0.0379725911833717,0.913235848242508,0.999999778874646
2.27359668232772e-07,0.951173531023582,0.0108281044831857,0.0379983644932321,0.0379983644932321,0.91317516653035,0.999999772666989
2.33742387089181e-07,0.95113751983109,0.0108375302515826,0.0380249499173274,0.0380249499173274,0.913112569913763,0.999999766285067
2.40304289440697e-07,0.951100367006632,0.0108472570610577,0.0380523759323106,0.0380523759323106,0.913047991074321,0.999999759723985
2.47050405545683e-07,0.951062032081682,0.0108572957184743,0.0380806721998434,0.0380806721998435,0.912981359881839,0.999999752978717
2.53985906878073e-07,0.951022472875798,0.010867657496016,0.0381098696281858,0.0381098696281857,0.912912603247612,0.99999974604409
2.61116110091746e-07,0.950981645405847,0.0108783541563387,0.0381400004378143,0.0381400004378142,0.912841644968033,0.99999973891479
2.68446481096197e-07,0.950939503789179,0.0108893979794307,0.0381710982313903,0.0381710982313903,0.912768405557789,0.999999731585351
2.75982639246618e-07,0.950896000140247,0.0109008017913204,0.0382031980684328,0.0382031980684328,0.912692802071814,0.999999724050155
2.83730361651621e-07,0.950851084460131,0.0109125789947876,0.0382363365450816,0.0382363365450817,0.912614747915049,0.999999716303426
2.91695587601879e-07,0.950804704518373,0.0109247436022485,0.0382705518793784,0.0382705518793784,0.912534152638995,0.999999708339226
2.99884423123102e-07,0.950756805726466,0.0109373102710023,0.0383058840025313,0.0383058840025312,0.912450921723935,0.99999970015145
3.08303145656828e-07,0.950707331002274,0.0109502943410464,0.0383423746566798,0.0383423746566798,0.912364956345594,0.999999691733823
3.16958208872612e-07,0.950656220624586,0.0109637118756878,0.038380067499726,0.038380067499726,0.91227615312486,0.99999968307989
3.25856247615323e-07,0.950603412076937,0.0109775797052039,0.0384190082178591,0.038419008217859,0.912184403859078,0.99999967418302
3.35004082991314e-07,0.950548839879701,0.0109919154738322,0.0384592446464664,0.0384592446464664,0.912089595233235,0.999999665036393
3.44408727597382e-07,0.950492435409406,0.0110067376903975,0.0385008269001962,0.0385008269001963,0.91199160850921,0.999999655632997
3.54077390896527e-07,0.950434126704054,0.0110220657829218,0.0385438075130239,0.0385438075130239,0.91189031919103,0.999999645965624
3.64017484744614e-07,0.950373838253136,0.011037920157599,0.0385882415892652,0.0385882415892652,0.911785596663871,0.999999636026866
3.74236629072198e-07,0.950311490770854,0.0110543222625601,0.0386341869665858,0.0386341869665857,0.911677303804268,0.999999625809102
3.84742657725851e-07,0.950247000950915,0.0110712946569051,0.0386817043921803,0.0386817043921803,0.911565296558734,0.999999615304502
3.9554362447347e-07,0.950180281201044,0.0110888610855326,0.0387308577134237,0.0387308577134238,0.91144942348762,0.999999604505013
4.06647809178186e-07,0.950111239355177,0.0111070465603628,0.03878171408446,0.03878171408446,0.911329525270717,0.999999593402357
4.18063724145576e-07,0.950039778361017,0.0111258774486218,0.0388343441903613,0.0388343441903614,0.911205434170656,0.999999581988026
4.2980012064908e-07,0.949965795940363,0.0111453815689379,0.038888822490699,0.0388888224906989,0.911076973449664,0.999999570253269
4.41865995638594e-07,0.949889184219313,0.0111655882960962,0.0389452274845908,0.0389452274845908,0.910943956734722,0.999999558189092
4.54270598637404e-07,0.949809829325038,0.0111865286754064,0.0390036419995553,0.0390036419995554,0.910806187325483,0.999999545786248
4.67023438832733e-07,0.94972761094543,0.0112082355477639,0.0390641535068066,0.0390641535068066,0.910663457438623,0.999999533035231
4.80134292365345e-07,0.949642401847403,0.0112307436866297,0.0391268544659669,0.039126854465967,0.910515547381436,0.999999519926267
4.93613209823792e-07,0.949554067349097,0.0112540899483218,0.0391918427025814,0.0391918427025815,0.910362224646515,0.999999506449308
5.07470523949047e-07,0.949462464740518,0.0112783134372026,0.0392592218222796,0.0392592218222796,0.910203242918238,0.999999492594027
5.21716857555435e-07,0.949367442646451,0.0113034556875769,0.0393291016659718,0.0393291016659718,0.91003834098048,0.999999478349801
5.36363131673925e-07,0.949268840324531,0.0113295608643731,0.039401598811096,0.0394015988110961,0.909867241513435,0.999999463705715
5.5142057392403e-07,0.949166486890342,0.0113566759849919,0.0394768371246661,0.0394768371246662,0.909689649765676,0.999999448650545
5.66900727120743e-07,0.949060200460201,0.0113848511650656,0.0395549483747335,0.0395549483747335,0.909505252085467,0.999999433172752
5.82815458123084e-07,0.948949787200814,0.0114141398912984,0.039636072907888,0.0396360729078881,0.909313714292926,0.999999417260473
5.99176966931061e-07,0.948835040273322,0.01144459932506,0.0397203604016182,0.0397203604016182,0.909114679871704,0.999999400901513
6.15997796038017e-07,0.948715738657231,0.0114762906410014,0.0398079707017681,0.0398079707017681,0.908907767955462,0.999999384083334
6.33290840045511e-07,0.948591645837318,0.0115092794056724,0.0398990747570093,0.0398990747570093,0.908692571080309,0.999999366793048
6.51069355548147e-07,0.94846250833377,0.0115436360019701,0.03999385566426,0.0399938556642599,0.90846865266951,0.999999349017403
6.69346971295867e-07,0.948328054052346,0.0115794361062664,0.0400925098413876,0.0400925098413877,0.908235544210958,0.999999330742777
6.88137698641567e-07,0.948187990427273,0.011616761226292,0.0401952483464351,0.0401952483464351,0.907992742080838,0.999999311955165
7.07455942281988e-07,0.948042002324533,0.011655699309347,0.0403022983661198,0.0403022983661199,0.907739703958413,0.999999292640169
7.27316511300145e-07,0.947889749667167,0.0116963454322171,0.040413904900616,0.040413904900616,0.907475844766551,0.999999272782989
7.47734630517758e-07,0.947730864736754,0.0117388025863985,0.0405303326768472,0.0405303326768472,0.907200532059907,0.999999252368407
7.68725952166374e-07,0.947564949096125,0.0117831825749637,0.0406518683289117,0.0406518683289117,0.906913080767213,0.99999923138078
7.90306567886135e-07,0.947391570067045,0.0118296070407792,0.040778822892176,0.040778822892176,0.906612747174869,0.999999209804027
8.12493021061405e-07,0.947210256682604,0.0118782086499953,0.0409115346674003,0.0409115346674004,0.906298722015204,0.999999187621615
8.35302319502679e-07,0.947020495016447,0.0119291324599981,0.0410503725235544,0.0410503725235545,0.905970122492893,0.999999164816548
8.58751948484518e-07,0.946821722768861,0.0119825375076671,0.0411957397234724,0.0411957397234723,0.905625983045388,0.999999141371352
8.82859884149515e-07,0.946613322961629,0.0120385986622313,0.04134807837614,0.0413480783761401,0.905265244585489,0.999999117268067
9.07644607288536e-07,0.946394616557634,0.0120975087978393,0.0415078746445263,0.0415078746445263,0.904886741913108,0.999999092488226
9.33125117507824e-07,0.946164853774817,0.012159481354937,0.0416756648702461,0.0416756648702462,0.904489188904571,0.999999067012848
9.59320947793823e-07,0.94592320380381,0.0122247533777461,0.041852042818444,0.0418520428184439,0.904071160985366,0.999999040822418
9.86252179486878e-07,0.945668742559364,0.0122935891390786,0.0420376683015578,0.0420376683015579,0.903631074257806,0.999999013896875
1.01393945767529e-06,0.945400437990557,0.0123662844955241,0.0422332775139187,0.0422332775139187,0.903167160476639,0.999998986215599
1.04240400702156e-06,0.945117132333812,0.0124431721587668,0.0424396955074216,0.0424396955074217,0.90267743682639,0.999998957757391
1.07166764803286e-06,0.944817520501301,0.0125246281268508,0.0426578513718485,0.0426578513718485,0.902159669129452,0.99999892850046
1.10175281378839e-06,0.944500123534126,0.0126110795991677,0.0428887968667066,0.0428887968667067,0.901611326667419,0.999998898422408
1.13268256713615e-06,0.944163255682492,0.0127030148105874,0.0431337295069203,0.0431337295069203,0.901029526175572,0.99999886750021
1.16448061837269e-06,0.943804983155158,0.0128009953784906,0.0433940214663517,0.0433940214663516,0.900410961688806,0.9999988357102
1.19717134341897e-06,0.943423071831417,0.0129056719848297,0.0436712561837532,0.0436712561837532,0.899751815647664,0.999998803028053
1.23077980250667e-06,0.943014920129617,0.0130178045509583,0.0439672753194245,0.0439672753194246,0.899047644810193,0.999998769428769
1.26533175938894e-06,0.942577471579029,0.0131382885665067,0.044284239854464,0.0442842398544639,0.898293231724565,0.999998734886655
1.30085370109057e-06,0.942107099115911,0.0132681900068208,0.0446247108772686,0.0446247108772687,0.897482388238642,0.999998699375308
1.3373728582125e-06,0.941599449148527,0.0134087924922303,0.0449917583592422,0.0449917583592423,0.896607690789285,0.999998662867596
1.37491722580642e-06,0.941049226989598,0.0135616623210554,0.0453891106893465,0.0453891106893466,0.895660116300252,0.999998625335647
1.4135155848354e-06,0.940449894443849,0.013728740331099,0.0458213652250524,0.0458213652250524,0.894628529218796,0.999998586750832
1.4531975242369e-06,0.939793231485314,0.013912475347223,0.0462942931674631,0.0462942931674631,0.893498938317851,0.999998547083752
1.49399346360526e-06,0.93906867954118,0.0141160245811896,0.0468152958776308,0.0468152958776308,0.892253383663549,0.999998506304233
1.5359346765109e-06,0.938262317554966,0.0143435668284945,0.0473941156165399,0.0473941156165399,0.890868201938426,0.999998464381323
1.57905331447418e-06,0.937355185417101,0.0146008165284764,0.0480439980544222,0.0480439980544223,0.889311187362679,0.999998421283314
1.62338243161228e-06,0.936320364272323,0.0148959212016587,0.0487837145260183,0.0487837145260183,0.887536649746305,0.999998376977778
1.66895600997803e-06,0.935117466976083,0.0152411592558973,0.04964137376802,0.0496413737680199,0.885476093208063,0.999998331431677
1.71580898561001e-06,0.933681038064327,0.0156565240460451,0.0506624378896275,0.0506624378896275,0.8830186001747,0.999998284611605
1.76397727531405e-06,0.931891887162737,0.0161786054143815,0.0519295074228814,0.0519295074228814,0.879962379739856,0.999998236484441
1.8134978041965e-06,0.929484819408972,0.0168892614972705,0.053625919093758,0.0536259190937579,0.875858900315214,0.999998187019491
1.86440853397049e-06,0.925516301853345,0.0180816170644519,0.0564020810822034,0.0564020810822033,0.869114220771141,0.999998136201025
