1e-07,0.120297901399751,0.794524817714104,0.0851772808861445,0.0851772808861445,0.0351206205136065,0.999999963126968
1.03282605511167e-07,0.115714419097879,0.801926760772376,0.0823588201297449,0.0823588201297448,0.0333555989681342,0.999999963137047
1.06672966011754e-07,0.111331723967193,0.80903607773803,0.0796321982947775,0.0796321982947775,0.0316995256724154,0.999999963148691
1.10174618672982e-07,0.107139556965813,0.815865265781003,0.0769951772531846,0.0769951772531846,0.0301443797126281,0.999999963161588
1.13791216777448e-07,0.10312819182107,0.82242640762982,0.0744454005491097,0.0744454005491097,0.0286827912719606,0.999999963175478
1.17526533530609e-07,0.0992884278715824,0.828731136258978,0.0719804358694394,0.0719804358694394,0.027307992002143,0.999999963190137
1.21384465997369e-07,0.0956115756238304,0.834790615628537,0.0695978087476322,0.0695978087476322,0.0260137668761982,0.999999963205379
1.25369039167899e-07,0.0920894375322998,0.840615533295064,0.0672950291726363,0.0672950291726363,0.0247944083596635,0.999999963221046
1.29484410156922e-07,0.0887142858424281,0.846216101689909,0.0650696124676632,0.0650696124676632,0.0236446733747649,0.999999963237005
1.33734872540836e-07,0.0854788388308564,0.851602065620555,0.0629190955485886,0.0629190955485885,0.0225597432822678,0.999999963253145
1.38124860837214e-07,0.0823762363992585,0.856782714138748,0.0608410494619933,0.0608410494619933,0.0215351869372651,0.99999996326937
1.42658955131348e-07,0.0794000156961045,0.861766895372433,0.0588330889314624,0.0588330889314625,0.0205669267646421,0.999999963285603
1.47341885854664e-07,0.0765440872316747,0.866563033266967,0.0568928795013578,0.0568928795013578,0.0196512077303169,0.999999963301776
1.52178538719987e-07,0.0738027117975285,0.871179145448213,0.0550181427542581,0.0550181427542582,0.0187845690432704,0.999999963317835
1.57173959818823e-07,0.0711704783887571,0.875622861624433,0.0532066599868096,0.0532066599868096,0.0179638184019476,0.999999963333735
1.62333360885955e-07,0.0686422832453318,0.879901442099845,0.051456274654823,0.051456274654823,0.0171860085905088,0.999999963349437
1.67662124736861e-07,0.0662133100698679,0.884021796091374,0.0497648938387579,0.0497648938387579,0.01644841623111,0.99999996336491
1.73165810883613e-07,0.0638790114372622,0.887990499630214,0.0481304889325242,0.0481304889325242,0.015748522504738,0.999999963380129
1.78850161335136e-07,0.0616350913824776,0.891813812897936,0.0465510957195859,0.0465510957195859,0.0150839956628917,0.999999963395073
1.84721106587855e-07,0.0594774891329349,0.89549769689819,0.0450248139688748,0.0450248139688748,0.0144526751640601,0.999999963409728
1.90784771812997e-07,0.0574023639390259,0.899047829403405,0.0435498066575694,0.0435498066575695,0.0138525572814564,0.999999963424079
1.97047483246998e-07,0.055406080948323,0.902469620144488,0.0421242989071895,0.0421242989071895,0.0132817820411335,0.999999963438118
2.03515774791681e-07,0.0534851980647482,0.905768225232479,0.0407465767027727,0.0407465767027727,0.0127386213619755,0.999999963451839
2.10196394831087e-07,0.0516364537322292,0.908948560816401,0.0394149854513696,0.0394149854513696,0.0122214682808596,0.999999963465236
2.17096313272088e-07,0.0498567555824635,0.912015315992415,0.0381279284251216,0.0381279284251216,0.0117288271573419,0.999999963478308
2.24222728816098e-07,0.0481431698877474,0.914972964986979,0.0368838651252738,0.0368838651252738,0.0112593047624736,0.999999963491052
2.31583076469505e-07,0.0464929117619985,0.917825778641762,0.03568130959624,0.03568130959624,0.0108116021657585,0.999999963503471
2.39185035300624e-07,0.0449033360558028,0.920577835231244,0.0345188287129535,0.0345188287129535,0.0103845073428493,0.999999963515564
2.47036536451289e-07,0.0433719288943159,0.923233030645728,0.033395040459956,0.0333950404599561,0.00997688843435986,0.999999963527335
2.55145771411436e-07,0.0418962998099987,0.925795087973214,0.0323086122167876,0.0323086122167876,0.00958768759321111,0.999999963538788
2.63521200565298e-07,0.0404741744253457,0.928267566513572,0.0312582590610823,0.0312582590610823,0.00921591536426344,0.999999963549925
2.72171562018149e-07,0.039103387643896,0.9306538702579,0.0302427420982039,0.030242742098204,0.0088606455456921,0.999999963560753
2.81105880712787e-07,0.0377818773108488,0.932957255864979,0.0292608668241721,0.0292608668241721,0.00852101048667668,0.999999963571276
2.9033347784528e-07,0.0365076783074997,0.935180840165563,0.0283114815269369,0.0283114815269369,0.00819619678056288,0.999999963581499
2.99863980589793e-07,0.0352789170464561,0.937327607223852,0.0273934757296915,0.0273934757296915,0.00788544131676463,0.999999963591428
3.09707332142639e-07,0.0340938063371602,0.939400414984034,0.0265057786788062,0.0265057786788062,0.00758802765835402,0.99999996360107
3.19873802096042e-07,0.0329506405936552,0.94140200152827,0.025647357878075,0.0256473578780749,0.00730328271558022,0.99999996361043
3.30373997152427e-07,0.0318477913587568,0.943334990970993,0.02481721767025,0.02481721767025,0.00703057368850687,0.999999963619514
3.41218872190416e-07,0.0307837031208681,0.945201899012861,0.0240143978662707,0.0240143978662707,0.00676930525459736,0.99999996362833
3.52419741694082e-07,0.0297568894015776,0.947005138176286,0.0232379724221369,0.0232379724221369,0.00651891697944073,0.999999963636884
3.63988291557374e-07,0.0287659290939473,0.948747022743034,0.022487048163019,0.022487048163019,0.00627888093092828,0.999999963645182
3.7593659127604e-07,0.0278094630330105,0.950429773413068,0.0217607635539215,0.0217607635539216,0.006048699479089,0.99999996365323
3.88277106539761e-07,0.0268861907814902,0.952055521702513,0.0210582875159973,0.0210582875159973,0.00582790326549287,0.999999963661035
4.01022712237636e-07,0.0259948676151106,0.953626314097437,0.0203788182874519,0.0203788182874519,0.00561604932765879,0.999999963668604
4.14186705890581e-07,0.0251343016931285,0.955144115979017,0.0197215823278545,0.0197215823278546,0.00541271936527397,0.999999963675943
4.27782821524667e-07,0.0243033514008531,0.956610815334557,0.0190858332645894,0.0190858332645894,0.00521751813626375,0.999999963683057
4.41825243999864e-07,0.0235009228519793,0.9580282262679,0.0184708508801212,0.0184708508801212,0.00503007197185802,0.999999963689954
4.56328623809131e-07,0.0227259675395159,0.959398092321766,0.0178759401387185,0.0178759401387185,0.00485002740079742,0.999999963696639
4.71308092363324e-07,0.0219774801249752,0.960722089623769,0.0173004302512561,0.0173004302512561,0.00467704987371917,0.999999963703118
4.86779277777819e-07,0.0212544963562954,0.962001829866981,0.0167436737767233,0.0167436737767233,0.0045108225795721,0.999999963709398
5.02758321177375e-07,0.0205560911057066,0.963238863135226,0.0162050457590672,0.0162050457590672,0.00435104534663941,0.999999963715483
5.19261893536195e-07,0.0198813765194301,0.964434680582547,0.0156839428980234,0.0156839428980234,0.00419743362140668,0.99999996372138
5.36307213070806e-07,0.0192295002717178,0.965590716975672,0.0151797827526104,0.0151797827526104,0.00404971751910746,0.999999963727094
5.53912063203856e-07,0.0185996439163122,0.966708353107693,0.014692002975995,0.014692002975995,0.00390764094031721,0.99999996373263
5.72094811117606e-07,0.0179910213289233,0.967788918090607,0.0142200605804701,0.01422006058047,0.0037709607484532,0.999999963737993
5.90874426916454e-07,0.0174028772348044,0.96883369153387,0.0137634312313252,0.0137634312313253,0.00363944600347914,0.99999996374319
6.10270503418493e-07,0.0168344858159415,0.96984390561563,0.0133216085684284,0.0133216085684283,0.0035128772475131,0.999999963748224
6.30303276596736e-07,0.0162851493927788,0.970820747052843,0.0128941035543783,0.0128941035543784,0.00339104583840048,0.999999963753101
6.50993646691368e-07,0.015754197175772,0.971765358976099,0.0124804438481293,0.0124804438481293,0.00327375332764269,0.999999963757825
6.72363200015008e-07,0.0152409840824018,0.972678842714569,0.0120801732030296,0.0120801732030297,0.0031608108793722,0.999999963762401
6.94434231473761e-07,0.0147448896155949,0.973562259496147,0.0116928508882585,0.0116928508882585,0.00305203872733639,0.999999963766834
7.17229767827552e-07,0.0142653167997849,0.974416632067531,0.0113180511326839,0.0113180511326839,0.00294726566710097,0.999999963771127
7.40773591713991e-07,0.0138016911711168,0.975242946238676,0.0109553625902077,0.0109553625902076,0.00284632858090908,0.999999963775286
7.65090266460866e-07,0.0133534598185368,0.976042152355765,0.0106043878256983,0.0106043878256983,0.00274907199283852,0.999999963779313
7.90205161713115e-07,0.0129200904727412,0.976815166706605,0.0102647428206543,0.0102647428206543,0.00265534765208684,0.999999963783214
8.16144479901037e-07,0.0125010706401619,0.977562872862062,0.00993605649777581,0.00993605649777586,0.00256501414238611,0.999999963786992
8.42935283577358e-07,0.0120959067793605,0.978286122956984,0.00961797026365528,0.00961797026365527,0.0024779365157052,0.999999963790651
8.70605523651641e-07,0.0117041235173794,0.978985738913783,0.00931013756883804,0.00931013756883802,0.00239398594854133,0.999999963794195
8.99184068551557e-07,0.0113252629037636,0.979662513611706,0.00901222348453024,0.00901222348453025,0.00231303941923332,0.999999963797627
9.28700734341368e-07,0.0109588837001172,0.980317212004615,0.00872390429526794,0.00872390429526798,0.00223497940484923,0.999999963800951
9.59186315829108e-07,0.0106045607032002,0.980950572189911,0.00844486710688907,0.00844486710688901,0.00215969359631115,0.999999963804169
9.90672618694879e-07,0.0102618840997006,0.981563306431119,0.00817480946917993,0.00817480946917996,0.00208707463052067,0.999999963807286
1.02319249267378e-06,0.00993045885093704,0.982156102136467,0.00791343901259585,0.00791343901259587,0.00201701983834119,0.999999963810305
1.05677986582814e-06,0.00960990410586008,0.982729622795658,0.00766047309848166,0.00766047309848169,0.00194943100737841,0.999999963813228
1.09146977994472e-06,0.0092998526408223,0.983284508876934,0.00741563848224405,0.00741563848224406,0.00188421415857825,0.999999963816058
1.12729842709391e-06,0.00899995032468461,0.983821378686364,0.00717867098895125,0.00717867098895129,0.00182127933573336,0.999999963818799
1.164303187389e-06,0.00870985560791502,0.984340829191226,0.00694931520085935,0.0069493152008593,0.00176054040705567,0.999999963821454
1.20252266798493e-06,0.00842923903441935,0.984843436809194,0.00672732415638646,0.00672732415638648,0.00170191487803289,0.999999963824024
1.24199674335724e-06,0.00815778277492035,0.985329758165003,0.006512459060077,0.00651245906007697,0.00164532371484335,0.999999963826512
1.2827665969032e-06,0.00789518018077357,0.985800330816108,0.00630448900311865,0.00630448900311869,0.00159069117765492,0.999999963828922
1.32487476390855e-06,0.00764113535717536,0.986255673948831,0.00610319069399379,0.00610319069399379,0.00153794466318157,0.999999963831256
1.36836517592468e-06,0.00739536275478036,0.986696289046354,0.00590834819886524,0.00590834819886522,0.00148701455591512,0.999999963833516
1.41328320660248e-06,0.00715758677880421,0.987122660529882,0.00571975269131399,0.00571975269131395,0.00143783408749021,0.999999963835704
1.45967571903081e-06,0.00692754141474091,0.987535256374196,0.00553720221106267,0.00553720221106272,0.00139033920367825,0.999999963837822
1.50759111462889e-06,0.00670496986987544,0.98793452869879,0.00536050143133494,0.00536050143133494,0.00134446843854051,0.999999963839874
1.55707938364357e-06,0.00648962422981874,0.988320914335665,0.00518946143451574,0.00518946143451577,0.001300162795303,0.99999996384186
1.6081921573043e-06,0.00628126512933665,0.988694835374872,0.00502389949579162,0.00502389949579167,0.00125736563354503,0.999999963843784
1.66098276169013e-06,0.00607966143678552,0.98905669968875,0.00486363887446435,0.00486363887446438,0.00121602256232117,0.999999963845646
1.71550627336491e-06,0.00588458995150557,0.989406901435851,0.00470850861264391,0.0047085086126439,0.00117608133886166,0.999999963847449
1.77181957683881e-06,0.00569583511355937,0.989745821545401,0.00455834334103942,0.00455834334103938,0.00113749177251995,0.999999963849195
1.82998142391606e-06,0.00551318872523635,0.990073828183185,0.00441298309157839,0.00441298309157842,0.00110020563365796,0.999999963850886
1.89005249499087e-06,0.00533644968377602,0.990391277199628,0.00427227311659613,0.00427227311659615,0.00106417656717989,0.999999963852523
1.95209546235539e-06,0.00516542372479222,0.99069851256086,0.00413606371434775,0.00413606371434772,0.00102936001044447,0.999999963854108
2.01617505558591e-06,0.00499992317590832,0.990995866763486,0.00400421006060559,0.00400421006060562,0.000995713115302731,0.999999963855642
2.08235812907536e-06,0.00483976672013965,0.991283661233746,0.00387657204611469,0.00387657204611468,0.00096319467402496,0.999999963857129
2.15071373178262e-06,0.0046847791685837,0.991562206711728,0.00375301411968825,0.00375301411968828,0.000931765048895458,0.999999963858567
2.22131317927155e-06,0.00453479124200186,0.991831803621264,0.00363340513673403,0.00363340513673403,0.000901386105267834,0.99999996385996
2.2942301281146e-06,0.00438963936089767,0.992092742426091,0.003517618213011,0.00351761821301098,0.000872021147886663,0.999999963861309
2.36954065273895e-06,0.00424916544371742,0.992345303972859,0.00340553058342392,0.00340553058342388,0.000843634860293507,0.999999963862615
2.44732332479511e-06,0.00411321671281764,0.992589759821511,0.00329702346567098,0.00329702346567093,0.000816193247146662,0.999999963863879
2.52765929513092e-06,0.00398164550786206,0.99282637256357,0.00319198192856748,0.00319198192856752,0.000789663579294572,0.999999963865104
2.61063237845642e-06,0.00385430910632781,0.993055396128797,0.00309029476487514,0.00309029476487518,0.000764014341452667,0.999999963866289
2.69632914078795e-06,0.00373106955081632,0.99327707608071,0.00299185436847368,0.00299185436847365,0.000739215182342635,0.999999963867437
2.78483898976267e-06,0.00361179348287947,0.993491649901403,0.00289655661571781,0.00289655661571782,0.000715236867161662,0.999999963868548
2.87625426791775e-06,0.00349635198308596,0.993699347266085,0.00280430075082877,0.00280430075082882,0.000692051232257199,0.999999963869624
2.9706703490316e-06,0.00338462041706578,0.993900390307759,0.00271498927517552,0.00271498927517555,0.000669631141890259,0.999999963870665
3.06818573762752e-06,0.00327647828728382,0.99409499387241,0.00262852784030654,0.00262852784030655,0.000647950446977282,0.999999963871674
3.16890217174373e-06,0.00317180909030533,0.994283365765096,0.00254482514459827,0.00254482514459832,0.000626983945707063,0.99999996387265
3.27292472907689e-06,0.00307050017932698,0.994465706987281,0.00246379283339161,0.00246379283339159,0.000606707345935364,0.999999963873595
3.38036193660993e-06,0.00297244263175845,0.994642211965749,0.00238534540249291,0.0023853454024929,0.000587097229265539,0.999999963874511
3.49132588383849e-06,0.00287753112164918,0.99481306877343,0.00230940010492036,0.00230940010492037,0.000568131016728818,0.999999963875397
3.60593233971418e-06,0.00278566379676433,0.994978459342454,0.00223587686078146,0.00223587686078146,0.000549786935982875,0.999999963876255
3.7243008734266e-06,0.00269674216012358,0.995138559669705,0.00216469817017155,0.00216469817017154,0.000532043989952029,0.999999963877086
3.84655497915016e-06,0.0026106709558242,0.995293540015188,0.00209578902898746,0.00209578902898747,0.000514881926836738,0.99999996387789
3.97282220488582e-06,0.00252735805897856,0.995443565093467,0.00202907684755437,0.00202907684755435,0.000498281211424189,0.999999963878669
4.10323428553227e-06,0.00244671436960343,0.995588794258429,0.00196449137196781,0.00196449137196785,0.00048222299763562,0.999999963879422
4.23792728032526e-06,0.0023686537103061,0.995729381681637,0.00190196460805649,0.00190196460805652,0.000466689102249614,0.999999963880152
4.37704171478848e-06,0.00229309272761881,0.995865476524506,0.00184143074787483,0.00184143074787478,0.000451661979743977,0.999999963880859
4.52072272734421e-06,0.00221995079683996,0.995997223104522,0.00178282609863796,0.00178282609863794,0.000437124698202004,0.999999963881543
4.66912022073661e-06,0.00214914993024643,0.996124761055739,0.00172608901401454,0.00172608901401457,0.000423060916231888,0.999999963882205
4.82238901842554e-06,0.00208061468854745,0.996248225483756,0.00167115982769659,0.00167115982769664,0.000409454860850856,0.999999963882847
4.9806890261143e-06,0.0020142720954559,0.996367747115376,0.0016179807891677,0.00161798078916765,0.000396291306288199,0.999999963883467
5.14418539857963e-06,0.00195005155525849,0.996483452443147,0.00156649600159461,0.00156649600159466,0.000383555553663882,0.999999963884068
5.31304871197807e-06,0.00188788477327101,0.99659546386496,0.00151665136176931,0.00151665136176931,0.000371233411501705,0.99999996388465
5.48745514180847e-06,0.0018277056790699,0.996703899818898,0.00146839450203172,0.00146839450203171,0.000359311177038174,0.999999963885214
5.6675866467163e-06,0.00176945035239584,0.996808874913499,0.00142167473410555,0.00142167473410559,0.000347775618290297,0.999999963885759
5.85363115833159e-06,0.00171305695162963,0.996910500053588,0.00137644299478216,0.0013764429947822,0.000336613956847466,0.999999963886287
6.04578277733839e-06,0.00165846564474432,0.997008882561866,0.00133265179338994,0.00133265179338997,0.000325813851354378,0.999999963886798
6.2442419759805e-06,0.00160561854264216,0.997104126296369,0.00129025516098849,0.00129025516098849,0.00031536338165367,0.999999963887292
6.44921580721465e-06,0.00155445963478805,0.997196331763982,0.00124920860122947,0.00124920860122947,0.000305251033558582,0.999999963887771
6.66091812072936e-06,0.00150493472705532,0.997285596230117,0.00120946904282789,0.00120946904282787,0.000295465684227426,0.999999963888235
6.87956978605476e-06,0.00145699138170263,0.997372013824708,0.00117099479358949,0.00117099479358951,0.000285996588113138,0.999999963888684
7.10539892299639e-06,0.00141057885940445,0.997455675644654,0.00113374549594196,0.0011337454959419,0.000276833363462488,0.999999963889118
7.33864113963309e-06,0.00136564806326035,0.99753666985282,0.00109768208391951,0.00109768208391946,0.000267965979340833,0.999999963889539
7.57953977812749e-06,0.00132215148471161,0.997615081773736,0.00106276674155215,0.00106276674155213,0.000259384743159469,0.999999963889946
7.82834616860541e-06,0.00128004315129629,0.997690993986091,0.00102896286261247,0.00102896286261242,0.000251080288683821,0.99999996389034
8.0853198913693e-06,0.0012392785761766,0.997764486412149,0.000996235011674882,0.000996235011674855,0.000243043564501719,0.999999963890722
8.35072904771889e-06,0.00119981470937532,0.997835636404181,0.00096454888644323,0.000964548886443192,0.000235265822932086,0.999999963891091
8.62485053966196e-06,0.00116160989066,0.997904518828035,0.000933871281304726,0.000933871281304678,0.000227738609355271,0.999999963891448
8.90797035880684e-06,0.00112462380401652,0.997971206143914,0.000904170052069334,0.000904170052069373,0.000220453751947191,0.999999963891794
9.20038388473819e-06,0.00108881743365553,0.998035768484489,0.00087541408185523,0.000875414081855198,0.0002134033518003,0.999999963892129
9.50239619318715e-06,0.00105415302149755,0.99809827373042,0.00084757324808234,0.000847573248082305,0.000206579773415206,0.999999963892453
9.81432237431766e-06,0.00102059402608472,0.998158787583378,0.000820618390537213,0.000820618390537216,0.00019997563554751,0.999999963892767
1.01364878614607e-05,0.000988105082869014,0.998217373636657,0.0007945212804738,0.000794521280473796,0.000193583802395214,0.99999996389307
1.04692287706399e-05,0.000956651965828553,0.998274093443456,0.000769254590715895,0.000769254590715923,0.000187397375112658,0.999999963893364
1.08128922512416e-05,0.000926201550365857,0.998329006582906,0.000744791866728181,0.000744791866728234,0.000181409683637676,0.999999963893648
1.11678368481974e-05,0.000896721777443115,0.998382170723933,0.000721107498623914,0.000721107498623903,0.000175614278819201,0.999999963893924
1.15344328760545e-05,0.000868181618911637,0.99843364168701,0.000698176694078432,0.000698176694078486,0.000170004924833206,0.99999996389419
1.19130628053258e-05,0.000840551043994019,0.998483473503887,0.000675975452118671,0.00067597545211865,0.000164575591875348,0.999999963894448
1.23041216615222e-05,0.000813800986879171,0.998531718475361,0.000654480537759888,0.0006544805377599,0.000159320449119282,0.999999963894697
1.27080174372841e-05,0.000787903315391834,0.998578427227146,0.000633669457461792,0.000633669457461762,0.000154233857930042,0.999999963894938
1.31251715180404e-05,0.000762830800699597,0.998623648763923,0.00061352043537719,0.000613520435377226,0.000149310365322407,0.999999963895171
1.35560191216418e-05,0.000738557088021793,0.998667430521611,0.000594012390367195,0.000594012390367208,0.000144544697654598,0.999999963895397
1.40010097524237e-05,0.000715056668305964,0.998709818417936,0.000575124913757887,0.000575124913757879,0.000139931754548078,0.999999963895616
1.44606076701759e-05,0.000692304850838833,0.998750856901347,0.00055683824781419,0.00055683824781415,0.000135466603024643,0.999999963895827
1.49352923745053e-05,0.00067027773675986,0.998790588998333,0.000539133264907498,0.000539133264907522,0.000131144471852362,0.999999963896032
1.54255591050998e-05,0.000648952193446742,0.998829056359199,0.00052199144735444,0.000521991447354427,0.000126960746092303,0.999999963896229
1.59319193584122e-05,0.000628305829743177,0.998866299302352,0.000505394867904851,0.000505394867904888,0.000122910961838326,0.999999963896421
1.64549014213061e-05,0.000608316972000362,0.998902356857142,0.000489326170857814,0.000489326170857844,0.000118990801142548,0.999999963896606
1.6995050922219e-05,0.000588964640904699,0.99893726680531,0.000473768553785287,0.000473768553785269,0.000115196087119412,0.999999963896785
1.75529314004175e-05,0.000570228529065149,0.998971065721091,0.000458705749843572,0.000458705749843562,0.000111522779221577,0.999999963896958
1.8129124893939e-05,0.000552088979334625,0.999003789010012,0.000444122010653473,0.00044412201065352,0.000107966968681152,0.999999963897125
1.87242325468339e-05,0.000534526963840742,0.999035470946429,0.000430002089730695,0.00043000208973073,0.000104524874110047,0.999999963897287
1.933887523634e-05,0.000517524063702058,0.999066144709849,0.000416331226448574,0.000416331226448607,0.000101192837253484,0.999999963897443
1.99736942206459e-05,0.000501062449406856,0.999095842420077,0.000403095130515901,0.000403095130515937,9.79673188909552e-05,0.999999963897594
2.06293518079165e-05,0.000485124861832261,0.999124595171215,0.000390279966953098,0.000390279966953081,9.48448948791628e-05,0.99999996389774
2.13065320472813e-05,0.00046969459388229,0.999152433064567,0.000377872341550618,0.000377872341550574,9.18222523316719e-05,0.999999963897882
2.20059414425039e-05,0.000454755472724171,0.999179385240482,0.000365859286793922,0.000365859286793942,8.88961859302491e-05,0.999999963898018
2.27283096890798e-05,0.000440291842603006,0.999205479909157,0.000354228248239955,0.000354228248239904,8.60635943630506e-05,0.99999996389815
2.34743904355287e-05,0.000426288548215509,0.999230744380454,0.00034296707133049,0.000342967071330485,8.33214768850196e-05,0.999999963898277
2.42449620696783e-05,0.000412730918624256,0.999255205092748,0.000332063988628216,0.000332063988628177,8.06669299960403e-05,0.999999963898401
2.50408285307579e-05,0.000399604751694492,0.999278887640844,0.000321507607461918,0.000321507607461903,7.80971442325735e-05,0.999999963898519
2.58628201481505e-05,0.000386896299036184,0.999301816802996,0.000311286897967517,0.000311286897967471,7.56094010686671e-05,0.999999963898634
2.67117945076771e-05,0.000374592251434595,0.999324016567053,0.000301391181512196,0.000301391181512241,7.32010699223994e-05,0.999999963898745
2.75886373463177e-05,0.000362679724753222,0.999345510155758,0.000291810119489257,0.000291810119489212,7.08696052639648e-05,0.999999963898852
2.8494263476304e-05,0.000351146246293488,0.999366320051235,0.000282533702471726,0.000282533702471688,6.86125438217621e-05,0.999999963898955
2.94296177395436e-05,0.000339979741596159,0.999386468018691,0.000273552239713171,0.000273552239713153,6.64275018829877e-05,0.999999963899055
3.03956759933773e-05,0.000329168521669882,0.999405975129346,0.000264856348984514,0.000264856348984526,6.43121726853677e-05,0.999999963899151
3.13934461286925e-05,0.00031870127063283,0.999424861782631,0.000256436946736032,0.000256436946736046,6.22643238967976e-05,0.999999963899243
3.24239691214583e-05,0.000308567033753848,0.999443147727672,0.000248285238574068,0.000248285238574087,6.02817951797797e-05,0.999999963899332
3.34883201187784e-05,0.000298755205879991,0.999460852084078,0.000240392710042325,0.000240392710042364,5.83624958376661e-05,0.999999963899418
3.45876095605948e-05,0.000289255520237771,0.999477993362064,0.00023275111769794,0.000232751117697897,5.65044025398313e-05,0.999999963899501
3.57229843382119e-05,0.000280058037595866,0.999494589481931,0.000225352480472859,0.000225352480472873,5.47055571230065e-05,0.999999963899581
3.68956289908515e-05,0.000271153135777457,0.999510657792911,0.000218189071311346,0.000218189071311393,5.29640644661108e-05,0.999999963899658
3.8106766941485e-05,0.000262531499510755,0.999526215091414,0.000211253409074738,0.000211253409074762,5.12780904360171e-05,0.999999963899732
3.93576617732339e-05,0.000254184110606657,0.999541277638688,0.000204538250704874,0.000204538250704847,4.96458599017828e-05,0.999999963899803
4.06496185476687e-05,0.000246102238452857,0.999555861177909,0.000198036583637884,0.000198036583637855,4.80656548149724e-05,0.999999963899871
4.19839851663829e-05,0.000238277430814079,0.999569980950726,0.000191741618460299,0.000191741618460342,4.65358123537806e-05,0.999999963899937
4.33621537772622e-05,0.000230701504928458,0.999583651713272,0.000185646781799703,0.00018564678179975,4.5054723128755e-05,0.9999999639
4.47855622269155e-05,0.000223366538890409,0.999596887751667,0.000179745709442412,0.000179745709442373,4.36208294479964e-05,0.99999996390006
4.62556955607834e-05,0.000216264863310676,0.999609702897018,0.000174032239670886,0.000174032239670875,4.223262363979e-05,0.999999963900118
4.77740875724904e-05,0.000209389053244529,0.999622110539942,0.000168500406813828,0.000168500406813816,4.08886464307008e-05,0.999999963900174
4.93423224040549e-05,0.000202731920379394,0.999634123644618,0.000163144435002162,0.000163144435002151,3.95874853772324e-05,0.999999963900227
5.09620361986283e-05,0.000196286505473504,0.999645754762402,0.000157958732124282,0.000157958732124246,3.83277733492226e-05,0.999999963900278
5.26349188074876e-05,0.000190046071037404,0.999657016044988,0.000152937883974193,0.000152937883974241,3.71081870632105e-05,0.999999963900327
5.43627155530606e-05,0.000184004094250438,0.999667919257163,0.00014807664858636,0.000148076648586311,3.59274456640778e-05,0.999999963900373
5.61472290498255e-05,0.000178154260104611,0.999678475789144,0.000143369950751289,0.000143369950751239,3.47843093533228e-05,0.999999963900417
5.79903210849829e-05,0.000172490454768441,0.999688696668526,0.00013881287670605,0.000138812876706003,3.36775780623912e-05,0.99999996390046
5.98939145608622e-05,0.000167006759163691,0.999698592571842,0.000134400668994155,0.000134400668994182,3.26060901695365e-05,0.9999999639005
6.18599955010908e-05,0.000161697442748089,0.999708173835763,0.000130128721489346,0.000130128721489307,3.15687212587428e-05,0.999999963900538
6.38906151226174e-05,0.00015655695749737,0.999717450467925,0.000125992574578078,0.000125992574578034,3.05643829192924e-05,0.999999963900574
6.59878919757511e-05,0.000151579932080204,0.999726432157424,0.000121987910495593,0.000121987910495613,2.95920215846106e-05,0.999999963900608
6.81540141544502e-05,0.000146761166219767,0.99973512828497,0.000118110548810698,0.000118110548810657,2.8650617409069e-05,0.99999996390064
7.03912415791659e-05,0.000142095625235946,0.99974354793271,0.000114356442054471,0.000114356442054467,2.77391831814751e-05,0.999999963900671
7.27019083546226e-05,0.000137578434762328,0.999751699893749,0.000110721671488309,0.000110721671488326,2.68567632740196e-05,0.999999963900699
7.50884252049954e-05,0.000133204875632345,0.999759592681361,0.000107202443006848,0.000107202443006824,2.60024326254968e-05,0.999999963900726
7.75532819890234e-05,0.000128970378929124,0.999767234537899,0.000103795083171469,0.00010379508317148,2.51752957576544e-05,0.999999963900751
8.00990502976862e-05,0.000124870521193758,0.999774633443436,0.000100496035370189,0.000100496035370153,2.43744858235683e-05,0.999999963900774
8.27283861371507e-05,0.000120901019786896,0.999781797124113,9.73018560999195e-05,9.73018560999119e-05,2.35991636869769e-05,0.999999963900795
8.54440326997885e-05,0.000117057728398722,0.999788733060234,9.42092113671753e-05,9.42092113671977e-05,2.28485170315464e-05,0.999999963900815
8.82488232261553e-05,0.00011333663270253,0.999795448494094,9.12148732034558e-05,9.12148732035066e-05,2.21217594990741e-05,0.999999963900833
9.11456839609173e-05,0.000109733846147299,0.999801950437561,8.831571629163e-05,8.83157162916632e-05,2.14181298556691e-05,0.999999963900849
9.41376372058094e-05,0.000106245605884773,0.999808245679415,8.55087146997868e-05,8.550871469983e-05,2.07368911849861e-05,0.999999963900864
9.722780447281e-05,0.000102868268826736,0.999814340792454,8.27909387191186e-05,8.27909387191383e-05,2.00773301076172e-05,0.999999963900877
0.000100419409740822,9.95983078282934e-05,0.999820242140369,8.01595518025159e-05,8.01595518024647e-05,1.94387560257775e-05,0.999999963900889
0.000103715782819255,9.64323079931127e-05,0.999825955884406,7.7611807600662e-05,7.76118076006284e-05,1.88205003924507e-05,0.999999963900898
0.00010712036282203,9.33669630967014e-05,0.999831487989811,7.51450470925125e-05,7.51450470924909e-05,1.82219160041889e-05,0.999999963900906
0.000110636701755609,9.03990721239401e-05,0.999836844232069,7.2756695807152e-05,7.27566958071935e-05,1.7642376316788e-05,0.999999963900913
0.000114268468224812,8.75255359171969e-05,0.999842030202949,7.04442611341103e-05,7.0444261134097e-05,1.70812747830865e-05,0.999999963900918
0.000118019451260286,8.47433539314795e-05,0.999847051316349,6.82053297193183e-05,6.82053297193093e-05,1.65380242121611e-05,0.999999963900921
0.000121893564271606,8.20496210931872e-05,0.999851912813963,6.60375649439695e-05,6.60375649440174e-05,1.60120561492177e-05,0.999999963900923
0.000125894849130144,7.94415247591452e-05,0.999856619770757,6.39387044836467e-05,6.39387044836169e-05,1.55028202754986e-05,0.999999963900923
0.000130027480385966,7.69163417727017e-05,0.999861177100282,6.19065579451509e-05,6.19065579451925e-05,1.50097838275508e-05,0.999999963900922
0.000134295769623147,7.44714356137805e-05,0.999865589559808,5.99390045785579e-05,5.99390045785757e-05,1.45324310352226e-05,0.999999963900919
0.000138704169958061,7.21042536398768e-05,0.999869861755298,5.80339910621019e-05,5.80339910621059e-05,1.4070262577775e-05,0.999999963900915
0.000143257280685323,6.98123244150829e-05,0.999873998146227,5.61895293575657e-05,5.61895293575675e-05,1.36227950575172e-05,0.999999963900909
0.000147959852076248,6.75932551243252e-05,0.999878003050242,5.44036946339306e-05,5.44036946339044e-05,1.31895604903947e-05,0.999999963900901
0.000152816790334818,6.54447290700847e-05,0.999881880647673,5.2674623257109e-05,5.26746232571104e-05,1.27701058129757e-05,0.999999963900892
0.000157833162716338,6.33645032489583e-05,0.999885634985907,5.10005108436548e-05,5.10005108436073e-05,1.23639924053036e-05,0.999999963900881
0.000163014202814114,6.13504060055092e-05,0.999889269983618,4.93796103764122e-05,4.93796103764454e-05,1.1970795629097e-05,0.999999963900868
0.000168365316019676,5.940033476093e-05,0.999892789434859,4.78102303801301e-05,4.78102303801393e-05,1.15901043807999e-05,0.999999963900854
0.000173892085162232,5.75122538141278e-05,0.999896197013031,4.62907331551305e-05,4.6290733155087e-05,1.12215206589973e-05,0.999999963900838
0.000179600276333251,5.5684192212914e-05,0.99989949627472,4.48195330671824e-05,4.48195330672293e-05,1.08646591457316e-05,0.99999996390082
0.000185495844902237,5.39142416930565e-05,0.999902690663415,4.33950948917894e-05,4.3395094891749e-05,1.0519146801267e-05,0.999999963900801
0.000191584941729985,5.2200554683026e-05,0.999905783513106,4.20159322111596e-05,4.20159322112015e-05,1.01846224718663e-05,0.99999996390078
0.00019787391958578,5.05413423723359e-05,0.999908778051765,4.06806058621781e-05,4.06806058621852e-05,9.86073651015787e-06,0.999999963900758
0.000204369339775265,4.89348728414427e-05,0.999911677404725,3.93877224337573e-05,3.93877224338049e-05,9.54715040768531e-06,0.999999963900733
0.000211077978985864,4.73794692512407e-05,0.999914484597937,3.81359328119958e-05,3.81359328120113e-05,9.24353643924497e-06,0.999999963900707
0.000218006836356915,4.58735080902479e-05,0.999917202561138,3.69239307716181e-05,3.69239307716112e-05,8.94957731862974e-06,0.999999963900679
0.000225163140781888,4.44154174776377e-05,0.99991983413091,3.57504516122272e-05,3.57504516122389e-05,8.6649658654105e-06,0.999999963900649
0.000232554358450312,4.30036755203356e-05,0.999922382053642,3.46142708379375e-05,3.46142708379637e-05,8.3894046823981e-06,0.999999963900618
0.000240188200637262,4.16368087224529e-05,0.999924848988399,3.35142028790119e-05,3.35142028790402e-05,8.12260584344096e-06,0.999999963900584
0.000248072631748554,4.03133904453863e-05,0.9999272375097,3.24490998541619e-05,3.24490998541409e-05,7.86429059122444e-06,0.999999963900549
0.00025621587763003,3.90320394169677e-05,0.999929550110211,3.14178503722184e-05,3.14178503722471e-05,7.61418904474922e-06,0.999999963900511
0.000264626434149599,3.77914182880952e-05,0.99993178920334,3.0419378371919e-05,3.0419378371878e-05,7.37203991617618e-06,0.999999963900472
0.000273313076060999,3.65902322353345e-05,0.999933957125766,2.94526419985984e-05,2.94526419986169e-05,7.1375902367361e-06,0.99999996390043
0.000282284866158518,3.54272276080195e-05,0.999936056139875,2.85166325166078e-05,2.85166325166294e-05,6.91059509141166e-06,0.999999963900386
0.000291551164732229,3.43011906184348e-05,0.999938088436125,2.76103732563255e-05,2.7610373256371e-05,6.69081736210938e-06,0.99999996390034
0.000301121639333601,3.32109460737053e-05,0.999940056135332,2.67329185946575e-05,2.67329185946384e-05,6.4780274790478e-06,0.999999963900292
0.000311006274861684,3.21553561480614e-05,0.999941961290884,2.58833529679637e-05,2.58833529679648e-05,6.27200318009768e-06,0.999999963900242
0.000321215383980369,3.11333191941937e-05,0.999943805890889,2.50607899163755e-05,2.50607899164252e-05,6.07252927781812e-06,0.99999996390019
0.000331759617877626,3.01437685924491e-05,0.999945591860249,2.42643711585079e-05,2.42643711585452e-05,5.87939743394122e-06,0.999999963900135
0.000342649977377904,2.91856716366627e-05,0.999947321062668,2.34932656955971e-05,2.34932656956329e-05,5.6924059410656e-06,0.999999963900077
0.000353897824419325,2.82580284554562e-05,0.9999489953026,2.2746668944129e-05,2.27466689441475e-05,5.51135951132722e-06,0.999999963900018
0.000365514893907615,2.73598709678737e-05,0.999950616327136,2.20238018960504e-05,2.2023801896016e-05,5.33606907182323e-06,0.999999963899955
0.000377513305959163,2.64902618722587e-05,0.999952185827822,2.13239103056867e-05,2.13239103056593e-05,5.16635156657199e-06,0.999999963899891
0.000389905578545969,2.56482936673136e-05,0.99995370544243,2.06462639025144e-05,2.06462639025678e-05,5.00202976479929e-06,0.999999963899823
0.000402704640555667,2.48330877043161e-05,0.999955176756667,1.99901556289683e-05,1.9990155629009e-05,4.84293207534783e-06,0.999999963899753
0.000415923845280274,2.40437932694985e-05,0.999956601305828,1.93549009024851e-05,1.93549009025269e-05,4.68889236701339e-06,0.99999996389968
0.000429576984347703,2.32795866956301e-05,0.999957980576403,1.87398369010125e-05,1.87398369009764e-05,4.53974979461757e-06,0.999999963899604
0.000443678302110607,2.25396705018712e-05,0.999959316007627,1.81443218712381e-05,1.81443218712427e-05,4.39534863063312e-06,0.999999963899525
0.000458242510507543,2.18232725609984e-05,0.99996060899298,1.75677344588145e-05,1.7567734458775e-05,4.25553810218388e-06,0.999999963899443
0.000473284804411975,2.11296452931287e-05,0.999961860881647,1.70094730598816e-05,1.70094730599135e-05,4.12017223324702e-06,0.999999963899358
0.00048882087748512,2.04580648850988e-05,0.999963072979922,1.64689551932079e-05,1.64689551931935e-05,3.9891096918909e-06,0.99999996389927
0.000504866938549183,1.98078305346824e-05,0.999964246552573,1.59456168922952e-05,1.59456168923292e-05,3.86221364238717e-06,0.999999963899178
0.00052143972849806,1.91782637188533e-05,0.999965382824164,1.54389121168121e-05,1.54389121167851e-05,3.73935160204114e-06,0.999999963899083
0.000538556537763153,1.85687074853298e-05,0.999966482980332,1.49483121827406e-05,1.49483121826981e-05,3.62039530258914e-06,0.999999963898985
0.000556235224352518,1.79785257666585e-05,0.999967548169023,1.44733052106416e-05,1.44733052106729e-05,3.50522055601684e-06,0.999999963898883
0.000574494232482167,1.74071027161192e-05,0.999968579501692,1.40133955914622e-05,1.40133955915025e-05,3.393707124657e-06,0.999999963898777
0.000593352611818965,1.68538420647566e-05,0.999969578054466,1.3568103469327e-05,1.35681034692861e-05,3.2857385954296e-06,0.999999963898668
0.000612830037355189,1.63181664988661e-05,0.99997054486926,1.31369642407741e-05,1.31369642407313e-05,3.181202258092e-06,0.999999963898554
0.0006329468299355,1.57995170572819e-05,0.999971480954873,1.27195280699111e-05,1.2719528069958e-05,3.07998898737076e-06,0.999999963898436
0.000653723977457721,1.52973525478378e-05,0.999972387288033,1.23153594189868e-05,1.23153594189913e-05,2.98199312885098e-06,0.999999963898315
0.00067518315676957,1.48111489823893e-05,0.999973264814424,1.19240365938861e-05,1.19240365938872e-05,2.88711238850314e-06,0.999999963898189
0.000697346756284161,1.43403990298072e-05,0.999974114449666,1.15451513040761e-05,1.15451513040857e-05,2.795247725731e-06,0.999999963898058
0.000720237899337892,1.38846114863693e-05,0.999974937080277,1.11783082365411e-05,1.11783082365597e-05,2.7063032498282e-06,0.999999963897923
0.000743880468315072,1.34433107629983e-05,0.999975733564594,1.08231246432639e-05,1.08231246433188e-05,2.62018611973443e-06,0.999999963897783
0.00076829912956448,1.30160363888072e-05,0.999976504733669,1.04792299418212e-05,1.04792299418015e-05,2.53680644698601e-06,0.999999963897639
0.000793519359133813,1.26023425304353e-05,0.999977251392141,1.01462653286768e-05,1.0146265328678e-05,2.45607720175854e-06,0.999999963897489
0.00081956746934892,1.22017975266716e-05,0.999977974319069,9.82388340476843e-06,9.82388340478737e-06,2.37791412190315e-06,0.999999963897334
0.000846470636265502,1.18139834378783e-05,0.999978674268749,9.51174781299775e-06,9.51174781303136e-06,2.30223562488053e-06,0.999999963897174
0.000874256928021966,1.14384956097444e-05,0.999979351971503,9.20953288724404e-06,9.20953288725016e-06,2.22896272250034e-06,0.999999963897009
0.000902955334122976,1.10749422509129e-05,0.999980008134437,8.91692331253649e-06,8.91692331253836e-06,2.15801893837638e-06,0.999999963896838
0.000932595795684277,1.07229440240402e-05,0.99998064344218,8.63361379602927e-06,8.63361379599813e-06,2.08933022801091e-06,0.999999963896661
0.000963209236670323,1.03821336498604e-05,0.999981258557602,8.3593087484363e-06,8.35930874846859e-06,2.02282490142409e-06,0.999999963896478
0.000994827596157334,1.00521555238404e-05,0.999981854122501,8.09372197559297e-06,8.09372197564654e-06,1.95843354824742e-06,0.999999963896288
0.00102748386165541,9.73266534502549e-06,0.999982430758275,7.836576379823e-06,7.8365763797764e-06,1.8960889652025e-06,0.999999963896092
0.00106121210352446,9.42332975668755e-06,0.999982989066572,7.58760367079846e-06,7.5876036708539e-06,1.83572608588909e-06,0.99999996389589
0.00109604751051993,9.1238259984001e-06,0.999983529629916,7.3465440855914e-06,7.34654408560955e-06,1.7772819128087e-06,0.999999963895681
0.00113202642650527,8.83384156917686e-06,0.999984053012313,7.11314611762441e-06,7.11314611763327e-06,1.72069545155246e-06,0.999999963895465
