1e-07,0.12252285361484,0.784967676860403,0.0925094695247572,0.0925094695247572,0.0300133840900823,0.999999961617425
1.03282605511167e-07,0.1177485605282,0.792863020529953,0.0893884189418465,0.0893884189418465,0.0283601415863536,0.999999961644122
1.06672966011754e-07,0.113193053556288,0.800433124699971,0.0863738217437408,0.0863738217437408,0.0268192318125477,0.999999961671676
1.10174618672982e-07,0.108844236962139,0.807693081589591,0.0834626814482699,0.0834626814482699,0.0253815555138692,0.99999996169979
1.13791216777448e-07,0.104690739112047,0.814657358221299,0.0806519026666535,0.0806519026666535,0.0240388364453937,0.999999961728214
1.17526533530609e-07,0.100721888166294,0.821339770930834,0.0779383409028724,0.0779383409028724,0.0227835472634213,0.999999961756751
1.21384465997369e-07,0.0969276806947032,0.827753478555983,0.0753188407493133,0.0753188407493133,0.0216088399453898,0.999999961785235
1.25369039167899e-07,0.0932987463157243,0.833910988736378,0.0727902649478973,0.0727902649478973,0.0205084813678269,0.999999961813536
1.29484410156922e-07,0.0898263105198077,0.839824173206564,0.0703495162736279,0.0703495162736278,0.0194767942461799,0.999999961841545
1.33734872540836e-07,0.0865021571582597,0.845504289054324,0.0679935537874167,0.0679935537874168,0.018508603370843,0.999999961869179
1.38124860837214e-07,0.083318591589479,0.850962003731594,0.065719404678927,0.065719404678927,0.0175991869105521,0.999999961896369
1.42658955131348e-07,0.0802684051246318,0.856207422213405,0.0635241726619637,0.0635241726619637,0.0167442324626681,0.999999961923062
1.47341885854664e-07,0.0773448411665616,0.861250115152404,0.0614050436810343,0.0614050436810343,0.0159397974855273,0.999999961949217
1.52178538719987e-07,0.0745415632612549,0.866099147211808,0.0593592895269371,0.0593592895269371,0.0151822737343177,0.999999961974804
1.57173959818823e-07,0.0718526251600499,0.870763105007383,0.0573842698325667,0.0573842698325667,0.0144683553274832,0.999999961999798
1.62333360885955e-07,0.0692724429080691,0.875250124271602,0.0554774328203291,0.0554774328203291,0.01379501008774,0.999999962024185
1.67662124736861e-07,0.066795768919203,0.879567915986893,0.0536363150939037,0.0536363150939037,0.0131594538252992,0.999999962047954
1.73165810883613e-07,0.0644176679624748,0.883723791332465,0.0518585407050605,0.0518585407050604,0.0125591272574143,0.999999962071101
1.78850161335136e-07,0.0621334949630229,0.887724685359704,0.0501418196772737,0.0501418196772736,0.0119916752857492,0.999999962093624
1.84721106587855e-07,0.0599388745091163,0.891577179361692,0.0484839461291915,0.0484839461291915,0.0114549283799248,0.999999962115524
1.90784771812997e-07,0.0578296819515605,0.895287521938015,0.0468827961104242,0.0468827961104242,0.0109468858411363,0.999999962136806
1.97047483246998e-07,0.0558020259813962,0.898861648780708,0.0453363252378957,0.0453363252378957,0.0104657007435005,0.999999962157477
2.03515774791681e-07,0.0538522325744118,0.90230520122377,0.0438425662018185,0.0438425662018185,0.0100096663725933,0.999999962177545
2.10196394831087e-07,0.0519768301955489,0.905623543609315,0.0423996261951366,0.0423996261951366,0.0095772040004123,0.99999996219702
2.17096313272088e-07,0.050172536162035,0.908821779529746,0.0410056843082191,0.0410056843082192,0.00916685185381587,0.999999962215912
2.24222728816098e-07,0.0484362440704451,0.911904767008544,0.0396589889210108,0.0396589889210108,0.00877725514943426,0.999999962234234
2.31583076469505e-07,0.0467650121995214,0.914877132683226,0.0383578551172525,0.0383578551172525,0.00840715708226891,0.999999962251997
2.39185035300624e-07,0.0451560528071985,0.917743285053439,0.0371006621393621,0.0371006621393621,0.00805539066783637,0.999999962269215
2.47036536451289e-07,0.0436067222467164,0.920507426855491,0.0358858508977929,0.0358858508977929,0.00772087134892352,0.999999962285901
2.55145771411436e-07,0.0421145118328611,0.923173566622228,0.0347119215449108,0.0347119215449109,0.00740259028795026,0.999999962302068
2.63521200565298e-07,0.0406770393951717,0.925745529484376,0.0335774311204517,0.0335774311204518,0.00709960827472004,0.999999962317729
2.72171562018149e-07,0.0392920414603746,0.928226967266357,0.0324809912732686,0.0324809912732686,0.00681105018710595,0.999999962332899
2.81105880712787e-07,0.0379573660113293,0.930621367926429,0.0314212660622422,0.0314212660622421,0.00653609994908708,0.999999962347591
2.9033347784528e-07,0.0366709657744039,0.932932064387812,0.0303969698377846,0.0303969698377846,0.00627399593661923,0.999999962361817
2.99863980589793e-07,0.0354308919914492,0.935162242804294,0.0294068652042571,0.0294068652042572,0.00602402678719211,0.999999962375593
3.09707332142639e-07,0.0342352886364331,0.937314950300806,0.0284497610627604,0.0284497610627604,0.00578552757367275,0.99999996238893
3.19873802096042e-07,0.033082387040347,0.939393102226543,0.0275245107331096,0.0275245107331096,0.00555787630723743,0.999999962401842
3.30373997152427e-07,0.0319705008912306,0.941399488955455,0.0266300101533145,0.0266300101533145,0.00534049073791606,0.999999962414341
3.41218872190416e-07,0.0308980215791042,0.943336782266364,0.025765196154532,0.025765196154532,0.00513282542457219,0.99999996242644
3.52419741694082e-07,0.0298634138582701,0.945207541332528,0.0249290448092023,0.0249290448092022,0.00493436904906781,0.999999962438151
3.63988291557374e-07,0.0288652118018703,0.94701421834822,0.0241205698499097,0.0241205698499097,0.00474464195196061,0.999999962449486
3.7593659127604e-07,0.0279020150257938,0.948759163817803,0.0233388211564036,0.0233388211564036,0.00456319386939017,0.999999962460457
3.88277106539761e-07,0.0269724851610194,0.950444631530825,0.0225828833081556,0.0225828833081556,0.00438960185286381,0.999999962471075
4.01022712237636e-07,0.0260753425552986,0.952072783244885,0.0218518741998166,0.0218518741998167,0.00422346835548194,0.999999962481352
4.14186705890581e-07,0.0252093631867217,0.953645693096329,0.0211449437169489,0.021144943716949,0.00406441946977282,0.999999962491297
4.27782821524667e-07,0.0243733757732078,0.955165351757346,0.020461272469446,0.0204612724694459,0.00391210330376179,0.999999962500921
4.41825243999864e-07,0.0235662590633077,0.956633670356584,0.0198000705801084,0.0198000705801083,0.00376618848319931,0.999999962510235
4.56328623809131e-07,0.0227869392949454,0.958052484179143,0.0191605765259113,0.0191605765259112,0.00362636276903414,0.999999962519249
4.71308092363324e-07,0.0220343878098333,0.959423556160591,0.0185420560295753,0.0185420560295753,0.00349233178025803,0.999999962527972
4.86779277777819e-07,0.0213076188123178,0.960748580188545,0.0179438009991373,0.0179438009991374,0.00336381781318048,0.999999962536413
5.02758321177375e-07,0.0206056872623312,0.962029184224365,0.0173651285133034,0.0173651285133033,0.00324055874902784,0.999999962544581
5.19261893536195e-07,0.0199276868929674,0.963266933256577,0.0168053798504554,0.0168053798504554,0.00312230704251196,0.999999962552486
5.36307213070806e-07,0.0192727483439627,0.964463332096763,0.0162639195592746,0.0162639195592746,0.00300882878468809,0.999999962560136
5.53912063203856e-07,0.0186400374030609,0.965619828027907,0.0157401345690317,0.0157401345690318,0.00289990283402913,0.999999962567538
5.72094811117606e-07,0.0180287533478759,0.966737813314438,0.0152334333376858,0.0152334333376857,0.0027953200101901,0.999999962574701
5.90874426916454e-07,0.0174381273814447,0.96781862758254,0.0147432450360152,0.0147432450360152,0.00269488234542953,0.999999962581634
6.10270503418493e-07,0.016867421155194,0.968863560078712,0.0142690187660941,0.0142690187660941,0.0025984023890999,0.999999962588342
6.30303276596736e-07,0.0163159253735245,0.969873851813972,0.0138102228125038,0.0138102228125037,0.00250570256102071,0.999999962594834
6.50993646691368e-07,0.0157829584746615,0.970850697600589,0.0133663439247498,0.0133663439247498,0.00241661454991171,0.999999962601116
6.72363200015008e-07,0.0152678653828234,0.971795247987746,0.012936886629431,0.0129368866294309,0.00233097875339246,0.999999962607196
6.94434231473761e-07,0.0147700163271301,0.972708611102093,0.0125213725707772,0.0125213725707773,0.00224864375635283,0.999999962613079
7.17229767827552e-07,0.0142888057230121,0.973591854398745,0.0121193398782433,0.0121193398782433,0.00216946584476879,0.999999962618773
7.40773591713991e-07,0.0138236511121944,0.974446006327895,0.0117303425599107,0.0117303425599107,0.00209330855228371,0.999999962624283
7.65090266460866e-07,0.0133739921576119,0.975272057921874,0.0113539499205141,0.011353949920514,0.00202004223709784,0.999999962629615
7.90205161713115e-07,0.0129392896898769,0.976070964307158,0.0109897460029656,0.0109897460029656,0.0019495436869113,0.999999962634776
8.16144479901037e-07,0.012519024802161,0.976843646145528,0.0106373290523106,0.0106373290523106,0.00188169574985042,0.99999996263977
8.42935283577358e-07,0.0121126979905739,0.977590991008327,0.010296311001099,0.0102963110010989,0.00181638698947495,0.999999962644603
8.70605523651641e-07,0.0117198283373259,0.978313854687465,0.00996631697520898,0.00996631697520901,0.00175351136211688,0.99999996264928
8.99184068551557e-07,0.01133995273415,0.979013062446641,0.00964698481920895,0.00964698481920898,0.00169296791494108,0.999999962653807
9.28700734341368e-07,0.0109726251436328,0.97968941021598,0.00933796464038729,0.00933796464038725,0.00163466050324547,0.999999962658188
9.59186315829108e-07,0.0106174158962599,0.980343665733115,0.00903891837062499,0.00903891837062502,0.00157849752563495,0.999999962662429
9.90672618694879e-07,0.0102739110211358,0.980976569633538,0.00874951934532618,0.00874951934532615,0.0015243916758096,0.999999962666532
1.02319249267378e-06,0.00994171160846617,0.981588836492873,0.00846945189866082,0.00846945189866084,0.00147225970980535,0.999999962670504
1.05677986582814e-06,0.00962043320202472,0.982181155823565,0.00819841097441053,0.00819841097441048,0.00142202222761419,0.999999962674348
1.09146977994472e-06,0.00930970521993676,0.98275419302832,0.00793610175174365,0.00793610175174367,0.00137360346819311,0.999999962678068
1.12729842709391e-06,0.00900917040222397,0.983308590312498,0.00768223928527829,0.0076822392852783,0.00132693111694568,0.999999962681669
1.164303187389e-06,0.00871848428365238,0.983844967557524,0.00743654815882336,0.00743654815882336,0.00128193612482902,0.999999962685154
1.20252266798493e-06,0.00843731469051948,0.984363923157263,0.00719876215221738,0.00719876215221735,0.0012385525383021,0.999999962688527
1.24199674335724e-06,0.00816534126010188,0.984866034819186,0.00696862392071242,0.00696862392071246,0.00119671733938946,0.999999962691792
1.2827665969032e-06,0.0079022549815647,0.985351860332058,0.00674588468637718,0.00674588468637717,0.00115637029518752,0.999999962694952
1.32487476390855e-06,0.00764775775720847,0.985821938301773,0.00653030394101834,0.0065303039410183,0.00111745381619014,0.999999962698011
1.36836517592468e-06,0.00740156198299763,0.98627678885686,0.00632164916014273,0.00632164916014271,0.0010799128228549,0.999999962700971
1.41328320660248e-06,0.00716339014737927,0.986716914325115,0.00611969552750564,0.00611969552750562,0.00104369461987364,0.999999962703836
1.45967571903081e-06,0.00693297444746006,0.987142799882729,0.00592422566981136,0.00592422566981136,0.0010087487776487,0.99999996270661
1.50759111462889e-06,0.00671005642166517,0.987554914177182,0.00573502940115298,0.00573502940115294,0.000975027020512193,0.999999962709294
1.55707938364357e-06,0.00649438659805448,0.987953709925149,0.00555190347679656,0.00555190347679655,0.000942483121257915,0.999999962711893
1.6081921573043e-06,0.00628572415751973,0.988339624486546,0.00537465135593379,0.00537465135593383,0.000911072801585932,0.999999962714408
1.66098276169013e-06,0.00608383661113129,0.988713080415825,0.00520308297304369,0.00520308297304364,0.000880753638087604,0.999999962716842
1.71550627336491e-06,0.0058884994909453,0.989074485991534,0.00503701451752066,0.00503701451752068,0.000851484973424636,0.999999962719199
1.77181957683881e-06,0.00569949605362095,0.989424235725138,0.0048762682212414,0.00487626822124145,0.00082322783237955,0.99999996272148
1.82998142391606e-06,0.00551661699623473,0.989762710850008,0.00472067215375772,0.00472067215375771,0.000795944842477009,0.999999962723688
1.89005249499087e-06,0.00533966018371244,0.990090279791471,0.00457006002481656,0.00457006002481654,0.000769600158895887,0.999999962725825
1.95209546235539e-06,0.00516843038733212,0.990407298618747,0.0044242709939213,0.00442427099392133,0.000744159393410825,0.999999962727894
2.01617505558591e-06,0.0050027390337808,0.990714111479558,0.00428314948666125,0.0042831494866613,0.000719589547119556,0.999999962729897
2.08235812907536e-06,0.00484240396427655,0.991011051018175,0.00414654501754798,0.00414654501754802,0.000695858946728565,0.999999962731835
2.15071373178262e-06,0.00468724920329328,0.991298438777598,0.0040143120191086,0.00401431201910856,0.000672937184184681,0.999999962733712
2.22131317927155e-06,0.00453710473645078,0.991576585586553,0.00388630967699659,0.00388630967699662,0.000650795059454191,0.999999962735528
2.2942301281146e-06,0.00439180629715549,0.991845791931953,0.00376240177089142,0.00376240177089141,0.000629404526264075,0.999999962737286
2.36954065273895e-06,0.00425119516159948,0.992106348317433,0.00364245652096747,0.00364245652096746,0.000608738640632017,0.999999962738988
2.44732332479511e-06,0.0041151179517455,0.992358535608532,0.00352634643972246,0.00352634643972246,0.000588771512023038,0.999999962740636
2.52765929513092e-06,0.00398342644594515,0.992602625365091,0.00341394818896406,0.00341394818896405,0.000569478256981085,0.999999962742231
2.61063237845642e-06,0.00385597739685545,0.992838880161383,0.00330514244176194,0.00330514244176189,0.000550834955093505,0.999999962743775
2.69632914078795e-06,0.00373263235633599,0.993067553894484,0.00319981374918051,0.00319981374918047,0.000532818607155482,0.999999962745269
2.78483898976267e-06,0.00361325750702494,0.99328889208136,0.00309785041161513,0.00309785041161511,0.00051540709540981,0.999999962746716
2.87625426791775e-06,0.00349772350030723,0.993503132145131,0.00299914435456197,0.00299914435456202,0.000498579145745254,0.999999962748117
2.9706703490316e-06,0.00338590530040244,0.993710503690939,0.0029035910086584,0.0029035910086584,0.000482314291744038,0.999999962749473
3.06818573762752e-06,0.00327768203431346,0.993911228771849,0.00281108919383769,0.00281108919383764,0.000466592840475774,0.999999962750785
3.16890217174373e-06,0.00317293684738941,0.994105522145163,0.0027215410074479,0.00272154100744791,0.000451395839941505,0.999999962752056
3.27292472907689e-06,0.00307155676426832,0.994293591519541,0.00263485171619089,0.0026348517161909,0.000436705048077428,0.999999962753286
3.38036193660993e-06,0.00297343255497651,0.99447563779328,0.00255092965174313,0.00255092965174308,0.000422502903233388,0.999999962754476
3.49132588383849e-06,0.00287845860597195,0.994651855284102,0.00246968610992556,0.00246968610992556,0.000408772496046393,0.999999962755629
3.60593233971418e-06,0.00278653279592904,0.994822431950776,0.00239103525329487,0.00239103525329483,0.000395497542634174,0.999999962756745
3.7243008734266e-06,0.00269755637607196,0.994987549606895,0.00231489401703359,0.00231489401703354,0.000382662359038364,0.999999962757825
3.84655497915016e-06,0.00261143385487231,0.995147384127106,0.00224118201802131,0.00224118201802134,0.000370251836851007,0.999999962758871
3.97282220488582e-06,0.00252807288693574,0.995302105646091,0.00216982146697365,0.0021698214669737,0.000358251419962089,0.999999962759883
4.10323428553227e-06,0.00244738416590974,0.99545187875055,0.00210073708354033,0.0021007370835403,0.000346647082369405,0.999999962760863
4.23792728032526e-06,0.0023692813212531,0.995596862664489,0.00203385601425754,0.00203385601425758,0.000335425306995559,0.999999962761812
4.37704171478848e-06,0.0022936808187141,0.995737211428032,0.00196910775325402,0.00196910775325406,0.000324573065460078,0.99999996276273
4.52072272734421e-06,0.00222050186437173,0.995873074070014,0.00190642406561409,0.00190642406561414,0.000314077798757635,0.999999962763619
4.66912022073661e-06,0.00214966631210059,0.996004594774595,0.00184573891330438,0.00184573891330439,0.000303927398796209,0.99999996276448
4.82238901842554e-06,0.0020810985743264,0.996131913042099,0.00178698838357475,0.0017869883835748,0.000294110190751647,0.999999962765313
4.9806890261143e-06,0.00201472553594463,0.996255163844308,0.00173011061974707,0.00173011061974703,0.000284614916197557,0.999999962766119
5.14418539857963e-06,0.00195047647128069,0.99637447777441,0.00167504575430889,0.00167504575430885,0.000275430716971798,0.9999999627669
5.31304871197807e-06,0.00188828296397503,0.996489981191793,0.00162173584423202,0.00162173584423198,0.000266547119743006,0.999999962767656
5.48745514180847e-06,0.00182807882968178,0.996601796361879,0.00157012480843914,0.00157012480843916,0.000257954021242639,0.999999962768388
5.6675866467163e-06,0.00176980004147411,0.996710041591182,0.00152015836734418,0.00152015836734419,0.000249641674129924,0.999999962769096
5.85363115833159e-06,0.0017133846578542,0.996814831357751,0.00147178398439527,0.00147178398439529,0.000241600673458928,0.999999962769782
6.04578277733839e-06,0.00165877275326992,0.996916276437179,0.0014249508095513,0.00142495080955125,0.000233821943718618,0.999999962770446
6.2442419759805e-06,0.00160590635104438,0.99701448402433,0.00137960962462597,0.00137960962462594,0.000226296726418405,0.999999962771088
6.44921580721465e-06,0.00155472935862857,0.997109557850936,0.00133571279043544,0.00133571279043541,0.000219016568193127,0.999999962771711
6.66091812072936e-06,0.00150518750509086,0.997201598299221,0.00129321419568801,0.00129321419568797,0.000211973309402856,0.999999962772313
6.87956978605476e-06,0.00145722828076076,0.997290702511683,0.00125206920755655,0.00125206920755652,0.00020515907320421,0.999999962772896
7.10539892299639e-06,0.00141080087894768,0.997376964497176,0.00121223462387657,0.0012122346238766,0.000198566255071109,0.99999996277346
7.33864113963309e-06,0.00136585613965876,0.997460475233427,0.00117366862691469,0.00117366862691472,0.000192187512744078,0.999999962774006
7.57953977812749e-06,0.00132234649524271,0.997541322766103,0.00113633073865443,0.00113633073865443,0.000186015756588287,0.999999962774535
7.82834616860541e-06,0.00128022591788969,0.997619592304562,0.00110018177754811,0.0011001817775481,0.000180044140341578,0.999999962775047
8.0853198913693e-06,0.00123944986891999,0.997695366314395,0.00106518381668531,0.00106518381668531,0.000174266052234678,0.999999962775543
8.35072904771889e-06,0.00119997524979702,0.997768724606873,0.00103130014333029,0.00103130014333026,0.000168675106466732,0.999999962776022
8.62485053966196e-06,0.00116176035480255,0.997839744425415,0.000998495219782399,0.000998495219782438,0.000163265135020154,0.999999962776487
8.90797035880684e-06,0.00112476482531458,0.99790850052917,0.000966734645514979,0.000966734645514957,0.000158030179799603,0.999999962776936
9.20038388473819e-06,0.00108894960563074,0.997975065273819,0.000935985120550075,0.000935985120550075,0.000152964485080667,0.999999962777371
9.50239619318715e-06,0.00105427690028211,0.99803950868969,0.000906214410027539,0.000906214410027513,0.000148062490254569,0.999999962777792
9.81432237431766e-06,0.00102071013278457,0.998101898557287,0.000877391309928689,0.000877391309928728,0.000143318822855879,0.9999999627782
1.01364878614607e-05,0.000988213905776915,0.998162300480307,0.000849485613916033,0.000849485613916011,0.000138728291860882,0.999999962778595
1.04692287706399e-05,0.00095675396249674,0.998220777956251,0.000822468081251892,0.000822468081251846,0.000134285881244847,0.999999962778977
1.08128922512416e-05,0.000926297149547114,0.998277392444693,0.000796310405760074,0.000796310405760063,0.000129986743787039,0.999999962779346
1.11678368481974e-05,0.000896811380908777,0.998332203433295,0.000770985185795949,0.000770985185795906,0.000125826195112828,0.999999962779704
1.15344328760545e-05,0.000868265603154328,0.998385268501654,0.00074646589519152,0.000746465895191572,0.000121799707962808,0.99999996278005
1.19130628053258e-05,0.00084062976182249,0.998436643383034,0.000722726855143197,0.000722726855143226,0.000117902906679293,0.999999962780385
1.23041216615222e-05,0.000813874768912119,0.998486382024077,0.000699743207011085,0.000699743207011079,0.000114131561901034,0.99999996278071
1.27080174372841e-05,0.000787972471457133,0.998534536642543,0.000677490885999711,0.000677490885999765,0.000110481585457421,0.999999962781024
1.31251715180404e-05,0.000762895621144964,0.998581157783164,0.000655946595691077,0.000655946595691116,0.000106949025453887,0.999999962781327
1.35560191216418e-05,0.000738617844942535,0.998626294371656,0.000635087783401979,0.000635087783401956,0.000103530061540555,0.999999962781622
1.40010097524237e-05,0.000715113616695065,0.998669993766967,0.000614892616338444,0.000614892616338411,0.000100221000356621,0.999999962781906
1.44606076701759e-05,0.000692358229664331,0.998712301811815,0.000595339958521093,0.000595339958521084,9.7018271143238e-05,0.999999962782182
1.49352923745053e-05,0.00067032776997413,0.99875326288157,0.000576409348456077,0.000576409348456022,9.39184215180531e-05,0.999999962782448
1.54255591050998e-05,0.000648999090932003,0.998792919931541,0.000558080977527153,0.000558080977527151,9.09181134048496e-05,0.999999962782706
1.59319193584122e-05,0.000628349788197282,0.998831314542717,0.000540335669085253,0.000540335669085266,8.80141191120284e-05,0.999999962782955
1.64549014213061e-05,0.000608358175766654,0.998868486966021,0.000523154858212683,0.000523154858212639,8.52033175539702e-05,0.999999962783197
1.6995050922219e-05,0.000589003262749482,0.998904476165111,0.000506520572139907,0.00050652057213994,8.24826906095752e-05,0.99999996278343
1.75529314004175e-05,0.000570264730906095,0.9989393198578,0.00049041541129356,0.000490415411293526,7.98493196125356e-05,0.999999962783656
1.8129124893939e-05,0.000552122912923226,0.998973054556122,0.000474822530955087,0.000474822530955042,7.73003819681394e-05,0.999999962783875
1.87242325468339e-05,0.000534558771401715,0.999005715605088,0.000459725623510081,0.000459725623510067,7.48331478916345e-05,0.999999962784086
1.933887523634e-05,0.000517553878532434,0.999037337220198,0.000445108901269038,0.00044510890126907,7.24449772633963e-05,0.999999962784291
1.99736942206459e-05,0.000501090396437302,0.999067952523722,0.000430957079840944,0.000430957079840984,7.01333165963579e-05,0.999999962784489
2.06293518079165e-05,0.000485151058153022,0.999097593579805,0.000417255362041669,0.000417255362041657,6.78956961113528e-05,0.99999996278468
2.13065320472813e-05,0.000469719149235994,0.999126291428444,0.000403989422319784,0.000403989422319782,6.57297269162099e-05,0.999999962784865
2.20059414425039e-05,0.000454778489967591,0.999154076118349,0.000391145391682971,0.000391145391683021,6.36330982846195e-05,0.999999962785044
2.27283096890798e-05,0.000440313418139731,0.999180976738752,0.00037870984310877,0.000378709843108766,6.16035750309616e-05,0.999999962785218
2.34743904355287e-05,0.000426308772401383,0.999207021450175,0.000366669777423939,0.000366669777423914,5.96389949774437e-05,0.999999962785385
2.42449620696783e-05,0.000412749876147278,0.999232237514216,0.000355012609637223,0.000355012609637195,5.77372665100553e-05,0.999999962785547
2.50408285307579e-05,0.000399622521930817,0.999256651322358,0.000343726155710827,0.000343726155710881,5.58963662199897e-05,0.999999962785703
2.58628201481505e-05,0.000386912956383714,0.99928028842386,0.000332798619756389,0.000332798619756433,5.41143366273252e-05,0.999999962785855
2.67117945076771e-05,0.000374607865625583,0.999303173552733,0.000322218581641695,0.000322218581641735,5.23892839838889e-05,0.999999962786001
2.75886373463177e-05,0.000362694361147209,0.999325330653858,0.000311974984994852,0.000311974984994811,5.07193761523571e-05,0.999999962786142
2.8494263476304e-05,0.00035115996615182,0.999346782908255,0.000302057125593058,0.000302057125593109,4.91028405587617e-05,0.999999962786278
2.94296177395436e-05,0.000339992602339234,0.999367552757537,0.000292454640123539,0.000292454640123574,4.75379622156943e-05,0.99999996278641
3.03956759933773e-05,0.000329180577118229,0.999387661927577,0.000283157495304626,0.000283157495304662,4.60230818136037e-05,0.999999962786538
3.13934461286925e-05,0.000318712571233033,0.999407131451412,0.000274155977355341,0.000274155977355388,4.45565938776922e-05,0.999999962786661
3.24239691214583e-05,0.000308577626790264,0.999425981691408,0.000265440681802251,0.00026544068180223,4.3136944988013e-05,0.99999996278678
3.34883201187784e-05,0.000298765135673167,0.999444232360714,0.000257002503612697,0.000257002503612719,4.176263206047e-05,0.999999962786895
3.45876095605948e-05,0.000289264828330392,0.999461902544026,0.000248832627643882,0.000248832627643937,4.04322006865105e-05,0.999999962787005
3.57229843382119e-05,0.000280066762927021,0.999479010717675,0.000240922519397631,0.00024092251939767,3.91442435293895e-05,0.999999962787112
3.68956289908515e-05,0.000271161314845958,0.999495574769083,0.000233263916070989,0.000233263916071025,3.78973987749687e-05,0.999999962787215
3.8106766941485e-05,0.000262539166528197,0.999511612015579,0.000225848817893105,0.000225848817893104,3.66903486350916e-05,0.999999962787315
3.93576617732339e-05,0.000254191297640865,0.99952713922262,0.000218669479739211,0.000218669479739203,3.55218179016546e-05,0.999999962787411
4.06496185476687e-05,0.00024610897556233,0.999542172621425,0.000211718403012766,0.000211718403012807,3.43905725495644e-05,0.999999962787504
4.19839851663829e-05,0.000238283746173986,0.999556727926039,0.000204988327787142,0.000204988327787123,3.32954183868448e-05,0.999999962787593
4.33621537772622e-05,0.000230707424948728,0.999570820349853,0.000198472225198508,0.000198472225198488,3.22351997502205e-05,0.999999962787679
4.47855622269155e-05,0.000223372088326409,0.999584464621592,0.000192163290081838,0.000192163290081807,3.1208798244571e-05,0.999999962787762
4.62556955607834e-05,0.000216270065366939,0.999597675000791,0.00018605493384223,0.000186054933842286,3.0215131524709e-05,0.999999962787842
4.77740875724904e-05,0.000209393929671975,0.999610465292774,0.00018014077755398,0.000180140777553939,2.92531521179942e-05,0.999999962787919
4.93423224040549e-05,0.000202736491566449,0.999622848863153,0.000174414645280095,0.000174414645280105,2.83218462863538e-05,0.999999962787993
5.09620361986283e-05,0.000196290790531504,0.999634838651863,0.000168870557605173,0.000168870557605185,2.74202329263306e-05,0.999999962788064
5.26349188074876e-05,0.000190050087880634,0.999646447186745,0.0001635027253748,0.000163502725374809,2.65473625058339e-05,0.999999962788132
5.43627155530606e-05,0.00018400785967116,0.999657686596694,0.000158305543634842,0.000158305543634879,2.57023160363173e-05,0.999999962788198
5.61472290498255e-05,0.000178157789843376,0.999668568624392,0.000153273585764222,0.000153273585764273,2.48842040791537e-05,0.999999962788261
5.79903210849829e-05,0.000172493763579997,0.999679104638625,0.000148401597794971,0.000148401597794921,2.40921657850258e-05,0.999999962788321
5.98939145608622e-05,0.000167009860878755,0.999689305646208,0.000143684492913563,0.000143684492913518,2.33253679651922e-05,0.999999962788379
6.18599955010908e-05,0.000161700350331246,0.999699182303531,0.000139117346137715,0.000139117346137701,2.25830041935305e-05,0.999999962788435
6.38906151226174e-05,0.00015655968310134,0.999708744927736,0.000134695389163039,0.000134695389163011,2.18642939383011e-05,0.999999962788488
6.59878919757511e-05,0.000151582487096708,0.999718003507529,0.000130414005374094,0.000130414005374141,2.11684817226139e-05,0.999999962788539
6.81540141544502e-05,0.000146763561327203,0.999726967713658,0.00012626872501459,0.000126268725014587,2.04948363126129e-05,0.999999962788588
7.03912415791659e-05,0.000142097870444075,0.999735646909044,0.000122255220511639,0.000122255220511663,1.98426499324365e-05,0.999999962788635
7.27019083546226e-05,0.00013758053945416,0.999744050158597,0.000118369301949122,0.000118369301949153,1.92112375050386e-05,0.999999962788679
7.50884252049954e-05,0.000133206848603401,0.999752186238711,0.000114606912685408,0.000114606912685395,1.8599935917993e-05,0.999999962788721
7.75532819890234e-05,0.000128972228424232,0.999760063646465,0.0001109641251108,0.000110964125110798,1.80081033134322e-05,0.999999962788761
8.00990502976862e-05,0.00012487225494155,0.999767690608518,0.000107437136540245,0.000107437136540228,1.74351184013047e-05,0.9999999627888
8.27283861371507e-05,0.000120902645032134,0.999775075089731,0.000104022265236973,0.000104022265237019,1.68803797951614e-05,0.999999962788836
8.54440326997885e-05,0.000117059251932606,0.999782224801504,0.000100715946562894,0.000100715946562923,1.63433053697115e-05,0.99999996278887
8.82488232261553e-05,0.000113338060891104,0.999789147209857,9.75147292516889e-05,9.75147292516642e-05,1.5823331639415e-05,0.999999962788902
9.11456839609173e-05,0.000109735184958075,0.999795849543241,9.44152718006716e-05,9.44152718006254e-05,1.53199131574035e-05,0.999999962788933
9.41376372058094e-05,0.00010624686091169,0.999802338800111,9.14143389776421e-05,9.14143389775975e-05,1.48325219340478e-05,0.999999962788961
9.722780447281e-05,0.000102869445313553,0.999808621756247,8.85087984390394e-05,8.85087984390407e-05,1.43606468745134e-05,0.999999962788988
0.000100419409740822,9.95994106905176e-05,0.999814704971854,8.56956174558492e-05,8.56956174558307e-05,1.39037932346684e-05,0.999999962789013
0.000103715782819255,9.64333418385541e-05,0.999820594798418,8.29718597438224e-05,8.29718597437736e-05,1.34614820947317e-05,0.999999962789036
0.00010712036282203,9.33679322447392e-05,0.999826297385361,8.03346823946719e-05,8.0334682394709e-05,1.30332498500673e-05,0.999999962789058
0.000110636701755609,9.03999806235823e-05,0.999831818686471,7.7781332905026e-05,7.77813329049991e-05,1.26186477185563e-05,0.999999962789078
0.000114268468224812,8.75263875640092e-05,0.999837164466136,7.53091463000157e-05,7.53091462999717e-05,1.22172412639935e-05,0.999999962789096
0.000118019451260286,8.47441522834529e-05,0.999842340305368,7.2915542348477e-05,7.29155423484313e-05,1.1828609934976e-05,0.999999962789112
0.000121893564271606,8.20503694856127e-05,0.999847351607648,7.0598022866842e-05,7.05980228667931e-05,1.14523466187707e-05,0.999999962789127
0.000125894849130144,7.94422263185557e-05,0.999852203604572,6.83541691088913e-05,6.83541691089462e-05,1.10880572096644e-05,0.99999996278914
0.000130027480385966,7.69169994299419e-05,0.999856901361331,6.6181639238626e-05,6.61816392386287e-05,1.0735360191316e-05,0.999999962789152
0.000134295769623147,7.44720521162577e-05,0.999861449782,6.40781658836082e-05,6.40781658836533e-05,1.03938862326495e-05,0.999999962789162
0.000138704169958061,7.21048315630441e-05,0.999865853614671,6.20415537662045e-05,6.2041553766226e-05,1.00632777968397e-05,0.99999996278917
0.000143257280685323,6.98128661732041e-05,0.999870117456417,6.00696774102447e-05,6.00696774102775e-05,9.7431887629594e-06,0.999999962789177
0.000147959852076248,6.75937629805651e-05,0.999874245758099,5.81604789206945e-05,5.81604789207451e-05,9.43328405987069e-06,0.999999962789182
0.000152816790334818,6.54452051459674e-05,0.99987824282902,5.63119658340098e-05,5.63119658339851e-05,9.13323931195767e-06,0.999999962789185
0.000157833162716338,6.33649495332339e-05,0.99988211284143,5.45222090369226e-05,5.45222090369618e-05,8.84274049631133e-06,0.999999962789187
0.000163014202814114,6.13508243624643e-05,0.999885859834886,5.27893407514739e-05,5.2789340751443e-05,8.56148361099049e-06,0.999999962789188
0.000168365316019676,5.94007269381789e-05,0.999889487720478,5.11115525841834e-05,5.11115525842334e-05,8.28917435399544e-06,0.999999962789187
0.000173892085162232,5.75126214499152e-05,0.999893000284913,4.94870936373119e-05,4.94870936372929e-05,8.02552781260339e-06,0.999999962789184
0.000179600276333251,5.56845368429608e-05,0.999896401194477,4.79142686802346e-05,4.79142686802809e-05,7.77026816272617e-06,0.999999962789179
0.000185495844902237,5.39145647569768e-05,0.999899693998864,4.63914363790141e-05,4.63914363789979e-05,7.52312837796264e-06,0.999999962789173
0.000191584941729985,5.22008575303424e-05,0.999902882134887,4.49170075823137e-05,4.49170075823412e-05,7.28384994802868e-06,0.999999962789166
0.00019787391958578,5.05416262681184e-05,0.99990596893007,4.34894436618596e-05,4.34894436618822e-05,7.05218260625884e-06,0.999999962789157
0.000204369339775265,4.89351389715942e-05,0.999908957606123,4.21072549057109e-05,4.21072549056556e-05,6.8278840658833e-06,0.999999962789146
0.000211077978985864,4.73797187274521e-05,0.99991185128231,4.07689989626577e-05,4.07689989626876e-05,6.61071976479436e-06,0.999999962789134
0.000218006836356915,4.58737419546424e-05,0.999914652978709,3.94732793361167e-05,3.94732793360624e-05,6.40046261852576e-06,0.99999996278912
0.000225163140781888,4.44156367071252e-05,0.999917365619367,3.82187439259477e-05,3.82187439259257e-05,6.1968927811775e-06,0.999999962789104
0.000232554358450312,4.30038810306938e-05,0.999919992035353,3.70040836166661e-05,3.70040836166612e-05,5.99979741402771e-06,0.999999962789087
0.000240188200637262,4.1637001372153e-05,0.999922534967717,3.58280309105713e-05,3.58280309105223e-05,5.80897046158174e-06,0.999999962789068
0.000248072631748554,4.03135710391798e-05,0.999924997070356,3.4689358604363e-05,3.46893586043952e-05,5.62421243481682e-06,0.999999962789047
0.00025621587763003,3.90322087092478e-05,0.999927380912783,3.35868785078589e-05,3.35868785078706e-05,5.4453302013889e-06,0.999999962789025
0.000264626434149599,3.7791576986049e-05,0.99992968898281,3.25194402034735e-05,3.25194402035237e-05,5.27213678257549e-06,0.999999962789001
0.000273313076060999,3.65903810018964e-05,0.999931923689153,3.14859298451599e-05,3.14859298451464e-05,5.10445115673656e-06,0.999999962788975
0.000282284866158518,3.54273670646412e-05,0.99993408736394,3.04852689955592e-05,3.04852689955092e-05,4.94209806908192e-06,0.999999962788947
0.000291551164732229,3.43013213476809e-05,0.999936182265152,2.95164135001397e-05,2.95164135001899e-05,4.78490784754114e-06,0.999999962788918
0.000301121639333601,3.32110686216868e-05,0.999938210578981,2.85783523971484e-05,2.85783523971784e-05,4.63271622453845e-06,0.999999962788886
0.000311006274861684,3.21554710267172e-05,0.999940174422111,2.76701068622356e-05,2.7670106862255e-05,4.4853641644816e-06,0.999999962788853
0.000321215383980369,3.11334268834288e-05,0.99994207584393,2.67907291866488e-05,2.67907291866595e-05,4.34269769677999e-06,0.999999962788818
0.000331759617877626,3.01438695421392e-05,0.99994391682867,2.59393017879257e-05,2.59393017879621e-05,4.20456775421354e-06,0.999999962788781
0.000342649977377904,2.91857662685333e-05,0.999945699297479,2.5114936252054e-05,2.51149362520156e-05,4.07083001647927e-06,0.999999962788741
0.000353897824419325,2.82581171648442e-05,0.999947425110429,2.43167724060954e-05,2.43167724060446e-05,3.94134475874877e-06,0.9999999627887
0.000365514893907615,2.73599541253788e-05,0.999949096068454,2.35439774203041e-05,2.35439774203417e-05,3.81597670507469e-06,0.999999962788657
0.000377513305959163,2.6490339825291e-05,0.999950713915236,2.27957449388011e-05,2.27957449387753e-05,3.69459488648997e-06,0.999999962788611
0.000389905578545969,2.56483667415452e-05,0.999952280339021,2.20712942378967e-05,2.20712942379498e-05,3.57707250364855e-06,0.999999962788564
0.000402704640555667,2.48331562050407e-05,0.999953796974384,2.13698694111794e-05,2.13698694111575e-05,3.46328679386132e-06,0.999999962788514
0.000415923845280274,2.40438574829071e-05,0.999955265403937,2.06907385805216e-05,2.06907385805599e-05,3.35311890238559e-06,0.999999962788462
0.000429576984347703,2.32796468900061e-05,0.999956687159978,2.00331931321747e-05,2.00331931322299e-05,3.24645375783137e-06,0.999999962788408
0.000443678302110607,2.25397269287109e-05,0.999958063726094,1.93965469771591e-05,1.93965469772072e-05,3.14317995155185e-06,0.999999962788351
0.000458242510507543,2.18233254560615e-05,0.999959396538709,1.87801358351715e-05,1.87801358351383e-05,3.04318962088997e-06,0.999999962788291
0.000473284804411975,2.1129694877423e-05,0.999960686988581,1.81833165412659e-05,1.81833165412616e-05,2.94637833615712e-06,0.99999996278823
0.00048882087748512,2.04581113658032e-05,0.99996193642226,1.76054663745792e-05,1.7605466374585e-05,2.85264499122399e-06,0.999999962788165
0.000504866938549183,1.98078741060122e-05,0.999963146143486,1.70459824084046e-05,1.70459824084061e-05,2.76189169760755e-06,0.999999962788098
0.00052143972849806,1.91783045628713e-05,0.999964317414556,1.65042808809296e-05,1.65042808809701e-05,2.67402368194176e-06,0.999999962788029
0.000538556537763153,1.85687457727069e-05,0.999965451457641,1.59797965859834e-05,1.59797965860297e-05,2.5889491867235e-06,0.999999962787956
0.000556235224352518,1.79785616573864e-05,0.999966549456059,1.54719822831578e-05,1.54719822831633e-05,2.50657937422856e-06,0.999999962787881
0.000574494232482167,1.74071363601785e-05,0.999967612555513,1.49803081266826e-05,1.49803081266804e-05,2.42682823349588e-06,0.999999962787803
0.000593352611818965,1.68538736027433e-05,0.999968641865285,1.45042611124616e-05,1.4504261112477e-05,2.34961249028169e-06,0.999999962787721
0.000612830037355189,1.63181960625788e-05,0.999969638459395,1.40433445426905e-05,1.40433445427382e-05,2.27485151988834e-06,0.999999962787637
0.0006329468299355,1.57995447702723e-05,0.999970603377722,1.35970775074967e-05,1.35970775074719e-05,2.20246726277556e-06,0.999999962787549
0.000653723977457721,1.52973785259266e-05,0.999971537627091,1.31649943830615e-05,1.31649943830617e-05,2.13238414286511e-06,0.999999962787458
0.00067518315676957,1.48111733341502e-05,0.99997244218232,1.27466443456979e-05,1.2746644345674e-05,2.06452898845226e-06,0.999999962787364
0.000697346756284161,1.43404218570198e-05,0.999973317987242,1.23415909013788e-05,1.23415909013302e-05,1.99883095564099e-06,0.999999962787266
0.000720237899337892,1.38846328844448e-05,0.999974165955685,1.19494114302232e-05,1.19494114302206e-05,1.93522145422162e-06,0.999999962787165
0.000743880468315072,1.34433308213777e-05,0.999974986972433,1.15696967454645e-05,1.15696967454782e-05,1.87363407591312e-06,0.99999996278706
0.00076829912956448,1.30160551913346e-05,0.999975781894142,1.12020506664407e-05,1.12020506663971e-05,1.81400452489397e-06,0.999999962786951
0.000793519359133813,1.26023601557088e-05,0.999976551550239,1.084608960516e-05,1.08460896051679e-05,1.75627055054874e-06,0.999999962786839
0.00081956746934892,1.22018140483707e-05,0.999977296743786,1.05014421660116e-05,1.05014421659696e-05,1.70037188235913e-06,0.999999962786722
0.000846470636265502,1.18139989250724e-05,0.999978018252317,1.01677487582012e-05,1.0167748758236e-05,1.64625016687115e-06,0.999999962786601
0.000874256928021966,1.14385101271807e-05,0.999978716828652,9.8446612205089e-06,9.84466122046065e-06,1.5938489066718e-06,0.999999962786476
0.000902955334122976,1.10749558592871e-05,0.999979393201683,9.5318424579759e-06,9.5318424579926e-06,1.54311340131124e-06,0.999999962786346
0.000932595795684277,1.07229567802501e-05,0.99998004807713,9.22896609014206e-06,9.22896609015917e-06,1.49399069010803e-06,0.999999962786213
0.000963209236670323,1.03821456072432e-05,0.999980682138282,8.93571611046588e-06,8.93571611047266e-06,1.44642949677734e-06,0.999999962786074
0.000994827596157334,1.00521667323958e-05,0.999981296046711,8.65178655657189e-06,8.65178655656079e-06,1.40038017582389e-06,0.99999996278593
0.00102748386165541,9.73267585162433e-06,0.999981890442957,8.37688119098111e-06,8.3768811909983e-06,1.35579466064322e-06,0.999999962785782
0.00106121210352446,9.42333960526766e-06,0.999982465947203,8.11071319199105e-06,8.11071319198463e-06,1.3126264132766e-06,0.999999962785628
0.00109604751051993,9.12383523014981e-06,0.999983023159915,7.85300485438279e-06,7.85300485435403e-06,1.27083037576702e-06,0.999999962785469
0.00113202642650527,8.83385022270704e-06,0.999983562662478,7.60348729964228e-06,7.60348729961664e-06,1.23036292306476e-06,0.999999962785305
