1e-07,0.122385427915661,0.785551226751019,0.09206334533332,0.0920633453333199,0.0303220825823411,0.999999961709073
1.03282605511167e-07,0.117623133153997,0.793415781403606,0.0889610854423972,0.0889610854423973,0.0286620477115997,0.999999961734683
1.06672966011754e-07,0.113078464345018,0.800957198566312,0.0859643370886699,0.0859643370886699,0.0271141272563486,0.999999961761201
1.10174618672982e-07,0.108739448090944,0.808190395979117,0.0830701559299393,0.0830701559299393,0.0256692921610049,0.999999961788326
1.13791216777448e-07,0.104594821763868,0.81512968126765,0.0802754969684825,0.0802754969684825,0.0243193247953852,0.999999961815809
1.17526533530609e-07,0.100634010493203,0.821788725588686,0.0775772639181116,0.0775772639181116,0.0230567465750912,0.999999961843449
1.21384465997369e-07,0.096847097035666,0.828180555807264,0.0749723471570702,0.0749723471570702,0.0218747498785958,0.99999996187108
1.25369039167899e-07,0.0932247875902255,0.834317559730381,0.0724576526793933,0.0724576526793934,0.0207671349108322,0.999999961898568
1.29484410156922e-07,0.0897583757009822,0.840211500338598,0.0700301239604198,0.0700301239604199,0.0197282517405624,0.999999961925804
1.33734872540836e-07,0.0864397057230019,0.845873536023553,0.0676867582534447,0.0676867582534446,0.0187529474695572,0.999999961952701
1.38124860837214e-07,0.0832611368439497,0.851314244639284,0.0654246185167668,0.0654246185167668,0.0178365183271828,0.99999996197919
1.42658955131348e-07,0.0802155083086266,0.856543649773047,0.0632408419183264,0.0632408419183264,0.0169746663903002,0.999999962005216
1.47341885854664e-07,0.0772961062474215,0.861571248086874,0.0611326456657045,0.0611326456657046,0.016163460581717,0.999999962030735
1.52178538719987e-07,0.0744966323361434,0.866406036912098,0.0590973307517586,0.0590973307517585,0.0153993015843849,0.999999962055715
1.57173959818823e-07,0.0718111743937429,0.871056541524399,0.0571322840818582,0.0571322840818581,0.0146788903118847,0.999999962080132
1.62333360885955e-07,0.0692341789414446,0.875530841707958,0.0552349793505976,0.0552349793505976,0.013999199590847,0.999999962103967
1.67662124736861e-07,0.0667604256911342,0.879836597350442,0.0534029769584236,0.0534029769584237,0.0133574487327105,0.999999962127211
1.73165810883613e-07,0.0643850038946995,0.883981072907837,0.0516339231974638,0.0516339231974639,0.0127510806972356,0.999999962149856
1.78850161335136e-07,0.0621032904637462,0.887971160648765,0.049925548887489,0.049925548887489,0.0121777415762573,0.9999999621719
1.84721106587855e-07,0.0599109297566114,0.8918134026387,0.0482756676046889,0.0482756676046889,0.0116352621519225,0.999999962193343
1.90784771812997e-07,0.0578038149238969,0.895514011460458,0.046682173615645,0.046682173615645,0.0111216413082519,0.999999962214188
1.97047483246998e-07,0.0557780707027049,0.899078889692433,0.045143039604862,0.045143039604862,0.0106350310978429,0.999999962234441
2.03515774791681e-07,0.0538300375518367,0.902513648182996,0.0436563142651674,0.0436563142651674,0.0101737232866692,0.999999962254109
2.10196394831087e-07,0.0519562570243044,0.905823623170542,0.0422201198051533,0.0422201198051533,0.00973613721915115,0.999999962273202
2.17096313272088e-07,0.0501534582788353,0.909013892305349,0.0408326494158161,0.0408326494158161,0.00932080886301923,0.999999962291729
2.24222728816098e-07,0.0484185456380489,0.912089289632951,0.0394921647290001,0.0394921647290001,0.00892638090904884,0.9999999623097
2.31583076469505e-07,0.0467485871072904,0.915054419600056,0.0381969932926541,0.0381969932926541,0.00855159381463628,0.999999962327128
2.39185035300624e-07,0.0451408037744405,0.917913670143672,0.0369455260818874,0.0369455260818874,0.00819527769255311,0.999999962344025
2.47036536451289e-07,0.0435925600172148,0.920671224922766,0.035736215060019,0.0357362150600189,0.00785634495719587,0.999999962360403
2.55145771411436e-07,0.0421013544504068,0.923331074749572,0.0345675708000217,0.0345675708000217,0.00753378365038507,0.999999962376274
2.63521200565298e-07,0.0406648115511484,0.925897028275093,0.0334381601737588,0.0334381601737589,0.0072266513773896,0.999999962391653
2.72171562018149e-07,0.0392806739055228,0.928372721980438,0.0323466041140391,0.032346604114039,0.00693406979148375,0.999999962406551
2.81105880712787e-07,0.0379467950247491,0.930761629522598,0.0312915754526528,0.0312915754526528,0.00665521957209638,0.999999962420982
2.9033347784528e-07,0.0366611326836756,0.933067070480234,0.0302717968360909,0.0302717968360909,0.00638933584758461,0.999999962434958
2.99863980589793e-07,0.0354217427384628,0.935292218542025,0.0292860387195118,0.0292860387195119,0.00613570401895092,0.999999962448494
3.09707332142639e-07,0.0342267733841439,0.937440109177213,0.028333117438643,0.028333117438643,0.00589365594550084,0.9999999624616
3.19873802096042e-07,0.0330744598162198,0.939513646825144,0.0274118933586365,0.0274118933586365,0.00566256645758328,0.99999996247429
3.30373997152427e-07,0.0319631192636141,0.941515611637999,0.0265212690983872,0.0265212690983872,0.00544185016522695,0.999999962486577
3.41218872190416e-07,0.0308911463631995,0.943448665808345,0.0256601878284552,0.0256601878284552,0.00523095853474432,0.999999962498471
3.52419741694082e-07,0.0298570088487239,0.945315359510817,0.0248276316404595,0.0248276316404594,0.00502937720826438,0.999999962509986
3.63988291557374e-07,0.0288592435293525,0.947118136485019,0.0240226199856288,0.0240226199856287,0.00483662354372374,0.999999962521132
3.7593659127604e-07,0.0278964525352026,0.948859339284724,0.0232442081800738,0.0232442081800738,0.00465224435512878,0.999999962531921
3.88277106539761e-07,0.0269672998092118,0.95054121421651,0.0224914859742783,0.0224914859742783,0.00447581383493344,0.999999962542364
4.01022712237636e-07,0.0260705078264668,0.952165915989254,0.0217635761842794,0.0217635761842794,0.00430693164218744,0.999999962552472
4.14186705890581e-07,0.0252048545237349,0.953735512094254,0.0210596333820107,0.0210596333820108,0.0041452211417242,0.999999962562255
4.27782821524667e-07,0.0243691704234111,0.955251986934276,0.0203788426423129,0.0203788426423128,0.00399032778109825,0.999999962571723
4.41825243999864e-07,0.0235623359374293,0.956717245718411,0.0197204183441592,0.0197204183441592,0.00384191759327015,0.999999962580887
4.56328623809131e-07,0.0227832788378968,0.958133118138395,0.0190836030237087,0.0190836030237086,0.00369967581418817,0.999999962589756
4.71308092363324e-07,0.022030971882313,0.959501361840821,0.0184676662768656,0.0184676662768656,0.00356330560544748,0.999999962598339
4.86779277777819e-07,0.0213044305822367,0.960823665708659,0.0178719037091042,0.0178719037091042,0.0034325268731325,0.999999962606646
5.02758321177375e-07,0.0206027111051749,0.962101652964427,0.017295635930398,0.017295635930398,0.0033070751747769,0.999999962614685
5.19261893536195e-07,0.0199249083002988,0.963336884106524,0.0167382075931776,0.0167382075931776,0.00318670070712122,0.999999962622466
5.36307213070806e-07,0.0192701538393436,0.964530859689331,0.0161989864713255,0.0161989864713255,0.00307116736801809,0.999999962629995
5.53912063203856e-07,0.0186376144647431,0.965685022956951,0.0156773625783054,0.0156773625783054,0.00296025188643777,0.999999962637282
5.72094811117606e-07,0.0180264903376719,0.966800762339726,0.0151727473226018,0.0151727473226017,0.00285374301507012,0.999999962644334
5.90874426916454e-07,0.0174360134792461,0.967879413822017,0.014684572698737,0.014684572698737,0.00275144078050911,0.999999962651158
6.10270503418493e-07,0.0168654462986535,0.968922263189141,0.0142122905122054,0.0142122905122054,0.00265315578644807,0.999999962657763
6.30303276596736e-07,0.0163140802024639,0.969930548160786,0.0137553716367502,0.0137553716367501,0.00255870856571379,0.999999962664154
6.50993646691368e-07,0.0157812342798077,0.970905460417714,0.0133133053024788,0.0133133053024788,0.00246792897732887,0.99999996267034
6.72363200015008e-07,0.0152662540585098,0.971848147528099,0.0128855984133908,0.0128855984133909,0.002380655645119,0.999999962676327
6.94434231473761e-07,0.0147685103276356,0.972759714779407,0.0124717748929572,0.0124717748929572,0.00229673543467843,0.99999996268212
7.17229767827552e-07,0.0142873980222379,0.9736412269213,0.0120713750564619,0.0120713750564619,0.00221602296577594,0.999999962687727
7.40773591713991e-07,0.013822335166405,0.974493709824718,0.0116839550088775,0.0116839550088775,0.00213838015752754,0.999999962693153
7.65090266460866e-07,0.0133727618709924,0.975318152061899,0.0113090860671083,0.0113090860671083,0.00206367580388411,0.999999962698405
7.90205161713115e-07,0.0129381393826795,0.976115506411825,0.0109463542054954,0.0109463542054953,0.00199178517718411,0.999999962703487
8.16144479901037e-07,0.0125179491812327,0.976886691295239,0.010595359523528,0.0105953595235279,0.00192258965770468,0.999999962708406
8.42935283577358e-07,0.0121116921220764,0.977632592143159,0.0102557157347642,0.0102557157347642,0.00185597638731214,0.999999962713167
8.70605523651641e-07,0.0117188876214748,0.978354062702515,0.00992704967600972,0.00992704967600977,0.00179183794546505,0.999999962717774
8.99184068551557e-07,0.0113390728818141,0.979051926282334,0.00960900083585185,0.0096090008358519,0.00173007204596229,0.999999962722233
9.28700734341368e-07,0.0109718021546483,0.979726976943659,0.00930122090169262,0.00930122090169264,0.00167058125295567,0.999999962726549
9.59186315829108e-07,0.010616646039327,0.980379980636208,0.00900337332446454,0.00900337332446452,0.00161327271486249,0.999999962730726
9.90672618694879e-07,0.0102731908151748,0.98101167628457,0.00871513290025503,0.00871513290025499,0.00155805791491979,0.999999962734769
1.02319249267378e-06,0.00994103780532224,0.981622776826575,0.00843618536810305,0.00843618536810303,0.00150485243721919,0.999999962738681
1.05677986582814e-06,0.00961980277041718,0.982213970206316,0.00816622702326714,0.00816622702326708,0.00145357574715004,0.999999962742468
1.09146977994472e-06,0.0093091153305596,0.982785920324141,0.0079049643452993,0.00790496434529926,0.0014041509852603,0.999999962746134
1.12729842709391e-06,0.00900861841391006,0.983339267945799,0.00765211364029066,0.00765211364029065,0.0013565047736194,0.999999962749681
1.164303187389e-06,0.0087179677305218,0.983874631572792,0.00740740069668605,0.0074074006966861,0.00131056703383575,0.999999962753115
1.20252266798493e-06,0.00843683127003847,0.984392608275868,0.00717056045409352,0.00717056045409347,0.00126627081594496,0.999999962756439
1.24199674335724e-06,0.00816488882198468,0.984893774493473,0.00694133668454232,0.00694133668454228,0.00122355213744236,0.999999962759656
1.2827665969032e-06,0.00790183151745598,0.985378686796875,0.00671948168566886,0.0067194816856689,0.00118234983178711,0.999999962762769
1.32487476390855e-06,0.00764736139108892,0.985847882623576,0.00650475598533505,0.00650475598533505,0.00114260540575387,0.999999962765783
1.36836517592468e-06,0.00740119096225973,0.986301880980534,0.00629692805720636,0.00629692805720632,0.00110426290505338,0.9999999627687
1.41328320660248e-06,0.00716304283452433,0.986741183118636,0.00609577404683956,0.00609577404683955,0.00106726878768477,0.999999962771523
1.45967571903081e-06,0.00693264931237143,0.987166273179778,0.00590107750785056,0.00590107750785056,0.00103157180452087,0.999999962774256
1.50759111462889e-06,0.00670975203441601,0.987577618817831,0.00571262914775309,0.00571262914775309,0.000997122886662912,0.999999962776902
1.55707938364357e-06,0.00649410162221148,0.987975671794711,0.0055302265830774,0.00553022658307739,0.000963875039134086,0.999999962779462
1.6081921573043e-06,0.0062854573439074,0.988360868552696,0.00535367410339627,0.00535367410339626,0.000931783240511131,0.999999962781941
1.66098276169013e-06,0.00608358679202373,0.988733630764074,0.00518278244390248,0.00518278244390244,0.000900804348121251,0.99999996278434
1.71550627336491e-06,0.00588826557465508,0.989094365859147,0.00501736856619778,0.0050173685661978,0.000870897008457303,0.999999962786663
1.77181957683881e-06,0.00569927701945713,0.989443467533574,0.00485725544696904,0.00485725544696905,0.000842021572488085,0.99999996278891
1.82998142391606e-06,0.00551641188980363,0.989781316235955,0.00470227187424113,0.00470227187424115,0.000814140015562495,0.999999962791086
1.89005249499087e-06,0.00533946811253729,0.990108279636552,0.00455225225091042,0.00455225225091037,0.00078721586162687,0.999999962793193
1.95209546235539e-06,0.00516825051676912,0.990424713077955,0.00440703640527547,0.00440703640527545,0.000761214111493646,0.999999962795232
2.01617505558591e-06,0.00500257058321088,0.990730960008495,0.00426646940829389,0.00426646940829387,0.000736101174916984,0.999999962797205
2.08235812907536e-06,0.00484224620355361,0.99102735239914,0.00413040139730625,0.0041304013973063,0.000711844806247365,0.999999962799116
2.15071373178262e-06,0.00468710144943115,0.99131421114459,0.00399868740597902,0.00399868740597901,0.000688414043452128,0.999999962800965
2.22131317927155e-06,0.00453696635053224,0.991591846449238,0.00387118720022926,0.00387118720022928,0.000665779150302983,0.999999962802756
2.2942301281146e-06,0.00439167668144818,0.991860558198648,0.00374776511990367,0.00374776511990366,0.000643911561544511,0.999999962804489
2.36954065273895e-06,0.00425107375686438,0.992120636317141,0.00362828992599463,0.00362828992599464,0.000622783830869745,0.999999962806166
2.44732332479511e-06,0.00411500423472469,0.992372361112091,0.00351263465318455,0.00351263465318461,0.000602369581540135,0.99999996280779
2.52765929513092e-06,0.00398331992701677,0.992616003605464,0.0034006764675191,0.00340067646751913,0.000582643459497674,0.999999962809362
2.61063237845642e-06,0.00385587761784424,0.992851825853138,0.00329229652901763,0.00329229652901762,0.000563581088826616,0.999999962810884
2.69632914078795e-06,0.00373253888846893,0.993080081252493,0.00318737985903762,0.0031873798590376,0.000545159029431308,0.999999962812357
2.78483898976267e-06,0.00361316994902209,0.993301014838761,0.00308581521221704,0.00308581521221703,0.000527354736805047,0.999999962813783
2.87625426791775e-06,0.00349764147659868,0.993514863570575,0.00298749495282597,0.00298749495282593,0.000510146523772707,0.999999962815164
2.9706703490316e-06,0.00338582845946276,0.993721856605172,0.00289231493536558,0.00289231493536559,0.000493513524097179,0.9999999628165
3.06818573762752e-06,0.00327761004710576,0.993922215563635,0.00280017438925924,0.00280017438925921,0.000477435657846521,0.999999962817794
3.16890217174373e-06,0.00317286940591166,0.994116154786602,0.00271097580748667,0.0027109758074867,0.000461893598424989,0.999999962819046
3.27292472907689e-06,0.00307149358019501,0.994303881580787,0.00262462483901789,0.00262462483901791,0.000446868741177114,0.999999962820259
3.38036193660993e-06,0.00297337335838934,0.994485596456701,0.00254103018490987,0.0025410301849099,0.00043234317347947,0.999999962821433
3.49132588383849e-06,0.00287840314417351,0.994661493357893,0.00246010349793353,0.00246010349793349,0.000418299646239976,0.999999962822569
3.60593233971418e-06,0.00278648083233403,0.994831759882061,0.00238175928560468,0.00238175928560467,0.000404721546729354,0.999999962823669
3.7243008734266e-06,0.00269750768917072,0.994996577494332,0.00230591481649679,0.00230591481649682,0.000391592872673926,0.999999962824733
3.84655497915016e-06,0.00261138823726189,0.995156121733019,0.0022324900297188,0.00223249002971885,0.000378898207543093,0.999999962825764
3.97282220488582e-06,0.00252803014441398,0.995310562408141,0.00216140744744518,0.00216140744744516,0.000366622696968797,0.999999962826762
4.10323428553227e-06,0.0024473441166283,0.995460063792981,0.00209259209039034,0.00209259209039034,0.00035475202623796,0.999999962827728
4.23792728032526e-06,0.00236924379492543,0.995604784808951,0.0020259713961231,0.00202597139612315,0.000343272398802327,0.999999962828663
4.37704171478848e-06,0.00229364565587473,0.995744879204004,0.00196147514012137,0.00196147514012137,0.00033217051575336,0.999999962829568
4.52072272734421e-06,0.00222046891568359,0.995880495724846,0.00189903535947071,0.0018990353594707,0.000321433556212881,0.999999962830445
4.66912022073661e-06,0.00214963543770712,0.996011778283179,0.00183858627911417,0.00183858627911421,0.00031104915859295,0.999999962831293
4.82238901842554e-06,0.00208106964324553,0.99613886611619,0.00178006424056438,0.0017800642405644,0.000301005402681154,0.999999962832115
4.9806890261143e-06,0.00201469842550189,0.996261893941506,0.00172340763299194,0.00172340763299189,0.000291290792509947,0.99999996283291
5.14418539857963e-06,0.00195045106657887,0.996380992106813,0.00166855682660785,0.00166855682660783,0.000281894239971015,0.999999962833679
5.31304871197807e-06,0.00188825915739803,0.996496286734342,0.0016154541082602,0.00161545410826021,0.000272805049137834,0.999999962834425
5.48745514180847e-06,0.00182805652043041,0.996607899860401,0.00156404361916877,0.00156404361916882,0.000264012901261636,0.999999962835146
5.6675866467163e-06,0.00176977913513171,0.996715949570145,0.00151427129472379,0.00151427129472376,0.000255507840407914,0.999999962835844
5.85363115833159e-06,0.00171336506598021,0.996820550127742,0.00146608480627777,0.00146608480627773,0.000247280259702436,0.99999996283652
6.04578277733839e-06,0.00165875439301952,0.996921812102118,0.00141943350486213,0.00141943350486209,0.000239320888157392,0.999999962837175
6.2442419759805e-06,0.00160588914481257,0.997019842488425,0.00137426836676263,0.00137426836676264,0.000231620778049935,0.999999962837808
6.44921580721465e-06,0.00155471323371701,0.997114744825393,0.00133054194089016,0.00133054194089012,0.000224171292826854,0.999999962838421
6.66091812072936e-06,0.00150517239339611,0.997206619308718,0.00128820829788558,0.00128820829788554,0.000216964095510529,0.999999962839015
6.87956978605476e-06,0.00145721411848242,0.997295562900618,0.00124722298089976,0.00124722298089975,0.000209991137582663,0.999999962839589
7.10539892299639e-06,0.00141078760631526,0.997381669435693,0.00120754295799176,0.00120754295799179,0.000203244648323501,0.999999962840146
7.33864113963309e-06,0.00136584370067594,0.997465029723234,0.00116912657609049,0.00116912657609047,0.000196717124585454,0.999999962840684
7.57953977812749e-06,0.00132233483744799,0.997545731646085,0.00113193351646685,0.00113193351646684,0.000190401320981136,0.999999962841206
7.82834616860541e-06,0.00128021499213227,0.997623860256202,0.00109592475166541,0.00109592475166542,0.000184290240466859,0.99999996284171
8.0853198913693e-06,0.00123943962915002,0.997699497867004,0.00106106250384639,0.00106106250384636,0.000178377125303624,0.999999962842199
8.35072904771889e-06,0.00119996565286914,0.99777272414264,0.00102731020449058,0.00102731020449057,0.00017265544837856,0.999999962842672
8.62485053966196e-06,0.00116175136029199,0.997843616184287,0.000994632455421347,0.000994632455421376,0.000167118904870647,0.999999962843129
8.90797035880684e-06,0.00112475639534497,0.997912248613555,0.000962994991099606,0.000962994991099599,0.000161761404245364,0.999999962843572
9.20038388473819e-06,0.00108894170471286,0.997978693653138,0.000932364642149162,0.000932364642149177,0.0001565770625637,0.999999962844001
9.50239619318715e-06,0.00105426949516292,0.998043021204766,0.000902709300071256,0.000902709300071231,0.000151560195091667,0.999999962844416
9.81432237431766e-06,0.00102070319230583,0.998105298924586,0.000873997883108648,0.000873997883108617,0.000146705309197186,0.999999962844818
1.01364878614607e-05,0.000988207400742782,0.998165592296036,0.000846200303220953,0.000846200303220921,0.000142007097521828,0.999999962845207
1.04692287706399e-05,0.000956747865549759,0.998223964700316,0.000819287434134229,0.000819287434134195,0.00013746043141553,0.999999962845583
1.08128922512416e-05,0.000926291435052121,0.998280477484519,0.000793231080429133,0.000793231080429121,0.000133060354622988,0.999999962845948
1.11678368481974e-05,0.000896806024844139,0.998335190027523,0.000768003947633164,0.000768003947633171,0.000128802077210975,0.9999999628463
1.15344328760545e-05,0.000868260583010089,0.998388159803706,0.000743579613283746,0.000743579613283701,0.000124680969726343,0.999999962846642
1.19130628053258e-05,0.000840625056504971,0.998439442444565,0.000719932498929998,0.000719932498929967,0.000120692557574973,0.999999962846972
1.23041216615222e-05,0.000813870358654568,0.998489091798303,0.000697037843042164,0.00069703784304218,0.000116832515612404,0.999999962847292
1.27080174372841e-05,0.000787968337736032,0.998537159987465,0.000674871674798742,0.000674871674798795,0.00011309666293729,0.999999962847601
1.31251715180404e-05,0.000762891746601635,0.998583697464676,0.000653410788722351,0.000653410788722353,0.000109480957879284,0.999999962847901
1.35560191216418e-05,0.000738614213309708,0.998628753066554,0.000632632720136402,0.000632632720136439,0.000105981493173306,0.99999996284819
1.40010097524237e-05,0.000715110212728093,0.998672374065856,0.000612515721415533,0.000612515721415502,0.000102594491312559,0.999999962848471
1.44606076701759e-05,0.000692355039076753,0.99871460622192,0.000593038739003755,0.000593038739003704,9.93163000729974e-05,0.999999962848742
1.49352923745053e-05,0.00067032477937731,0.998755493829448,0.000574181391175048,0.000574181391175074,9.61433882022616e-05,0.999999962849005
1.54255591050998e-05,0.000648996287778586,0.998795079765709,0.00055592394651211,0.000555923946512166,9.30723412664757e-05,0.999999962849259
1.59319193584122e-05,0.000628347160728218,0.998833405536192,0.000538247303079683,0.000538247303079628,9.00998576485353e-05,0.999999962849505
1.64549014213061e-05,0.000608355712961572,0.998870511318769,0.000521132968269727,0.000521132968269734,8.72227446918448e-05,0.999999962849742
1.6995050922219e-05,0.000589000954280195,0.998906436006423,0.000504563039296474,0.000504563039296435,8.44379149837204e-05,0.999999962849973
1.75529314004175e-05,0.00057026256709304,0.998941217248587,0.000488520184320108,0.000488520184320095,8.17423827729311e-05,0.999999962850195
1.8129124893939e-05,0.000552120884694655,0.998974891491127,0.000472987624178555,0.000472987624178507,7.91332605161009e-05,0.99999996285041
1.87242325468339e-05,0.000534556870255461,0.999007494015037,0.000457949114707537,0.000457949114707571,7.66077555479242e-05,0.999999962850619
1.933887523634e-05,0.000517552096500086,0.99903905897387,0.00044338892962972,0.000443388929629672,7.41631668703662e-05,0.99999996285082
1.99736942206459e-05,0.000501088726050639,0.999069619429955,0.000429291843994401,0.000429291843994381,7.17968820562378e-05,0.999999962851015
2.06293518079165e-05,0.000485149492412564,0.999099207389438,0.00041564311814984,0.000415643118149853,6.95063742627238e-05,0.999999962851204
2.13065320472813e-05,0.000469717681581539,0.999127853836188,0.000402428482230895,0.000402428482230943,6.72891993506436e-05,0.999999962851386
2.20059414425039e-05,0.000454777114250598,0.999155588764604,0.000389634121145204,0.000389634121145205,6.51429931053944e-05,0.999999962851562
2.27283096890798e-05,0.000440312128597457,0.999182441211361,0.000377246660041748,0.000377246660041749,6.30654685557091e-05,0.999999962851733
2.34743904355287e-05,0.000426307563632633,0.999208439286121,0.000365253150246115,0.000365253150246126,6.10544133865178e-05,0.999999962851898
2.42449620696783e-05,0.000412748743089697,0.999233610201263,0.000353641055647338,0.000353641055647302,5.91076874423591e-05,0.999999962852057
2.50408285307579e-05,0.000399621459839602,0.999257980300639,0.000342398239521663,0.000342398239521672,5.72232203179394e-05,0.999999962852211
2.58628201481505e-05,0.000386911960811669,0.999281575087409,0.000331512951779094,0.000331512951779107,5.53990090325757e-05,0.99999996285236
2.67117945076771e-05,0.000374606932404429,0.999304419250977,0.000320973816619033,0.000320973816618999,5.36331157853958e-05,0.999999962852504
2.75886373463177e-05,0.000362693486370068,0.999326536693048,0.000310769820581772,0.00031076982058177,5.19236657882955e-05,0.999999962852643
2.8494263476304e-05,0.000351159146156804,0.99934795055286,0.000300890300983027,0.000300890300983009,5.02688451737778e-05,0.999999962852777
2.94296177395436e-05,0.000339991833694067,0.999368683231587,0.000291324934719153,0.000291324934719147,4.86668989749149e-05,0.999999962852907
3.03956759933773e-05,0.000329179856605832,0.999388756415963,0.000282063727431047,0.000282063727431026,4.71161291747851e-05,0.999999962853033
3.13934461286925e-05,0.000318711895838015,0.999408191101147,0.000273097003015171,0.000273097003015226,4.5614892822844e-05,0.999999962853154
3.24239691214583e-05,0.000308576993686267,0.999427007612843,0.000264415393470475,0.000264415393470423,4.41616002157917e-05,0.99999996285327
3.34883201187784e-05,0.000298764542211004,0.999445225628719,0.00025600982907041,0.000256009829070371,4.27547131405938e-05,0.999999962853383
3.45876095605948e-05,0.000289264272026929,0.999462864199124,0.000247871528849521,0.000247871528849514,4.13927431774074e-05,0.999999962853492
3.57229843382119e-05,0.000280066241454758,0.999479941767151,0.000239991991394506,0.000239991991394527,4.00742500602522e-05,0.999999962853597
3.68956289908515e-05,0.00027116082602327,0.999496476188047,0.000232362985929918,0.000232362985929907,3.87978400933517e-05,0.999999962853699
3.8106766941485e-05,0.000262538708310178,0.999512484748001,0.000224976543689028,0.000224976543689015,3.75621646211498e-05,0.999999962853797
3.93576617732339e-05,0.000254190868110756,0.999527984182329,0.000217824949560668,0.000217824949560667,3.63659185500877e-05,0.999999962853891
4.06496185476687e-05,0.000246108572923481,0.999542990693073,0.000210900734003183,0.000210900734003234,3.52078389202973e-05,0.999999962853982
4.19839851663829e-05,0.000238283368742323,0.999557519966041,0.000204196665216883,0.000204196665216868,3.40867035254399e-05,0.99999996285407
4.33621537772622e-05,0.000230707071145695,0.999571587187288,0.000197705741566706,0.000197705741566747,3.30013295789893e-05,0.999999962854154
4.47855622269155e-05,0.000223371756672351,0.999585207059081,0.000191421184247034,0.000191421184247044,3.19505724253169e-05,0.999999962854235
4.62556955607834e-05,0.000216269754474901,0.999598393815344,0.000185336430180894,0.000185336430180888,3.09333242940072e-05,0.999999962854314
4.77740875724904e-05,0.00020939363824189,0.999611161236612,0.000179445125146006,0.00017944512514602,2.99485130958841e-05,0.999999962854389
4.93423224040549e-05,0.000202736218379694,0.9996235226645,0.000173741117120403,0.000173741117120364,2.89951012592908e-05,0.999999962854461
5.09620361986283e-05,0.000196290534445789,0.999635491015714,0.000168218449840571,0.000168218449840626,2.80720846052183e-05,0.999999962854531
5.26349188074876e-05,0.000190049847825223,0.999647078795609,0.000162871356565293,0.000162871356565343,2.71784912599305e-05,0.999999962854598
5.43627155530606e-05,0.000184007634642383,0.999658298111319,0.000157694254038598,0.000157694254038607,2.63133806037855e-05,0.999999962854662
5.61472290498255e-05,0.000178157578900427,0.999669160684454,0.000152681736645429,0.000152681736645467,2.54758422549979e-05,0.999999962854724
5.79903210849829e-05,0.000172493565840993,0.999679677863405,0.000147828570753856,0.000147828570753837,2.46649950871377e-05,0.999999962854783
5.98939145608622e-05,0.000167009675517047,0.999689860635245,0.000143129689237845,0.000143129689237833,2.38799862792013e-05,0.99999996285484
6.18599955010908e-05,0.000161700176571952,0.999699719637253,0.000138580186174817,0.000138580186174811,2.31199903971355e-05,0.999999962854894
6.38906151226174e-05,0.000156559520218108,0.99970926516807,0.000134175311712371,0.00013417531171232,2.23842085057364e-05,0.999999962854946
6.59878919757511e-05,0.000151582334408669,0.999718507198493,0.000129910467098787,0.000129910467098797,2.1671867309882e-05,0.999999962854996
6.81540141544502e-05,0.000146763418196127,0.999727455381932,0.000125781199872029,0.000125781199872011,2.09822183240978e-05,0.999999962855043
7.03912415791659e-05,0.000142097736271697,0.999736119064526,0.000121783199202208,0.000121783199202218,2.03145370694889e-05,0.999999962855088
7.27019083546226e-05,0.000137580413679675,0.999744507294938,0.000117912291382566,0.000117912291382524,1.96681222971087e-05,0.999999962855131
7.50884252049954e-05,0.000133206730701119,0.999752628833835,0.000114164435464253,0.000114164435464237,1.90422952368655e-05,0.999999962855172
7.75532819890234e-05,0.00012897211790138,0.999760492163068,0.000110535719030277,0.000110535719030227,1.84363988711025e-05,0.999999962855211
8.00990502976862e-05,0.000124872151336205,0.99976810549456,0.000107022354104189,0.000107022354104161,1.78497972320165e-05,0.999999962855248
8.27283861371507e-05,0.000120902547911299,0.9997754767789,0.000103620673189188,0.000103620673189149,1.72818747221103e-05,0.999999962855283
8.54440326997885e-05,0.000117059160890388,0.999782613713676,0.000100327125433485,0.000100327125433452,1.67320354569029e-05,0.999999962855316
8.82488232261553e-05,0.000113337975547025,0.999789523751535,9.71382729178762e-05,9.71382729179056e-05,1.61997026291485e-05,0.999999962855347
9.11456839609173e-05,0.000109735104955476,0.999796214107983,9.40507870616339e-05,9.40507870616074e-05,1.56843178938419e-05,0.999999962855376
9.41376372058094e-05,0.00010624678591624,0.999802691768941,9.10614451429265e-05,9.10614451428838e-05,1.51853407733132e-05,0.999999962855403
9.722780447281e-05,0.000102869375011851,0.999808963498058,8.81671269301112e-05,8.81671269301147e-05,1.47022480817398e-05,0.999999962855429
0.000100419409740822,9.9599344788783e-05,0.999815035843791,8.53648114203575e-05,8.53648114203834e-05,1.42345333684255e-05,0.999999962855453
0.000103715782819255,9.6433280061396e-05,0.999820915146256,8.26515736821745e-05,8.26515736821203e-05,1.37817063792215e-05,0.999999962855475
0.00010712036282203,9.33678743340062e-05,0.999826607543867,8.00245817985219e-05,8.00245817985644e-05,1.33432925354842e-05,0.999999962855495
0.000110636701755609,9.03999263372826e-05,0.999832118979755,7.7481093907297e-05,7.74810939072821e-05,1.29188324299856e-05,0.999999962855514
0.000114268468224812,8.75263366752989e-05,0.999837455207989,7.50184553360854e-05,7.50184553360887e-05,1.25078813392135e-05,0.99999996285553
0.000118019451260286,8.47441045796876e-05,0.999842621799592,7.26340958281694e-05,7.26340958281552e-05,1.21100087515182e-05,0.999999962855545
0.000121893564271606,8.20503247674582e-05,0.999847624148376,7.03255268568801e-05,7.03255268568508e-05,1.17247979105781e-05,0.999999962855559
0.000125894849130144,7.94421843991551e-05,0.999852467476575,6.80903390254755e-05,6.80903390254322e-05,1.13518453736796e-05,0.999999962855571
0.000130027480385966,7.69169601341339e-05,0.999857156840316,6.5926199549814e-05,6.59261995498025e-05,1.09907605843199e-05,0.999999962855581
0.000134295769623147,7.44720152798447e-05,0.999861697134899,6.38308498211843e-05,6.38308498212363e-05,1.06411654586603e-05,0.999999962855589
0.000138704169958061,7.21047970321058e-05,0.999866093099921,6.18021030467329e-05,6.18021030467559e-05,1.0302693985373e-05,0.999999962855596
0.000143257280685323,6.98128338034541e-05,0.999870349324232,5.98378419650149e-05,5.98378419649683e-05,9.97499183843913e-06,0.999999962855602
0.000147959852076248,6.75937326367476e-05,0.999874470250729,5.79360166342735e-05,5.79360166342996e-05,9.65771600247414e-06,0.999999962855605
0.000152816790334818,6.54451767012922e-05,0.999878460181008,5.60946422911267e-05,5.60946422911411e-05,9.35053441016544e-06,0.999999962855607
0.000157833162716338,6.33649228688462e-05,0.999882323279854,5.43117972774191e-05,5.43117972774408e-05,9.05312559142712e-06,0.999999962855608
0.000163014202814114,6.13507993669481e-05,0.9998860635796,5.25856210330624e-05,5.25856210330812e-05,8.76517833388571e-06,0.999999962855607
0.000168365316019676,5.94007035070912e-05,0.99988968498434,5.0914312152765e-05,5.09143121527431e-05,8.48639135432623e-06,0.999999962855604
0.000173892085162232,5.75125994853499e-05,0.99989319127401,4.92961265046105e-05,4.92961265046543e-05,8.21647298073935e-06,0.9999999628556
0.000179600276333251,5.56845162531389e-05,0.999896586108338,4.77293754085162e-05,4.77293754085467e-05,7.9551408446227e-06,0.999999962855594
0.000185495844902237,5.39145454558635e-05,0.999899873030672,4.62124238726622e-05,4.6212423872621e-05,7.70212158320132e-06,0.999999962855586
0.000191584941729985,5.22008394372872e-05,0.999903055471677,4.47436888860442e-05,4.474368888603e-05,7.45715055124303e-06,0.999999962855577
0.00019787391958578,5.05416093075182e-05,0.999906136752927,4.33216377653624e-05,4.33216377653158e-05,7.21997154215582e-06,0.999999962855566
0.000204369339775265,4.89351230725772e-05,0.999909120090373,4.1944786554513e-05,4.19447865545068e-05,6.9903365180642e-06,0.999999962855554
0.000211077978985864,4.73797038235821e-05,0.999912008597701,4.06116984750097e-05,4.06116984749552e-05,6.76800534857243e-06,0.99999996285554
0.000218006836356915,4.58737279836408e-05,0.999914805289591,3.93209824257095e-05,3.93209824257123e-05,6.55274555793138e-06,0.999999962855524
0.000225163140781888,4.44156236106109e-05,0.999917513084859,3.80712915302751e-05,3.80712915302893e-05,6.34433208033578e-06,0.999999962855506
0.000232554358450312,4.30038687539391e-05,0.999920134809515,3.68613217308516e-05,3.68613217308122e-05,6.14254702308752e-06,0.999999962855487
0.000240188200637262,4.16369898638554e-05,0.99992267319971,3.56898104264859e-05,3.56898104265228e-05,5.94717943736946e-06,0.999999962855466
0.000248072631748554,4.0313560251247e-05,0.999925130904594,3.45555351548645e-05,3.45555351548578e-05,5.75802509638252e-06,0.999999962855444
0.00025621587763003,3.90321985965974e-05,0.999927510489087,3.345731231599e-05,3.3457312315946e-05,5.57488628060743e-06,0.999999962855419
0.000264626434149599,3.77915675064198e-05,0.999929814436557,3.239399593646e-05,3.23939959364286e-05,5.39757156995973e-06,0.999999962855393
0.000273313076060999,3.65903721156719e-05,0.999932045151411,3.13644764730569e-05,3.13644764730086e-05,5.22589564261501e-06,0.999999962855365
0.000282284866158518,3.54273587346839e-05,0.999934204961611,3.03676796543957e-05,3.0367679654421e-05,5.05967908028818e-06,0.999999962855335
0.000291551164732229,3.43013135391775e-05,0.999936296121101,2.94025653594196e-05,2.94025653594691e-05,4.8987481797579e-06,0.999999962855303
0.000301121639333601,3.32110613020027e-05,0.999938320812166,2.84681265315686e-05,2.8468126531616e-05,4.74293477043414e-06,0.999999962855269
0.000311006274861684,3.21554641652598e-05,0.999940281147707,2.75633881274862e-05,2.7563388127463e-05,4.59207603777362e-06,0.999999962855234
0.000321215383980369,3.11334204515201e-05,0.999942179173449,2.66874060991662e-05,2.66874060991829e-05,4.44601435235392e-06,0.999999962855196
0.000331759617877626,3.01438635128958e-05,0.999944016870079,2.5839266408472e-05,2.58392664084928e-05,4.30459710442377e-06,0.999999962855156
0.000342649977377904,2.91857606167541e-05,0.99994579615531,2.50180840730016e-05,2.50180840730389e-05,4.16767654375251e-06,0.999999962855114
0.000353897824419325,2.82581118669053e-05,0.999947518885891,2.42230022422973e-05,2.42230022422544e-05,4.03510962460795e-06,0.999999962855071
0.000365514893907615,2.73599491591344e-05,0.999949186859537,2.34531913034373e-05,2.34531913034901e-05,3.90675785569708e-06,0.999999962855024
0.000377513305959163,2.64903351699814e-05,0.999950801816815,2.27078480150717e-05,2.27078480150694e-05,3.78248715490974e-06,0.999999962854976
0.000389905578545969,2.56483623777096e-05,0.999952365442953,2.19861946689992e-05,2.19861946689955e-05,3.66216770871042e-06,0.999999962854926
0.000402704640555667,2.48331521144363e-05,0.999953879369607,2.12874782784077e-05,2.1287478278451e-05,3.54567383602859e-06,0.999999962854873
0.000415923845280274,2.40438536484327e-05,0.99995534517656,2.061096979193e-05,2.06109697919716e-05,3.43288385650266e-06,0.999999962854818
0.000429576984347703,2.32796432956305e-05,0.999956764393372,1.99559633326931e-05,1.9955963332703e-05,3.32367996293743e-06,0.99999996285476
0.000443678302110607,2.25397235594063e-05,0.999958138500979,1.93217754615667e-05,1.93217754615613e-05,3.21794809783962e-06,0.9999999628547
0.000458242510507543,2.18233222977405e-05,0.999959468933238,1.87077444638403e-05,1.8707744463866e-05,3.11557783390019e-06,0.999999962854637
0.000473284804411975,2.11296919168797e-05,0.999960757078425,1.8113229658583e-05,1.81132296585422e-05,3.01646225829672e-06,0.999999962854572
0.00048882087748512,2.04581085906583e-05,0.999962004280679,1.75376107299653e-05,1.75376107299577e-05,2.92049786069298e-06,0.999999962854504
0.000504866938549183,1.98078715046609e-05,0.999963211841415,1.69802870798439e-05,1.69802870798833e-05,2.82758442481699e-06,0.999999962854433
0.00052143972849806,1.91783021244351e-05,0.999964381020675,1.64406772009324e-05,1.6440677200923e-05,2.7376249235027e-06,0.99999996285436
0.000538556537763153,1.85687434869881e-05,0.999965513038443,1.59182180699041e-05,1.59182180699573e-05,2.65052541708401e-06,0.999999962854283
0.000556235224352518,1.79785595148254e-05,0.999966609075925,1.54123645597919e-05,1.54123645597912e-05,2.56619495503357e-06,0.999999962854204
0.000574494232482167,1.74071343518141e-05,0.999967670276777,1.49225888710717e-05,1.4922588871054e-05,2.48454548074236e-06,0.999999962854121
0.000593352611818965,1.6853871720175e-05,0.999968697748299,1.44483799808358e-05,1.44483799808292e-05,2.40549173933921e-06,0.999999962854036
0.000612830037355189,1.63181942979318e-05,0.999969692562593,1.3989243109479e-05,1.39892431094635e-05,2.3289511884528e-06,0.999999962853947
0.0006329468299355,1.57995431161647e-05,0.99997065575768,1.35446992043428e-05,1.3544699204319e-05,2.25484391182188e-06,0.999999962853855
0.000653723977457721,1.52973769754384e-05,0.999971588338585,1.3114284439776e-05,1.31142844397679e-05,2.18309253566244e-06,0.999999962853759
0.00067518315676957,1.48111718807945e-05,0.999972491278386,1.26975497330911e-05,1.26975497330392e-05,2.11362214770337e-06,0.99999996285366
0.000697346756284161,1.43404204947157e-05,0.999973365519229,1.22940602759103e-05,1.22940602759552e-05,2.04636021880537e-06,0.999999962853557
0.000720237899337892,1.3884631607492e-05,0.999974211973312,1.19033950804119e-05,1.19033950804642e-05,1.98123652708014e-06,0.999999962853451
0.000743880468315072,1.34433296244325e-05,0.999975031523836,1.15251465400025e-05,1.15251465399673e-05,1.91818308443005e-06,0.99999996285334
0.00076829912956448,1.3016054069388e-05,0.999975825025927,1.11589200039574e-05,1.11589200039775e-05,1.85713406543057e-06,0.999999962853226
0.000793519359133813,1.26023591040649e-05,0.99997659330753,1.08043333655842e-05,1.08043333656313e-05,1.79802573848076e-06,0.999999962853108
0.00081956746934892,1.2201813062628e-05,0.999977337170274,1.0461016663479e-05,1.04610166634443e-05,1.74079639914898e-06,0.999999962852985
0.000846470636265502,1.18139980011044e-05,0.999978057390303,1.01286116954606e-05,1.01286116954636e-05,1.68538630564387e-06,0.999999962852858
0.000874256928021966,1.14385092611195e-05,0.999978754719094,9.80677164477711e-06,9.80677164473768e-06,1.63173761634241e-06,0.999999962852727
0.000902955334122976,1.10749550475068e-05,0.999979429884234,9.49516071819734e-06,9.49516071822107e-06,1.57979432930946e-06,0.999999962852591
0.000932595795684277,1.07229560193516e-05,0.999980083590185,9.1934537956066e-06,9.19345379556134e-06,1.52950222374499e-06,0.99999996285245
0.000963209236670323,1.03821448940403e-05,0.999980716519015,8.90133609074283e-06,8.90133609074827e-06,1.48080880329751e-06,0.999999962852304
0.000994827596157334,1.00521660639017e-05,0.999981329331113,8.61850282271782e-06,8.61850282270947e-06,1.43366324118389e-06,0.999999962852154
0.00102748386165541,9.73267522503919e-06,0.999981922665877,8.34465889798112e-06,8.34465889802859e-06,1.38801632705807e-06,0.999999962851998
0.00106121210352446,9.42333901796685e-06,0.99998249714238,8.07951860239419e-06,8.07951860239933e-06,1.34382041557266e-06,0.999999962851836
0.00109604751051993,9.12383467967302e-06,0.999983053360017,7.82280530309367e-06,7.82280530307813e-06,1.30102937657934e-06,0.99999996285167
0.00113202642650527,8.83384970674794e-06,0.999983591899133,7.57425115983215e-06,7.5742511598127e-06,1.25959854691579e-06,0.999999962851497
