1e-07,0.118948871769288,0.800435712405499,0.161230831650426,0.0383334559440749,0.999999964069733
1.03282605511167e-07,0.114477593893975,0.807543577396869,0.155957657418313,0.036498765184818,0.999999964070732
1.06672966011754e-07,0.110196964378878,0.814377192248139,0.150851686745966,0.0347711210058947,0.999999964073634
1.10174618672982e-07,0.106097700113336,0.820947699009339,0.14590920175465,0.0331430992360113,0.99999996407813
1.13791216777448e-07,0.10217095726758,0.827265922896377,0.141126239672085,0.0316078374315378,0.999999964083954
1.17526533530609e-07,0.0984083312073366,0.83334233447284,0.136498668639647,0.0301589968875129,0.999999964090878
1.21384465997369e-07,0.0948018493576785,0.839187026176068,0.132022248932506,0.0287907248914253,0.999999964098707
1.25369039167899e-07,0.091343959183545,0.844809699720793,0.127692682191324,0.0274976180878833,0.999999964107274
1.29484410156922e-07,0.0880275129160554,0.850219661672055,0.123505650823778,0.0262746875041662,0.999999964116435
1.33734872540836e-07,0.0848457502392517,0.855425825080748,0.119456849360001,0.0251173255592514,0.999999964126068
1.38124860837214e-07,0.0817922798345295,0.860436715549626,0.115542009231689,0.0240212752186849,0.999999964136065
1.42658955131348e-07,0.0788610604382122,0.865260480470313,0.111756918182949,0.0229826013467377,0.999999964146338
1.47341885854664e-07,0.076046381884338,0.869904900463599,0.108097435304125,0.0219976642322753,0.999999964156808
1.52178538719987e-07,0.0733428464663006,0.874377402283074,0.10455950250125,0.0210630952156754,0.999999964167408
1.57173959818823e-07,0.0707453508470097,0.878685072619578,0.101139153066824,0.0201757743135977,0.999999964178083
1.62333360885955e-07,0.0682490686695778,0.882834672381837,0.0978325178971706,0.0193328097209925,0.999999964188783
1.67662124736861e-07,0.0658494339629362,0.886832651135633,0.094635829802861,0.0185315190615057,0.999999964199467
1.73165810883613e-07,0.0635421253944025,0.890685161466669,0.0915454262778568,0.0177694122554741,0.9999999642101
1.78850161335136e-07,0.0613230513903815,0.894398073096196,0.0885577510268448,0.0170441758769591,0.999999964220652
1.84721106587855e-07,0.0591883361242558,0.897976986627724,0.0856693544960407,0.0163536588762355,0.999999964231098
1.90784771812997e-07,0.0571343063549497,0.901427246840865,0.0828768936083705,0.0156958595507645,0.999999964241417
1.97047483246998e-07,0.0551574790889944,0.904753955477222,0.0801771308675665,0.0150689136552112,0.99999996425159
2.03515774791681e-07,0.0532545500319348,0.907961983485109,0.0775669329659122,0.0144710835489787,0.999999964261605
2.10196394831087e-07,0.0514223827906321,0.911055982706418,0.0750432690059003,0.013900748287682,0.999999964271448
2.17096313272088e-07,0.0496579987857371,0.914040397001268,0.0726032084259898,0.0133563945727422,0.99999996428111
2.24222728816098e-07,0.0479585678327671,0.91691947281516,0.0702439187041449,0.0128366084806947,0.999999964290584
2.31583076469505e-07,0.0463213993504146,0.919697269199951,0.0679626628992697,0.0123400679007798,0.999999964299863
2.39185035300624e-07,0.0447439341556393,0.922377667304614,0.0657567970794926,0.011865535615893,0.999999964308943
2.47036536451289e-07,0.0432237368065098,0.924964379354958,0.0636237676770647,0.0114118529679774,0.999999964317821
2.55145771411436e-07,0.0417584884554904,0.927460957143476,0.061561108802067,0.0109779340544569,0.999999964326495
2.63521200565298e-07,0.0403459801778015,0.929870800051752,0.0595664395408934,0.0105627604073548,0.999999964334963
2.72171562018149e-07,0.0389841067414976,0.932197162628336,0.0576374612603335,0.0101653761113309,0.999999964343225
2.81105880712787e-07,0.0376708607879659,0.934443161745106,0.0557719549338567,0.00978488332103756,0.999999964351283
2.9033347784528e-07,0.0364043273935776,0.936611783354819,0.0539677785032071,0.00942043814197406,0.999999964359136
2.99863980589793e-07,0.0351826789852088,0.938705888872013,0.0522228642855564,0.00907124684243055,0.999999964366787
3.09707332142639e-07,0.0340041705842485,0.940728221198702,0.0505352164340997,0.00873656236719864,0.999999964374238
3.19873802096042e-07,0.0328671353555296,0.942681410415449,0.0489029084580427,0.00841568112650821,0.99999996438149
3.30373997152427e-07,0.0317699804393324,0.944567979157497,0.0473240808063405,0.00810794003616218,0.999999964388547
3.41218872190416e-07,0.0307111830462259,0.946390347694651,0.0457969385182459,0.00781271378710298,0.999999964395411
3.52419741694082e-07,0.0296892867960167,0.94815083873265,0.0443197489426667,0.00752941232468339,0.999999964402087
3.63988291557374e-07,0.0287028982834887,0.949851681952779,0.0428908395274645,0.00725747851975651,0.999999964408576
3.7593659127604e-07,0.0277506838549208,0.951495018305513,0.0415085956791329,0.00699638601535436,0.999999964414883
3.88277106539761e-07,0.0268313665805826,0.953082904073055,0.0401714586927258,0.00674563723421973,0.999999964421012
4.01022712237636e-07,0.0259437234095354,0.954617314714735,0.0388779237514598,0.00650476153380554,0.999999964426966
4.14186705890581e-07,0.0250865824940991,0.956100148508373,0.0376265379950564,0.00627331349657095,0.99999996443275
4.27782821524667e-07,0.0242588206723058,0.95753322999989,0.0364158986556085,0.00605087134450152,0.999999964438365
4.41825243999864e-07,0.0234593610975443,0.958918313272684,0.0352446512595433,0.00583703546777259,0.999999964443818
4.56328623809131e-07,0.0226871710054171,0.960257085047539,0.0341114878940876,0.00563142705837327,0.999999964449111
4.71308092363324e-07,0.0219412596085746,0.961551167623165,0.0330151455365211,0.00543368684031401,0.999999964454249
4.86779277777819e-07,0.0212206761109922,0.962802121666796,0.0319544044444241,0.00524347388878015,0.999999964459235
5.02758321177375e-07,0.0205245078337841,0.964011448863685,0.0309280866050625,0.00506046453125288,0.999999964464073
5.19261893536195e-07,0.0198518784452383,0.965180594433746,0.0299350542420316,0.00488435132422251,0.999999964468768
5.36307213070806e-07,0.0192019462882932,0.966310949523078,0.0289742083772579,0.00471484209966429,0.999999964473322
5.53912063203856e-07,0.0185739027991781,0.967403853477586,0.0280444874464718,0.00455165907594223,0.999999964477739
5.72094811117606e-07,0.0179669710113899,0.968460596005474,0.0271448659662725,0.00439453802825363,0.999999964482023
5.90874426916454e-07,0.017380404139606,0.969482419234926,0.0262743532509366,0.00424322751413769,0.999999964486179
6.10270503418493e-07,0.0168134842385179,0.970470519672905,0.0254319921771549,0.00409748814994047,0.999999964490208
6.30303276596736e-07,0.0162655209319296,0.971426050070609,0.0246168579949222,0.0039570919344685,0.999999964494116
6.50993646691368e-07,0.0157358502077917,0.972350121200784,0.0238280571828477,0.00382182161636784,0.999999964497904
6.72363200015008e-07,0.0152238332751509,0.973243803551747,0.0230647263462048,0.00369147010204855,0.999999964501577
6.94434231473761e-07,0.01472885547927,0.974108128942687,0.0223260311560854,0.00356583990122729,0.999999964505138
7.17229767827552e-07,0.0142503252714368,0.974944092064523,0.0216111653280794,0.00344474260739715,0.99999996450859
7.40773591713991e-07,0.0137876732302168,0.975752651950309,0.0209193496389489,0.00332799841074237,0.999999964511936
7.65090266460866e-07,0.0133403511311263,0.976534733378962,0.0202498309798236,0.00321543564121452,0.999999964515179
7.90205161713115e-07,0.0129078310619073,0.977291228215847,0.0196018814444917,0.00310689033966143,0.999999964518322
8.16144479901037e-07,0.0124896045807746,0.978022996693516,0.0189747974514188,0.00300220585506522,0.999999964521369
8.42935283577358e-07,0.0120851819151792,0.978730868635734,0.0183678988981729,0.00290123246609276,0.999999964524321
8.70605523651641e-07,0.0116940911987946,0.979415644627711,0.0177805283469885,0.00280382702530032,0.999999964527182
8.99184068551557e-07,0.0113158777445829,0.980078097135292,0.0172120502402494,0.00270985262445825,0.999999964529955
9.28700734341368e-07,0.0109501033519371,0.980718971575703,0.0166618501447192,0.00261917827957752,0.999999964532642
9.59186315829108e-07,0.0105963456460215,0.981338987342281,0.0161293340233954,0.00253167863432381,0.999999964535245
9.90672618694879e-07,0.0102541974475574,0.981938838785489,0.0156139275339065,0.00244723368060412,0.999999964537767
1.02319249267378e-06,0.00992326617140671,0.982519196152385,0.0151150753524163,0.00236572849519857,0.999999964540211
1.05677986582814e-06,0.00960317325241202,0.983080706486567,0.0146322405220424,0.0022870529913908,0.999999964542579
1.09146977994472e-06,0.00929355359704788,0.983623994490534,0.0141649038248354,0.00221110168463016,0.999999964544873
1.12729842709391e-06,0.00899405505952488,0.984149663352273,0.0137125631764041,0.00213777347132281,0.999999964547096
1.164303187389e-06,0.00870433794107374,0.984658295537771,0.0132747330423113,0.0020669714199181,0.999999964549249
1.20252266798493e-06,0.00842407451121113,0.985150453551089,0.0128509438753989,0.0019986025735117,0.999999964551335
1.24199674335724e-06,0.00815294854986316,0.985626680663518,0.0124407415732377,0.00193257776324431,0.999999964553355
1.2827665969032e-06,0.00789065490928752,0.986087501613248,0.0120436869549281,0.00186881143182348,0.999999964555313
1.32487476390855e-06,0.00763689909479945,0.986533423276944,0.0116593552565121,0.00180722146654339,0.999999964557209
1.36836517592468e-06,0.00739139686336334,0.986964935314493,0.0112873356442864,0.00174772904122015,0.999999964559046
1.41328320660248e-06,0.007153873839167,0.987382510788165,0.0109272307453352,0.00169025846649941,0.999999964560825
1.45967571903081e-06,0.00692406514534708,0.987786606757338,0.0105786561946308,0.00163473704803169,0.999999964562548
1.50759111462889e-06,0.00670171505108,0.988177664849882,0.0102412401980751,0.00158109495204245,0.999999964564218
1.55707938364357e-06,0.00648657663329828,0.988556111811261,0.00991462311088228,0.00152926507785714,0.999999964565834
1.6081921573043e-06,0.0062784114523333,0.988922360032304,0.00959845703072618,0.00147918293697021,0.999999964567401
1.66098276169013e-06,0.00607698924082516,0.989276808056625,0.0092924054051006,0.00143078653827486,0.999999964568917
1.71550627336491e-06,0.00588208760527419,0.989619841068545,0.00899614265236216,0.00138401627909311,0.999999964570386
1.77181957683881e-06,0.00569349173964715,0.989951831362379,0.00870935379594755,0.00133881484167338,0.999999964571809
1.82998142391606e-06,0.00551099415047818,0.990273138793883,0.00843173411127673,0.00129512709483981,0.999999964573187
1.89005249499087e-06,0.00533439439293733,0.990584111214625,0.0081629887848745,0.00125290000050009,0.999999964574522
1.95209546235539e-06,0.00516349881736924,0.990885084890001,0.00790283258526031,0.00121208252473909,0.999999964575815
2.01617505558591e-06,0.00499812032582505,0.991176384901587,0.00765098954517503,0.00117262555323753,0.999999964577066
2.08235812907536e-06,0.004838078138143,0.991458325534492,0.00740719265473025,0.00113448181077788,0.999999964578279
2.15071373178262e-06,0.00468319756715052,0.991731210650308,0.00717118356508229,0.00109760578460938,0.999999964579453
2.22131317927155e-06,0.00453330980258483,0.991995334046291,0.0069427123022485,0.00106195365146057,0.99999996458059
2.2942301281146e-06,0.00438825170335079,0.9922509798013,0.00672153699069897,0.0010274832080013,0.999999964581691
2.36954065273895e-06,0.00424786559775184,0.992498422609063,0.00650742358637062,0.000994153804566537,0.999999964582758
2.44732332479511e-06,0.00411199909134924,0.992737928099268,0.0063001456187649,0.000961926281966795,0.99999996458379
2.52765929513092e-06,0.00398050488212245,0.992969753146976,0.00609948394180333,0.000930762911220784,0.99999996458479
2.61063237845642e-06,0.00385324058261967,0.993194146170817,0.00590522649312749,0.000900627336055932,0.999999964585759
2.69632914078795e-06,0.00373006854880131,0.993411347420427,0.00571716806154266,0.000871484518029978,0.999999964586697
2.78483898976267e-06,0.0036108557152954,0.993621589253547,0.00553511006231555,0.000843300684137624,0.999999964587605
2.87625426791775e-06,0.00349547343679711,0.993825096403179,0.00535886032004765,0.000816043276773284,0.999999964588484
2.9706703490316e-06,0.00338379733535741,0.994022086235214,0.00518823285885643,0.000789680905929194,0.999999964589336
3.06818573762752e-06,0.00327570715331626,0.99421276899688,0.00502304769960695,0.000764183303512782,0.99999996459016
3.16890217174373e-06,0.00317108661165105,0.994397348056376,0.00486313066394584,0.000739521279678134,0.999999964590959
3.27292472907689e-06,0.00306982327351835,0.994576020134032,0.00470831318489928,0.000715666681068703,0.999999964591732
3.38036193660993e-06,0.00297180841277847,0.994748975525319,0.00455843212380541,0.00069259235087577,0.999999964592481
3.49132588383849e-06,0.00287693688730217,0.994916398316018,0.00441332959336017,0.000670272090622083,0.999999964593206
3.60593233971418e-06,0.00278510701686967,0.995078466589848,0.00427285278656399,0.000648680623587681,0.999999964593908
3.7243008734266e-06,0.00269622046547592,0.995235352628842,0.00413685381136438,0.000627793559793733,0.999999964594588
3.84655497915016e-06,0.0026101821278711,0.99538722310673,0.00400518953079736,0.000607587362472417,0.999999964595246
3.97282220488582e-06,0.0025269000201675,0.995534239275614,0.00387772140843762,0.00058803931594869,0.999999964595883
4.10323428553227e-06,0.00244628517435394,0.995676557146159,0.00375431535897458,0.000569127494866655,0.9999999645965
4.23792728032526e-06,0.00236825153656639,0.995814327661565,0.00363484160373794,0.000550830734697421,0.999999964597098
4.37704171478848e-06,0.00229271586896834,0.99594769686553,0.00351917453100315,0.000533128603466765,0.999999964597676
4.52072272734421e-06,0.00221959765510125,0.996076806064442,0.00340719256091275,0.000516001374644868,0.999999964598236
4.66912022073661e-06,0.00214881900857436,0.996201791983997,0.00329877801485628,0.00049943000114622,0.999999964598779
4.82238901842554e-06,0.00208030458496373,0.996322786920458,0.00319381698915642,0.000483396090385521,0.999999964599304
4.9806890261143e-06,0.00201398149679942,0.996439918886743,0.00309219923291496,0.000467881880341935,0.999999964599812
5.14418539857963e-06,0.00194977923152555,0.996553311753536,0.00299381802987733,0.000452870216586881,0.999999964600304
5.31304871197807e-06,0.00188762957231875,0.996663085385592,0.00289857008417936,0.000438344530229072,0.999999964600781
5.48745514180847e-06,0.00182746652166041,0.996769355773417,0.00280635540984504,0.000424288816737887,0.999999964601242
5.6675866467163e-06,0.00176922622755775,0.996872235160488,0.00271707722390837,0.000410687615603565,0.999999964601689
5.85363115833159e-06,0.00171284691231748,0.996971832166164,0.00263064184303742,0.000397525990798769,0.999999964602121
6.04578277733839e-06,0.001658268803776,0.997068251904453,0.00254695858354239,0.000384789512004804,0.99999996460254
6.2442419759805e-06,0.00160543406889618,0.997161596098777,0.00246593966465414,0.000372464236569115,0.999999964602945
6.44921580721465e-06,0.00155428674964437,0.997251963192874,0.00238750011496345,0.000360536692162649,0.999999964603338
6.66091812072936e-06,0.00150477270106362,0.997339448457979,0.00231155768191508,0.000348993860106079,0.999999964603718
6.87956978605476e-06,0.00145683953146341,0.997424144096409,0.00223803274425451,0.00033782315933615,0.999999964604085
7.10539892299639e-06,0.00141043654464924,0.997506139341686,0.00216684822732868,0.000327012430984903,0.999999964604441
7.33864113963309e-06,0.00136551468411814,0.997585520555309,0.00209792952114567,0.000316549923545301,0.999999964604786
7.57953977812749e-06,0.00132202647914987,0.997662371320299,0.00203120440110137,0.000306424278599189,0.999999964605119
7.82834616860541e-06,0.00127992599272461,0.997736772531633,0.00196660295128442,0.000296624517082402,0.999999964605442
8.0853198913693e-06,0.00123916877120347,0.99780880248366,0.00190405749027396,0.000287140026066492,0.999999964605755
8.35072904771889e-06,0.00119971179570702,0.997878536954619,0.00184350249934724,0.000277960546033396,0.999999964606057
8.62485053966196e-06,0.00116151343513404,0.997946049288357,0.00178487455301758,0.000269076158625249,0.99999996460635
8.90797035880684e-06,0.00112453340075925,0.998011410473328,0.00172811225182533,0.000260477274846588,0.999999964606633
9.20038388473819e-06,0.00108873270235735,0.998074689218989,0.0016731561573075,0.0002521546237036,0.999999964606908
9.50239619318715e-06,0.00105407360579769,0.998135952029665,0.0016199487290742,0.000244099241260589,0.999999964607173
9.81432237431766e-06,0.00102051959205803,0.998195263275981,0.00156843426392225,0.000236302460096899,0.99999996460743
1.01364878614607e-05,0.000988035317609606,0.998252685263931,0.00151855883691909,0.000228755899150063,0.999999964607679
1.04692287706399e-05,0.000956586576122541,0.998308278301681,0.00147027024439202,0.000221451453926533,0.999999964607919
1.08128922512416e-05,0.000926140261448783,0.998362100764171,0.00142351794876025,0.000214381287068656,0.999999964608152
1.11678368481974e-05,0.000896664331835633,0.99841420915559,0.00137825302514921,0.000207537819261027,0.999999964608377
1.15344328760545e-05,0.000868127775329453,0.998464658169806,0.00133442810972864,0.000200913720465135,0.999999964608595
1.19130628053258e-05,0.000840500576326462,0.998513500748815,0.00129199734971806,0.000194501901467433,0.999999964608806
1.23041216615222e-05,0.00081375368323263,0.998560788139265,0.00125091635500503,0.000188295505730114,0.99999996460901
1.27080174372841e-05,0.00078785897719374,0.998606569947145,0.00121114215132335,0.000182287901532064,0.999999964609208
1.31251715180404e-05,0.000762789241858957,0.998650894190671,0.00117263313494033,0.000176472674388792,0.999999964609399
1.35560191216418e-05,0.000738518134142792,0.998693807351455,0.00113534902880382,0.000170843619740882,0.999999964609583
1.40010097524237e-05,0.000715020155951559,0.998735354423998,0.00109925084010139,0.000165394735900863,0.999999964609762
1.44606076701759e-05,0.000692270626840239,0.998775578963567,0.00106430081918563,0.000160120217247424,0.999999964609935
1.49352923745053e-05,0.000670245657570548,0.998814523132519,0.001030462419821,0.000155014447660046,0.999999964610102
1.54255591050998e-05,0.000648922124536574,0.998852227745109,0.000997700260709384,0.000150071994181882,0.999999964610264
1.59319193584122e-05,0.000628277645030872,0.998888732310843,0.000965980088252551,0.000145287600904597,0.99999996461042
1.64549014213061e-05,0.000608290553322018,0.998924075076422,0.000935268740511515,0.00014065618306626,0.999999964610571
1.6995050922219e-05,0.000588939877515552,0.998958293066323,0.000905534112323784,0.00013617282135366,0.999999964610717
1.75529314004175e-05,0.000570205317173239,0.998991422122056,0.000876745121540979,0.000131832756402749,0.999999964610859
1.8129124893939e-05,0.000552067221663302,0.999023496940161,0.000848871676350476,0.000127631383488064,0.999999964610995
1.87242325468339e-05,0.000534506569219012,0.999054551108958,0.000821884643645932,0.000123564247396046,0.999999964611127
1.933887523634e-05,0.000517504946680757,0.999084617144113,0.000795755818412693,0.000119627037474411,0.999999964611255
1.99736942206459e-05,0.000501044529899066,0.999113726523053,0.000770457894095263,0.000115815582851434,0.999999964611378
2.06293518079165e-05,0.000485108064776266,0.999141909718266,0.00074596443391503,0.000112125847818751,0.999999964611497
2.13065320472813e-05,0.000469678848925852,0.99916919622952,0.000722249843107528,0.000108553927372088,0.999999964611612
2.20059414425039e-05,0.00045474071392867,0.999195614615047,0.000699289342049502,0.000105096042903919,0.999999964611723
2.27283096890798e-05,0.000440278008165873,0.999221192521711,0.000677058940247055,0.000101748538042346,0.999999964611831
2.34743904355287e-05,0.000426275580210799,0.999245956714211,0.00065553541115704,9.85078746322786e-05,0.999999964611934
2.42449620696783e-05,0.000412718762759018,0.999269933103334,0.000634696267814839,9.53706288515984e-05,0.999999964612034
2.50408285307579e-05,0.000399593357080811,0.999293146773298,0.000614519739242485,9.23334874595685e-05,0.999999964612131
2.58628201481505e-05,0.000386885617976894,0.999315622008217,0.000594984747611995,8.93932441708969e-05,0.999999964612224
2.67117945076771e-05,0.000374582239223701,0.999337382317707,0.00057607088613955,8.65467961539258e-05,0.999999964612313
2.75886373463177e-05,0.000362670339487454,0.999358450461669,0.000557758397687,8.37911406439541e-05,0.9999999646124
2.8494263476304e-05,0.000351137448696674,0.999378848474279,0.000540028154047892,8.11233716727285e-05,0.999999964612483
2.94296177395436e-05,0.000339971494854582,0.999398597687197,0.000522861635896016,7.8540676906574e-05,0.999999964612564
3.03956759933773e-05,0.000329160791277212,0.999417718752035,0.00050624091337513,7.60403345896472e-05,0.999999964612641
3.13934461286925e-05,0.00031869402424588,0.999436231662099,0.000490148627309251,7.36197105912544e-05,0.999999964612716
3.24239691214583e-05,0.000308560241056451,0.999454155773437,0.000474567971013559,7.12762555496714e-05,0.999999964612788
3.34883201187784e-05,0.000298748838456083,0.999471509825201,0.000459482672686613,6.90075021127771e-05,0.999999964612857
3.45876095605948e-05,0.000289249551452019,0.999488311959365,0.000444876978365197,6.68110622694204e-05,0.999999964612924
3.57229843382119e-05,0.000280052442482249,0.999504579739806,0.000430735635423728,6.46846247703845e-05,0.999999964612987
3.68956289908515e-05,0.000271147890934266,0.999520330170765,0.000417043876600751,6.26259526338898e-05,0.999999964613049
3.8106766941485e-05,0.000262526583002594,0.99953557971473,0.00040378740453558,6.06328807348037e-05,0.999999964613108
3.93576617732339e-05,0.000254179501872518,0.999550344309728,0.000390952376798742,5.87033134731467e-05,0.999999964613165
4.06496185476687e-05,0.000246097918220057,0.99956463938608,0.000378525391400374,5.68352225198701e-05,0.999999964613219
4.19839851663829e-05,0.000238273381017315,0.999578479882602,0.000366493472761236,5.50266446366973e-05,0.999999964613271
4.33621537772622e-05,0.000230697708634066,0.9995918802623,0.000354844058131528,5.32756795683023e-05,0.999999964613321
4.47855622269155e-05,0.000223362980225552,0.999604854527553,0.000343564984443142,5.15804880039808e-05,0.999999964613369
4.62556955607834e-05,0.000216261527396892,0.999617416234812,0.000332644475581471,4.99392896061563e-05,0.999999964613414
4.77740875724904e-05,0.000209385926135284,0.999629578508833,0.000322071130063333,4.83503611036174e-05,0.999999964613458
4.93423224040549e-05,0.000202728989001614,0.999641354056444,0.000311833909107998,4.68120344476154e-05,0.999999964613499
5.09620361986283e-05,0.000196283757573015,0.999652755179883,0.000301922125088744,4.53226950286433e-05,0.999999964613539
5.26349188074876e-05,0.000190043495127463,0.999663793789696,0.000292325430352745,4.38807799510901e-05,0.999999964613577
5.43627155530606e-05,0.000184001679563769,0.999674481417237,0.000283033806397522,4.24847763650077e-05,0.999999964613612
5.61472290498255e-05,0.000178151996548238,0.999684829226756,0.000274037553392523,4.11332198519767e-05,0.999999964613646
5.79903210849829e-05,0.000172488332881409,0.999694848027101,0.000265327280034823,3.9824692863998e-05,0.999999964613678
5.98939145608622e-05,0.00016700477007756,0.999704548283058,0.000256893893728229,3.8557823213446e-05,0.999999964613709
6.18599955010908e-05,0.000161695578149728,0.999713940126313,0.000248728591075466,3.73312826119947e-05,0.999999964613737
6.38906151226174e-05,0.000156555209594128,0.999723033366069,0.000240822848673429,3.61437852574133e-05,0.999999964613764
6.59878919757511e-05,0.000151578293567508,0.999731837499332,0.000233168414201808,3.49940864666039e-05,0.999999964613789
6.81540141544502e-05,0.000146759630250347,0.999740361720852,0.000225757297795727,3.38809813524837e-05,0.999999964613812
7.03912415791659e-05,0.000142094185391225,0.999748614932762,0.0002185817636933,3.28033035445743e-05,0.999999964613834
7.27019083546226e-05,0.000137577085025646,0.9997566057539,0.000211634322149337,3.17599239509777e-05,0.999999964613855
7.50884252049954e-05,0.000133203610363705,0.999764342528833,0.000204907721606689,3.07497495603607e-05,0.999999964613873
7.75532819890234e-05,0.000128969192841579,0.9997718333366,0.000198394941117016,2.97717222830706e-05,0.99999996461389
8.00990502976862e-05,0.00012486940933152,0.999779085999167,0.000192089183002993,2.88248178300235e-05,0.999999964613906
8.27283861371507e-05,0.000120899977504325,0.999786108089619,0.000185983865754267,2.79080446271916e-05,0.99999996461392
8.54440326997885e-05,0.000117056751340999,0.999792906940084,0.000180072617149686,2.70204427661559e-05,0.999999964613932
8.82488232261553e-05,0.000113335716787363,0.999799489649413,0.00017434926759859,2.61610829880679e-05,0.999999964613943
9.11456839609173e-05,0.000109732987548099,0.999805863090605,0.000168807843694165,2.53290657010165e-05,0.999999964613952
9.41376372058094e-05,0.00010624480101451,0.999812033917999,0.000163442561972094,2.45235200284627e-05,0.99999996461396
9.722780447281e-05,0.000102867514322721,0.999818008574243,0.000158247822867958,2.37436028887424e-05,0.999999964613967
0.000100419409740822,9.95976005385054e-05,0.999823793297028,0.000153218204867041,2.29884981049848e-05,0.999999964613972
0.000103715782819255,9.64316449627942e-05,0.999829394125617,0.000148348458840413,2.22574155425876e-05,0.999999964613975
0.00010712036282203,9.33663415559758e-05,0.999834816907163,0.000143633502561329,2.15495902753111e-05,0.999999964613977
0.000110636701755609,9.03984894762942e-05,0.999840067302826,0.000139068415396218,2.08642817781854e-05,0.999999964613978
0.000114268468224812,8.75249897288113e-05,0.999845150793689,0.000134648433164672,2.02007731464754e-05,0.999999964613977
0.000118019451260286,8.47428419206285e-05,0.999850072686498,0.000130368943163069,1.95583703390942e-05,0.999999964613974
0.000121893564271606,8.2049141121204e-05,0.999854838119206,0.000126225479346587,1.89364014479103e-05,0.99999996461397
0.000125894849130144,7.94410748209618e-05,0.999859452066347,0.00012221371766459,1.83342159886668e-05,0.999999964613965
0.000130027480385966,7.69159199888636e-05,0.999863919344239,0.000118329471544463,1.77511842166322e-05,0.999999964613958
0.000134295769623147,7.44710402225356e-05,0.999868244616018,0.000114568687519199,1.71866964629362e-05,0.99999996461395
0.000138704169958061,7.21038829896901e-05,0.999872432396513,0.000110927440994131,1.66401624926245e-05,0.99999996461394
0.000143257280685323,6.98119769576177e-05,0.999876487056968,0.000107401932148388,1.61110108834237e-05,0.999999964613929
0.000147959852076248,6.75929294083457e-05,0.999880412829608,0.000103988481966774,1.55986884249586e-05,0.999999964613916
0.000152816790334818,6.54444237351002e-05,0.999884213812066,0.000100683528397927,1.51026595361367e-05,0.999999964613902
0.000157833162716338,6.33642170196414e-05,0.999887893971663,9.74836226347175e-05,1.46224057022827e-05,0.999999964613886
0.000163014202814114,6.13501376863129e-05,0.999891457149557,9.43854255130073e-05,1.41574249298092e-05,0.999999964613868
0.000168365316019676,5.94000832311376e-05,0.999894907064756,9.13857040249919e-05,1.37072312186417e-05,0.999999964613849
0.000173892085162232,5.75120180232329e-05,0.999898247318005,8.84813279434762e-05,1.32713540514948e-05,0.999999964613828
0.000179600276333251,5.56839711759818e-05,0.999901481395547,8.56692665535515e-05,1.2849337899206e-05,0.999999964613806
0.000185495844902237,5.3914034486895e-05,0.999904612672769,8.29465854882549e-05,1.24407417427675e-05,0.999999964613782
0.000191584941729985,5.22003604422686e-05,0.999907644417725,8.03104436648965e-05,1.20451386098203e-05,0.999999964613757
0.00019787391958578,5.0541160285686e-05,0.999910579794555,7.77580903188523e-05,1.16621151262598e-05,0.999999964613729
0.000204369339775265,4.89347021483638e-05,0.999913421866786,7.52868621317149e-05,1.12912710825064e-05,0.9999999646137
0.000211077978985864,4.73793092388471e-05,0.999916173600536,7.28941804508029e-05,1.09322190134457e-05,0.999999964613669
0.000218006836356915,4.58733580901767e-05,0.999918837867611,7.05775485971159e-05,1.05845837916187e-05,0.999999964613637
0.000225163140781888,4.4415276863495e-05,0.999921417448507,6.83345492589221e-05,1.0248002234034e-05,0.999999964613602
0.000232554358450312,4.30035437046798e-05,0.999923915035311,6.61628419682507e-05,9.92212272055441e-06,0.999999964613566
0.000240188200637262,4.16366851548789e-05,0.999926333234516,6.40601606576507e-05,9.60660482605351e-06,0.999999964613528
0.000248072631748554,4.03132746097878e-05,0.999928674569743,6.20243112946617e-05,9.301118962457e-06,0.999999964613488
0.00025621587763003,3.90319308295698e-05,0.999930941484375,6.00531695915223e-05,9.00534603380859e-06,0.999999964613446
0.000264626434149599,3.77913164952883e-05,0.999933136344111,5.81446787877213e-05,8.71897710142763e-06,0.999999964613401
0.000273313076060999,3.65901368120119e-05,0.999935261439436,5.62968475030735e-05,8.44171306047512e-06,0.999999964613355
0.000282284866158518,3.54271381556054e-05,0.999937318988015,5.45077476590772e-05,8.17326432606674e-06,0.999999964613307
0.000291551164732229,3.43011067634053e-05,0.999939311137003,5.27755124663775e-05,7.91335053021656e-06,0.999999964613257
0.000301121639333601,3.32108674658362e-05,0.999941239965296,5.10983344762335e-05,7.66170022771944e-06,0.999999964613204
0.000311006274861684,3.2155282458985e-05,0.999943107485694,4.94744636939534e-05,7.41805061200833e-06,0.999999964613149
0.000321215383980369,3.11332501161233e-05,0.999944915647008,4.79022057523237e-05,7.18214723996143e-06,0.999999964613091
0.000331759617877626,3.01437038369102e-05,0.999946666336092,4.63799201431246e-05,6.95374376534786e-06,0.999999964613032
0.000342649977377904,2.91856109332035e-05,0.999948361379814,4.49060185048842e-05,6.73260168076134e-06,0.99999996461297
0.000353897824419325,2.82579715504837e-05,0.999950002546967,4.34789629650803e-05,6.51849006794358e-06,0.999999964612905
0.000365514893907615,2.73598176237613e-05,0.999951591550109,4.20972645350587e-05,6.31118535623192e-06,0.999999964612838
0.000377513305959163,2.64902118662502e-05,0.999953130047356,4.0759481555992e-05,6.11047108825422e-06,0.999999964612768
0.000389905578545969,2.56482467905108e-05,0.999954619644112,3.94642181942512e-05,5.91613769338521e-06,0.999999964612695
0.000402704640555667,2.48330437608489e-05,0.999956061894747,3.82101229846235e-05,5.7279822685372e-06,0.99999996461262
0.000415923845280274,2.40437520759558e-05,0.999957458304214,3.69958874198492e-05,5.5458083660312e-06,0.999999964612541
0.000429576984347703,2.32795480798617e-05,0.999958810329628,3.58202445850081e-05,5.36942578735769e-06,0.99999996461246
0.000443678302110607,2.25396343025819e-05,0.99996011938178,3.46819678353261e-05,5.19865038491884e-06,0.999999964612376
0.000458242510507543,2.18232386270381e-05,0.999961386826615,3.35798695160223e-05,5.0333038690269e-06,0.999999964612288
0.000473284804411975,2.11296134827021e-05,0.999962613986656,3.25127997228592e-05,4.87321362127257e-06,0.999999964612197
0.00048882087748512,2.04580350652768e-05,0.999963802142384,3.14796451021001e-05,4.71821251422674e-06,0.999999964612103
0.000504866938549183,1.98078025810416e-05,0.999964952533575,3.0479327688623e-05,4.56813873673008e-06,0.999999964612006
0.00052143972849806,1.91782375145837e-05,0.999966066360595,2.95108037809735e-05,4.42283562409693e-06,0.999999964611905
0.000538556537763153,1.85686829209454e-05,0.999967144785653,2.85730628521859e-05,4.28215149485247e-06,0.9999999646118
0.000556235224352518,1.79785027395369e-05,0.999968188934013,2.7665126495232e-05,4.14593949192084e-06,0.999999964611692
0.000574494232482167,1.74070811301424e-05,0.999969199895169,2.67860474019977e-05,4.01405742914358e-06,0.99999996461158
0.000593352611818965,1.68538218296678e-05,0.999970178723983,2.59349083747204e-05,3.88636764230765e-06,0.999999964611464
0.000612830037355189,1.63181475301426e-05,0.999971126441785,2.51108213688557e-05,3.76273684571476e-06,0.999999964611343
0.0006329468299355,1.57994992757032e-05,0.999972044037441,2.43129265663734e-05,3.64303599251645e-06,0.999999964611219
0.000653723977457721,1.52973358791504e-05,0.999972932468382,2.35403914785145e-05,3.52714013989314e-06,0.99999996461109
0.00067518315676957,1.48111333569973e-05,0.999973792661604,2.27924100770736e-05,3.41492831846055e-06,0.999999964610957
0.000697346756284161,1.43403843823485e-05,0.999974625514641,2.20682019532984e-05,3.30628340569931e-06,0.999999964610819
0.000720237899337892,1.38845977556073e-05,0.999975431896493,2.13670115035292e-05,3.20109200384274e-06,0.999999964610676
0.000743880468315072,1.34432978916599e-05,0.999976212648538,2.06881071407273e-05,3.09924432129622e-06,0.999999964610529
0.00076829912956448,1.3016024323058e-05,0.999976968585411,2.00307805310688e-05,3.00063405752362e-06,0.999999964610376
0.000793519359133813,1.26023312199344e-05,0.999977700495853,1.93943458548079e-05,2.90515829253046e-06,0.999999964610218
0.00081956746934892,1.2201786924148e-05,0.999978409143531,1.87781390906374e-05,2.81271737882932e-06,0.999999964610055
0.000846470636265502,1.18139734989215e-05,0.99997909526784,1.81815173227983e-05,2.72321483752235e-06,0.999999964609886
0.000874256928021966,1.14384862930013e-05,0.999979759584672,1.76038580702173e-05,2.63655725789268e-06,0.999999964609712
0.000902955334122976,1.10749335173576e-05,0.999980402787164,1.70445586369695e-05,2.55265419887283e-06,0.999999964609531
0.000932595795684277,1.07229358370954e-05,0.999981025546421,1.65030354833903e-05,2.47141809540026e-06,0.999999964609344
0.000963209236670323,1.03821259754634e-05,0.999981628512216,1.59787236171779e-05,2.39276416687449e-06,0.999999964609152
0.000994827596157334,1.00521483298342e-05,0.999982212313668,1.54710760038528e-05,2.31661032790778e-06,0.999999964608952
0.00102748386165541,9.73265860140619e-06,0.999982777559901,1.49795629959572e-05,2.24287710342759e-06,0.999999964608746
0.00106121210352446,9.42332343515223e-06,0.999983324840675,1.45036717804e-05,2.17148754495221e-06,0.999999964608533
0.00109604751051993,9.12382007263228e-06,0.999983854727006,1.4042905843369e-05,2.10236715094778e-06,0.999999964608313
0.00113202642650527,8.833836014399e-06,0.999984367771759,1.35967844522525e-05,2.03544378827276e-06,0.999999964608086
0.0011691863883696,8.55306869437461e-06,0.999984864510229,1.31648421540299e-05,1.97064761735965e-06,0.999999964607851
0.00120756616519004,8.28122516368601e-06,0.999985345460692,1.27466282896072e-05,1.90791101888242e-06,0.999999964607608
0.00124720579867956,8.01802178532138e-06,0.999985811124953,1.23417065235901e-05,1.84716852352635e-06,0.999999964607357
0.00128814664496261,7.76318393807777e-06,0.999986261988867,1.19496543890049e-05,1.78835674357532e-06,0.999999964607097
0.00133043141772207,7.51644572937064e-06,0.999986698522847,1.15700628464913e-05,1.73141430612497e-06,0.999999964606829
0.00137410423276252,7.27754971869016e-06,0.999987121182353,1.12025358575071e-05,1.67628178993662e-06,0.999999964606552
0.00141921065403636,7.04624664826292e-06,0.999987530408366,1.08466899710991e-05,1.62290166271338e-06,0.999999964606266
0.00146579774118084,6.82229518280031e-06,0.999987926627855,1.05021539238099e-05,1.57121822089534e-06,0.99999996460597
0.0015139140986154,6.60546165854208e-06,0.999988310254215,1.01685682523022e-05,1.52117753239099e-06,0.999999964605665
0.00156360992625089,6.39551983835587e-06,0.999988681687702,9.8455849182954e-06,1.47272737920817e-06,0.999999964605349
0.00161493707186316,6.19225067641872e-06,0.999989041315851,9.53286694542574e-06,1.42581720370585e-06,0.999999964605023
0.00166794908518602,5.99544208911766e-06,0.999989389513877,9.23008806764805e-06,1.38039805529364e-06,0.999999964604687
0.0017227012737798,5.80488873390703e-06,0.999989726645072,8.93693238881403e-06,1.33642253950002e-06,0.999999964604339
0.00177925076073385,5.620391795523e-06,0.999990053061178,8.65309405307109e-06,1.29384476898746e-06,0.999999964603979
0.00183765654426318,5.44175877739587e-06,0.99999036910276,8.37827692573782e-06,1.25262031452696e-06,0.999999964603608
0.0018979795592615,5.26880330186831e-06,0.999990675099556,8.11219428432316e-06,1.21270615970673e-06,0.999999964603224
0.00196028274087464,5.10134491505093e-06,0.999990971370825,7.85456851936684e-06,1.17406065536751e-06,0.999999964602828
0.00202463109016106,4.93920889913584e-06,0.999991258225678,7.60513084478855e-06,1.13664347674157e-06,0.999999964602419
0.00209109174190749,4.78222608909965e-06,0.999991535963402,7.36362101744407e-06,1.10041558037762e-06,0.999999964601996
0.00215973403467091,4.63023269705084e-06,0.99999180487377,7.12978706559538e-06,1.06533916425315e-06,0.999999964601559
0.00223062958311957,4.48307014125462e-06,0.999992065237346,6.90338502601135e-06,1.03137762824895e-06,0.999999964601108
0.00230385235274878,4.34058488008351e-06,0.999992317325775,6.6841786894249e-06,9.98495535371061e-07,0.999999964600642
0.00237947873704927,4.20262825213652e-06,0.999992561402071,6.47193935408075e-06,9.66658575096143e-07,0.99999996460016
0.0024575876372087,4.06905632154549e-06,0.999992797720885,6.26644558711672e-06,9.35833527987126e-07,0.999999964599663
0.00253826054442948,3.93972972681658e-06,0.999993026528776,6.0674829935296e-06,9.05988230051783e-07,0.99999996459915
0.00262158162494871,3.8145135362142e-06,0.999993248064468,5.87484399248428e-06,8.77091539972064e-07,0.999999964598619
0.00270763780784902,3.6932771069173e-06,0.999993462559093,5.68832760073302e-06,8.49113306550793e-07,0.999999964598071
0.00279651887575192,3.57589394817224e-06,0.99999367023644,5.50773922291862e-06,8.22024336712936e-07,0.999999964597506
0.00288831755848819,3.4622415896618e-06,0.999993871313186,5.33289044854278e-06,7.95796365390413e-07,0.999999964596921
0.00298312962984313,3.35220145386395e-06,0.999994065999118,5.16359885538775e-06,7.70402026170076e-07,0.999999964596317
0.00308105400747763,3.2456587319479e-06,0.999994254497358,4.99968781918609e-06,7.45814822354855e-07,0.999999964595694
0.00318219285612913,3.14250226441694e-06,0.999994437004571,4.84098632934013e-06,7.2200909974687e-07,0.99999996459505
0.0032866516942004,3.04262442448477e-06,0.99999461371117,4.68732881049851e-06,6.98960019235515e-07,0.999999964594385
0.00339453950384709,2.94592100649888e-06,0.999994784801519,4.53855494980393e-06,6.76643531596911e-07,0.999999964593698
0.00350596884467913,2.85229111672554e-06,0.999994950454118,4.3945095296317e-06,6.55036351909688e-07,0.999999964592988
0.00362105597119437,2.76163706836004e-06,0.999995110841799,4.25504226564451e-06,6.34115935537783e-07,0.999999964592256
0.00373992095406725,2.67386427918133e-06,0.999995266131896,4.12000764999463e-06,6.13860454184013e-07,0.999999964591499
0.00386268780541876,2.58888117348712e-06,0.999995416486427,3.98926479950963e-06,5.9424877373231e-07,0.999999964590717
0.00398948460819862,2.50659908605735e-06,0.99999556206226,3.86267730870355e-06,5.75260431705577e-07,0.99999996458991
0.00412044364981452,2.42693216966574e-06,0.999995703011277,3.74011310745987e-06,5.56875615935809e-07,0.999999964589076
0.00425570156014788,2.34979730588089e-06,0.999995839480533,3.6214443232379e-06,5.39075144261942e-07,0.999999964588215
0.00439539945410012,2.27511401767427e-06,0.999995971612408,3.50654714765887e-06,5.21840443844835e-07,0.999999964587326
0.00453968307881823,2.20280438645836e-06,0.99999609954476,3.39530170733227e-06,5.05153532792226e-07,0.999999964586408
0.00468870296575304,2.13279296962553e-06,0.999996223411061,3.28759193878805e-06,4.88997000231501e-07,0.999999964585459
0.00484261458770911,2.06500672264954e-06,0.999996343340544,3.18330546738374e-06,4.73353988957671e-07,0.99999996458448
0.00500157852104985,1.99937492281554e-06,0.999996459458332,3.0823334900605e-06,4.58208177785287e-07,0.999999964583468
0.00516576061322719,1.93582909475038e-06,0.999996571885574,2.98457066182555e-06,4.43543763837605e-07,0.999999964582424
0.00533533215581069,1.87430293992228e-06,0.999996680739567,2.88991498584261e-06,4.29345447000976e-07,0.999999964581345
0.00551047006319642,1.81473226672516e-06,0.99999678613388,2.79826770701568e-06,4.15598413217325e-07,0.999999964580231
0.00569135705718213,1.75705492397891e-06,0.999996888178472,2.70953320895509e-06,4.02288319501366e-07,0.99999996457908
