1e-07,0.123343065497288,0.781502926704046,0.190308015597331,0.0281890576986228,0.999999961074682
1.03282605511167e-07,0.118496565925906,0.789582919276904,0.18384102959438,0.0265760511287156,0.999999961108025
1.06672966011754e-07,0.113875915486031,0.797324875505091,0.177598418017756,0.0250767064771533,0.999999961141914
1.10174618672982e-07,0.109468262077628,0.804744971003557,0.17157353383763,0.023681495158813,0.999999961176058
1.13791216777448e-07,0.105261561908292,0.811858659783003,0.165759556617411,0.0223817835995865,0.999999961210222
1.17526533530609e-07,0.101244546683233,0.818680654775828,0.160149597081879,0.0211697481422932,0.999999961244217
1.21384465997369e-07,0.097406684076061,0.825224927853248,0.154736776141383,0.0200382960053696,0.999999961277892
1.25369039167899e-07,0.0937381347912966,0.831504723193972,0.149514284029464,0.0189809927765647,0.999999961311128
1.29484410156922e-07,0.090229708476324,0.837532579530282,0.144475423986788,0.0179919964829298,0.999999961343831
1.33734872540836e-07,0.0868728199895225,0.843320358031862,0.139613643957231,0.0170659980109069,0.999999961375928
1.38124860837214e-07,0.083659446999496,0.84887927349929,0.134922559002428,0.016198167498282,0.999999961407364
1.42658955131348e-07,0.0805820895167369,0.854219927209878,0.130395966546771,0.0153841062433515,0.999999961438098
1.47341885854664e-07,0.0776337316990398,0.859352340250648,0.126027856100624,0.0146198036487275,0.9999999614681
1.52178538719987e-07,0.0748078060932086,0.864285986533084,0.121812414747415,0.0139015987195009,0.999999961497348
1.57173959818823e-07,0.0720981603546755,0.869029824946441,0.117744029397766,0.0132261456557922,0.999999961525832
1.62333360885955e-07,0.0694990264067236,0.873592330296541,0.11381728659347,0.0125903831099886,0.999999961553545
1.67662124736861e-07,0.0670049919499839,0.877981522814003,0.110026970472027,0.0119915067139705,0.999999961580485
1.73165810883613e-07,0.0646109742020725,0.882204996113913,0.106368059368028,0.0114269445180584,0.999999961606656
1.78850161335136e-07,0.0623121957304533,0.886269943558302,0.102835721422489,0.0108943350192089,0.999999961632064
1.84721106587855e-07,0.060104162234409,0.890183183021148,0.0994253094888867,0.0103915074899657,0.999999961656719
1.90784771812997e-07,0.0579826421312684,0.893951180088665,0.0961323555601327,0.00991646435120207,0.999999961680633
1.97047483246998e-07,0.0559436478054908,0.897580069749487,0.0929525648900445,0.00946736536046852,0.999999961703818
2.03515774791681e-07,0.0539834183853435,0.901075676643073,0.0898818099431663,0.00904251341376039,0.999999961726289
2.10196394831087e-07,0.0520984039195724,0.904443533942656,0.0869161242755433,0.00864034178180073,0.999999961748062
2.17096313272088e-07,0.0502852508349417,0.907688900952788,0.0840516964245398,0.0082594026226718,0.999999961769153
2.24222728816098e-07,0.0485407885642788,0.910816779502458,0.0812848638665263,0.00789835663101561,0.999999961789578
2.31583076469505e-07,0.0468620172433503,0.913831929213582,0.0786121070861345,0.00755596370028305,0.999999961809356
2.39185035300624e-07,0.0452460963833126,0.916738881722223,0.0760300437889285,0.0072310744888483,0.999999961828503
2.47036536451289e-07,0.0436903344334692,0.919541953926503,0.0735354232800547,0.00692262279344187,0.999999961847036
2.55145771411436e-07,0.0421921791565672,0.922245260331338,0.0711251210241887,0.00662961864447278,0.999999961864974
2.63521200565298e-07,0.0407492087458214,0.924852724555947,0.0687961333964624,0.00635114204759026,0.999999961882333
2.72171562018149e-07,0.039359123619282,0.927368090065876,0.0665455726296842,0.00608633730443991,0.999999961899131
2.81105880712787e-07,0.0380197388330454,0.929794930187047,0.0643706619598149,0.00583440785313794,0.999999961915385
2.9033347784528e-07,0.0367289770601886,0.932136657455267,0.0622687309690889,0.00559461157564414,0.999999961931111
2.99863980589793e-07,0.0354848620872057,0.934396532350671,0.060237211124246,0.00536625652508266,0.999999961946325
3.09707332142639e-07,0.034285512784171,0.936577671462882,0.0582736315058948,0.00514869703122354,0.999999961961044
3.19873802096042e-07,0.0331291375088906,0.938683055129115,0.0563756147239885,0.00494133014689634,0.999999961975283
3.30373997152427e-07,0.0320140289089516,0.940715534584223,0.0545408730136508,0.00474359240212626,0.999999961989057
3.41218872190416e-07,0.0309385590888888,0.942677838658561,0.0527672045051013,0.00455495683633812,0.999999962002381
3.52419741694082e-07,0.0299011751126696,0.944572580056774,0.0510524896611135,0.00437493028211288,0.999999962015269
3.63988291557374e-07,0.0289003948144054,0.946402261247953,0.0493946878752838,0.00420305087676353,0.999999962027737
3.7593659127604e-07,0.0279348028926299,0.948169279995201,0.0477918342243391,0.00403888578046039,0.999999962039796
3.88277106539761e-07,0.0270030472656983,0.949875934550428,0.0462420363677484,0.00388202908182411,0.999999962051462
4.01022712237636e-07,0.0261038356678493,0.951524428538147,0.0447434715880078,0.00373209987384539,0.999999962062745
4.14186705890581e-07,0.0252359324672761,0.953116875550164,0.0432943839651194,0.0035887404847164,0.99999996207366
4.27782821524667e-07,0.0243981556891831,0.954655303471333,0.0418930816789688,0.00345161484969866,0.999999962084218
4.41825243999864e-07,0.0235893742282796,0.95614165855496,0.0405379344335204,0.00332040701151935,0.99999996209443
4.56328623809131e-07,0.0228085052364997,0.957577809265014,0.0392273709969725,0.00319481973801346,0.999999962104309
4.71308092363324e-07,0.0220545116729432,0.958965549900931,0.0379598768522526,0.00307457324681691,0.999999962113864
4.86779277777819e-07,0.0213264000041351,0.960306604019628,0.0367339919524747,0.00295940402789773,0.999999962123107
5.02758321177375e-07,0.0206232180436932,0.961602627668195,0.0355483085762226,0.00284906375558195,0.999999962132049
5.19261893536195e-07,0.0199440529213979,0.962855212439722,0.0344014692777602,0.00274331828251784,0.999999962140698
5.36307213070806e-07,0.0192880291724772,0.964065888363768,0.0332921649275103,0.00264194670872211,0.999999962149066
5.53912063203856e-07,0.0186543069386714,0.965236126642145,0.0322191328383676,0.00254474051948758,0.99999996215716
5.72094811117606e-07,0.0180420802733147,0.966367342239866,0.0311811549736384,0.00245150278649551,0.99999996216499
5.90874426916454e-07,0.0174505755432939,0.967460896340401,0.0301770562326107,0.00236204742698854,0.999999962172565
6.10270503418493e-07,0.0168790499213067,0.968518098673711,0.0292057028099647,0.00227619851632429,0.999999962179894
6.30303276596736e-07,0.0163267899623546,0.969540209724929,0.0282660006254331,0.00219378964963806,0.999999962186983
6.50993646691368e-07,0.0157931102588774,0.970528442830971,0.0273568938203034,0.00211466334872569,0.999999962193842
6.72363200015008e-07,0.015277352169363,0.971483966171867,0.0264773633175396,0.00203867051059321,0.999999962200478
6.94434231473761e-07,0.0147788826156582,0.972407904663109,0.0256264254424661,0.00196566989442513,0.999999962206898
7.17229767827552e-07,0.0142970929445656,0.973301341754875,0.0248031306011187,0.00189552764400625,0.99999996221311
7.40773591713991e-07,0.0138313978496403,0.974165321143598,0.0240065620135242,0.00182811684287822,0.999999962219119
7.65090266460866e-07,0.0133812343494,0.975000848400945,0.0232358344993094,0.00176331709974528,0.999999962224934
7.90205161713115e-07,0.0129460608184377,0.975808892524971,0.022490093313182,0.00170101416184669,0.99999996223056
8.16144479901037e-07,0.0125253560681835,0.976590387417839,0.0217685130279545,0.00164109955420628,0.999999962236003
8.42935283577358e-07,0.0121186184742892,0.97734623329426,0.0210702964629011,0.00158347024283863,0.99999996224127
8.70605523651641e-07,0.0117253651478268,0.978077298024493,0.0203946736553596,0.00152802832014701,0.999999962246366
8.99184068551557e-07,0.0113451311476909,0.978784418415512,0.0197409008735935,0.00147468071089419,0.999999962251298
9.28700734341368e-07,0.0109774687317694,0.979468401433713,0.0191082596690359,0.00142333889725147,0.999999962256069
9.59186315829108e-07,0.0106219466446227,0.98013002537231,0.0184960559661338,0.00137391866155579,0.999999962260686
9.90672618694879e-07,0.0102781494395593,0.98077004096639,0.017903619188101,0.00132633984550878,0.999999962265154
1.02319249267378e-06,0.00994567683314013,0.981389172458371,0.0173303014169782,0.00128052612465102,0.999999962269478
1.05677986582814e-06,0.00962414309027691,0.981988118616485,0.0167754765864758,0.00123640479703899,0.999999962273662
1.09146977994472e-06,0.00931317643820736,0.982567553708714,0.0162385397061571,0.0011939065851288,0.99999996227771
1.12729842709391e-06,0.00901241850774678,0.983128128434459,0.0157189061155879,0.00115296544995286,0.999999962281628
1.164303187389e-06,0.00872152380031671,0.983670470816108,0.0152160107671501,0.00111351841674167,0.99999996228542
1.20252266798493e-06,0.00844015917934725,0.984195187052512,0.0147293075362811,0.00107550541120669,0.999999962289089
1.24199674335724e-06,0.0081680033847422,0.984702862336277,0.0142582685579607,0.00103886910576186,0.99999996229264
1.2827665969032e-06,0.00790474656917426,0.985194061636663,0.0138023835883261,0.00100355477501119,0.999999962296076
1.32487476390855e-06,0.00765008985505807,0.985669330449766,0.0133611593903518,0.000969510159882152,0.999999962299402
1.36836517592468e-06,0.00740374491111929,0.986129195517591,0.0129341191425785,0.000936685339830056,0.999999962302621
1.41328320660248e-06,0.00716543354754277,0.986574165517493,0.0125208018699285,0.00090503261257853,0.999999962305736
1.45967571903081e-06,0.00693488732874578,0.98700473172341,0.0121207618956887,0.000874506380901415,0.99999996230875
1.50759111462889e-06,0.00671184720288024,0.987421368640227,0.011733568313786,0.000845063045987257,0.999999962311668
1.55707938364357e-06,0.00649606314721984,0.98782453461252,0.0113588044805213,0.000816660906959182,0.999999962314492
1.6081921573043e-06,0.00628729382863823,0.988214672408877,0.0109960675249694,0.000789260066153518,0.999999962317225
1.66098276169013e-06,0.00608530627843175,0.988592209782926,0.0106449678772846,0.000762822339789436,0.999999962319871
1.71550627336491e-06,0.00588987558078228,0.988957560012122,0.0103051288141915,0.00073731117368655,0.999999962322431
1.77181957683881e-06,0.0057007845741968,0.989311122415318,0.00997618602097052,0.000712691563711542,0.999999962324909
1.82998142391606e-06,0.00551782356529765,0.989653282850062,0.00965778716928082,0.000688929980657242,0.999999962327307
1.89005249499087e-06,0.00534079005437371,0.989984414190531,0.00934959151019132,0.000665994299278052,0.999999962329629
1.95209546235539e-06,0.00516948847213427,0.990304876786955,0.00905126948182101,0.000643853731223771,0.999999962331876
2.01617505558591e-06,0.0050037299271397,0.990615018907353,0.00876250233101429,0.00062247876163256,0.999999962334051
2.08235812907536e-06,0.00484333196340968,0.990915177162338,0.00848298174850418,0.000601841089157586,0.999999962336156
2.15071373178262e-06,0.00468811832774111,0.991205676913739,0.00821240951703921,0.000581913569221505,0.999999962338194
2.22131317927155e-06,0.00453791874628754,0.991486832667726,0.00795049717197342,0.000562670160300831,0.999999962340166
2.2942301281146e-06,0.00439256870998032,0.9917589484531,0.0076969656738403,0.000544085873060166,0.999999962342075
2.36954065273895e-06,0.00425190926839229,0.992022318185382,0.00745154509245231,0.000526136722166136,0.999999962343923
2.44732332479511e-06,0.00411578683166557,0.992277226017291,0.00721397430208716,0.000508799680621995,0.999999962345712
2.52765929513092e-06,0.003984052980144,0.992523946676185,0.00698400068734103,0.000492052636473482,0.999999962347443
2.61063237845642e-06,0.00385656428137259,0.992762745789004,0.0067613798592461,0.000475874351749537,0.999999962349119
2.69632914078795e-06,0.0037331821141397,0.992993880195227,0.00654587538126738,0.000460244423506014,0.999999962350741
2.78483898976267e-06,0.00361377249925529,0.99321759824834,0.00633725850480944,0.000445143246850569,0.999999962352312
2.87625426791775e-06,0.003498205936777,0.993434140106283,0.00613530791387922,0.000430551979837392,0.999999962353832
2.9706703490316e-06,0.00338635724940481,0.993643738011312,0.00593980947856549,0.000416452510122065,0.999999962355303
3.06818573762752e-06,0.00327810543178423,0.993846616559711,0.00575055601700984,0.000402827423279312,0.999999962356728
3.16890217174373e-06,0.0031733335054665,0.994042992961755,0.00556734706555695,0.00038965997268803,0.999999962358106
3.27292472907689e-06,0.00307192837928915,0.994233077292318,0.00538998865678477,0.000376934050896766,0.999999962359441
3.38036193660993e-06,0.00297378071495166,0.994417072732485,0.0052182931051273,0.000364634162388008,0.999999962360733
3.49132588383849e-06,0.00287878479756925,0.994595175802524,0.00505207879981418,0.000352745397662166,0.999999962361984
3.60593233971418e-06,0.00278683841100136,0.994767576586568,0.00489117000486216,0.000341253408570286,0.999999962363195
3.7243008734266e-06,0.00269784271775864,0.994934458949309,0.0047353966658643,0.000330144384826495,0.999999962364367
3.84655497915016e-06,0.00261170214330315,0.995096000745031,0.00458459422333255,0.000319405031636877,0.999999962365501
3.97282220488582e-06,0.00252832426456321,0.995252374019257,0.00443860343235907,0.000309022548383677,0.999999962366599
4.10323428553227e-06,0.00244761970249515,0.99540374520332,0.00429727018837063,0.000298984608309838,0.999999962367663
4.23792728032526e-06,0.00236950201852814,0.995550275302092,0.0041604453587596,0.000289279339148339,0.999999962368692
4.37704171478848e-06,0.0022938876147406,0.995692120075168,0.00402798462018291,0.000279895304649149,0.999999962369688
4.52072272734421e-06,0.00222069563761867,0.995829430211717,0.00389974830132868,0.000270821486954324,0.999999962370653
4.66912022073661e-06,0.0021498478852571,0.995962351499264,0.00377560123095793,0.000262047269778135,0.999999962371586
4.82238901842554e-06,0.00208126871786855,0.996091024986614,0.00365541259103588,0.000253562422350614,0.99999996237249
4.9806890261143e-06,0.00201488497147173,0.996215587141141,0.00353905577477454,0.00024535708408446,0.999999962373365
5.14418539857963e-06,0.00195062587463602,0.996336170000656,0.00342640824941509,0.000237421749928475,0.999999962374212
5.31304871197807e-06,0.00188842296816578,0.996452901320042,0.00331735142358477,0.000229747256373397,0.999999962375032
5.48745514180847e-06,0.00182821002761092,0.996565904712854,0.0032117705190695,0.000222324768076171,0.999999962375826
5.6675866467163e-06,0.00176992298849614,0.996675299788079,0.00310955444684882,0.00021514576507173,0.999999962376594
5.85363115833159e-06,0.00171349987416705,0.99678120228221,0.00301059568724632,0.000208202030543887,0.999999962377338
6.04578277733839e-06,0.00165888072615296,0.99688372418682,0.00291479017405313,0.000201485639126392,0.999999962378058
6.2442419759805e-06,0.00160600753695262,0.996982973871803,0.00282203718248806,0.000194988945708594,0.999999962378756
6.44921580721465e-06,0.00155482418515297,0.997079056204416,0.00273223922086261,0.000188704574721667,0.99999996237943
6.66091812072936e-06,0.00150527637279293,0.997172072664295,0.00264530192582398,0.000182625409880936,0.999999962380084
6.87956978605476e-06,0.00145731156488948,0.997262121454584,0.00256113396105385,0.00017674458436256,0.999999962380716
7.10539892299639e-06,0.00141087893104662,0.997349297609301,0.00247964691930493,0.000171055471394155,0.999999962381328
7.33864113963309e-06,0.0013659292890707,0.997433693097098,0.00240075522766203,0.00016555167523969,0.999999962381921
7.57953977812749e-06,0.0013224150505179,0.997515396921523,0.00232437605591771,0.000160227022559042,0.999999962382495
7.82834616860541e-06,0.00128029016810406,0.997594495217917,0.00225042922795746,0.000155075554125333,0.99999996238305
8.0853198913693e-06,0.00123951008490985,0.997671071347064,0.00217883713605206,0.000150091516883818,0.999999962383588
8.35072904771889e-06,0.00120003168531421,0.997745205985706,0.0021095246579595,0.00014526935633446,0.999999962384108
8.62485053966196e-06,0.0011618132475965,0.997816977214033,0.00204241907674131,0.000140603709225844,0.999999962384612
8.90797035880684e-06,0.00112481439814551,0.997886460600253,0.00197745000320235,0.000136089396544332,0.9999999623851
9.20038388473819e-06,0.00108899606721771,0.997953729282349,0.00191454930086561,0.000131721416784905,0.999999962385572
9.50239619318715e-06,0.00105432044619187,0.998018854047109,0.00185365101339738,0.000127494939493179,0.999999962386029
9.81432237431766e-06,0.00102075094626254,0.998081903406537,0.00179469129440045,0.000123405299062313,0.999999962386471
1.01364878614607e-05,0.000988252158526666,0.998142943671725,0.00173760833949631,0.000119447988778513,0.999999962386899
1.04692287706399e-05,0.0009567898154089,0.998202039024281,0.00168234232062007,0.000115618655098863,0.999999962387314
1.08128922512416e-05,0.000926330753382695,0.99825925158539,0.00162883532245422,0.000111913092155585,0.999999962387715
1.11678368481974e-05,0.000896842876938804,0.998314641482596,0.00157703128093002,0.000108327236473795,0.999999962388104
1.15344328760545e-05,0.000868295123758908,0.998368266914377,0.00152687592372803,0.000104857161894894,0.99999996238848
1.19130628053258e-05,0.000840657431052109,0.998420184212592,0.00147831671271125,0.000101499074696483,0.999999962388843
1.23041216615222e-05,0.00081390070301302,0.998470447902874,0.00143130278822689,9.82493088995777e-05,0.999999962389196
1.27080174372841e-05,0.000787996779363766,0.998519110763029,0.00138578491521488,9.51043217563257e-05,0.999999962389537
1.31251715180404e-05,0.000762918404940921,0.998566223879527,0.00134171543106353,9.2060689409156e-05,0.999999962389867
1.35560191216418e-05,0.000738639200292728,0.99861183670213,0.00129904819515444,8.9115102715508e-05,0.999999962390186
1.40010097524237e-05,0.000715133633250062,0.998655997096729,0.00125773854004115,8.62643632294888e-05,0.999999962390495
1.44606076701759e-05,0.000692376991439509,0.998698751396457,0.00121774322420759,8.35053793357141e-05,0.999999962390794
1.49352923745053e-05,0.00067034535570455,0.998740144451118,0.0011790203863544,8.08351625273492e-05,0.999999962391084
1.54255591050998e-05,0.000649015574405158,0.998780219675013,0.00114152950116288,7.82508238237195e-05,0.999999962391364
1.59319193584122e-05,0.000628365238564605,0.998819019093191,0.00110523133648804,7.57495703205832e-05,0.999999962391635
1.64549014213061e-05,0.000608372657835376,0.998856583386198,0.00107008791193395,7.33287018684014e-05,0.999999962391898
1.6995050922219e-05,0.000589016837256123,0.998892951933361,0.00103606245876592,7.09856078731628e-05,0.999999962392152
1.75529314004175e-05,0.000570277454772566,0.998928162854669,0.00100311938111596,6.87177642145871e-05,0.999999962392398
1.8129124893939e-05,0.000552134839496987,0.998962253051283,0.000971224218439027,6.65227302774731e-05,0.999999962392636
1.87242325468339e-05,0.000534569950680551,0.99899525824473,0.00094034360917932,6.43981460908911e-05,0.999999962392866
1.933887523634e-05,0.000517564357375167,0.999027213014821,0.000910445255606995,6.23417295716695e-05,0.999999962393088
1.99736942206459e-05,0.000501100218761307,0.999058150836345,0.000881497889787221,6.03512738676969e-05,0.999999962393304
2.06293518079165e-05,0.000485160265118977,0.999088104114559,0.00085347124064459,5.84246447966817e-05,0.999999962393512
2.13065320472813e-05,0.000469727779421344,0.999117104219535,0.000826336002087242,5.65597783777228e-05,0.999999962393714
2.20059414425039e-05,0.000454786579528889,0.999145181519393,0.000800063802156178,5.47546784508004e-05,0.999999962393909
2.27283096890798e-05,0.00044032100096475,0.999172365412452,0.000774627173166453,5.30074143815229e-05,0.999999962394098
2.34743904355287e-05,0.000426315880251755,0.999198684358344,0.000749999522807996,5.13161188477574e-05,0.999999962394281
2.42449620696783e-05,0.000412756538791986,0.999224165908121,0.000726155106174876,4.96789857045473e-05,0.999999962394457
2.50408285307579e-05,0.000399628767271383,0.999248836733382,0.000703068998692911,4.80942679249273e-05,0.999999962394628
2.58628201481505e-05,0.000386918810571575,0.99927272265447,0.000680717069916446,4.65602756133519e-05,0.999999962394793
2.67117945076771e-05,0.000374613353172019,0.999295848667745,0.000659075958166158,4.50753740889404e-05,0.999999962394953
2.75886373463177e-05,0.000362699505026334,0.999318238971983,0.000638123045980628,4.36379820360199e-05,0.999999962395108
2.8494263476304e-05,0.000351164787896905,0.999339916993925,0.000617836436355317,4.22465697192463e-05,0.999999962395257
2.94296177395436e-05,0.000339997122133416,0.999360905412995,0.000598194929743516,4.08996572616576e-05,0.999999962395401
3.03956759933773e-05,0.000329184813879091,0.999381226185224,0.000579178001794566,3.9595812981808e-05,0.999999962395541
3.13934461286925e-05,0.000318716542692141,0.999400900566405,0.000560765781805577,3.83336517893522e-05,0.999999962395676
3.24239691214583e-05,0.000308581349567728,0.9994199491345,0.000542939031863553,3.71118336359514e-05,0.999999962395807
3.34883201187784e-05,0.000298768625346962,0.999438391811325,0.000525679126655655,3.59290620191342e-05,0.999999962395933
3.45876095605948e-05,0.000289268099502271,0.999456247883535,0.000508968033926039,3.47840825392515e-05,0.999999962396055
3.57229843382119e-05,0.000280069829283378,0.999473536022937,0.000492788295558394,3.36756815041809e-05,0.999999962396172
3.68956289908515e-05,0.000271164189215534,0.999490274306152,0.000477123009264034,3.26026845835173e-05,0.999999962396286
3.8106766941485e-05,0.00026254186093558,0.999506480233636,0.000461955810856003,3.15639555075783e-05,0.999999962396396
3.93576617732339e-05,0.000254193823357151,0.999522170748098,0.000447270857090333,3.05583948119849e-05,0.999999962396502
4.06496185476687e-05,0.000246111343152313,0.99953736225232,0.000433052809056186,2.95849386242197e-05,0.999999962396604
4.19839851663829e-05,0.000238285965540566,0.999552070626411,0.000419286816097214,2.86425574919593e-05,0.999999962396703
4.33621537772622e-05,0.00023070950537424,0.999566311244502,0.000405958500247046,2.77302552507172e-05,0.999999962396799
4.47855622269155e-05,0.000223374038511543,0.999580098990907,0.000393053941162368,2.6847067930359e-05,0.999999962396891
4.62556955607834e-05,0.000216271893467405,0.999593448275764,0.000380559661537598,2.59920626986057e-05,0.99999996239698
4.77740875724904e-05,0.000209395643332415,0.999606373050175,0.000368462612985679,2.51643368395754e-05,0.999999962397065
4.93423224040549e-05,0.000202738097952687,0.999618886820862,0.000356750162370012,2.43630167676807e-05,0.999999962397148
5.09620361986283e-05,0.000196292296360578,0.999631002664353,0.000345410078573051,2.3587257074052e-05,0.999999962397228
5.26349188074876e-05,0.000190051499448613,0.999642733240708,0.000334430519687522,2.28362396048516e-05,0.999999962397304
5.43627155530606e-05,0.000184009182879857,0.999654090806812,0.000323800020616727,2.21091725714941e-05,0.999999962397378
5.61472290498255e-05,0.000178159030224976,0.99966508722924,0.000313507481070777,2.14052896895875e-05,0.99999996239745
5.79903210849829e-05,0.000172494926320116,0.999675733996707,0.000303542153946091,2.072384934707e-05,0.999999962397518
5.98939145608622e-05,0.000167010950838322,0.999686042232124,0.000293893634075833,2.00641338004051e-05,0.999999962397584
6.18599955010908e-05,0.000161701372066677,0.999696022704264,0.000284551847339427,1.9425448396964e-05,0.999999962397648
6.38906151226174e-05,0.0001565606408838,0.999705685839056,0.000275507040119619,1.88071208239903e-05,0.999999962397709
6.59878919757511e-05,0.000151583384929733,0.999715041730522,0.000266749769095974,1.82085003817462e-05,0.999999962397767
6.81540141544502e-05,0.000146764402963733,0.999724100151354,0.000258270891364001,1.76289572817322e-05,0.999999962397824
7.03912415791659e-05,0.000142098659402065,0.999732870563163,0.000250061554869512,1.70678819673091e-05,0.999999962397878
7.27019083546226e-05,0.000137581279031202,0.999741362126395,0.000242113189148095,1.65246844571546e-05,0.999999962397929
7.50884252049954e-05,0.000133207541890637,0.999749583709929,0.000234417496359945,1.59987937106643e-05,0.999999962397979
7.75532819890234e-05,0.000128972878319283,0.999757543900375,0.000226966442610611,1.54896570139775e-05,0.999999962398026
8.00990502976862e-05,0.000124872864160586,0.999765251011065,0.000219752249548487,1.49967393863424e-05,0.999999962398072
8.27283861371507e-05,0.000120903216121235,0.999772713090764,0.000212767386230223,1.45195230061234e-05,0.999999962398115
8.54440326997885e-05,0.000117059787278531,0.999779937932099,0.00020600456124546,1.40575066558015e-05,0.999999962398157
8.82488232261553e-05,0.000113338562731139,0.999786933079723,0.000199456715092621,1.36102051848283e-05,0.999999962398196
9.11456839609173e-05,0.000109735655389331,0.999793705838212,0.000193117012797717,1.31771489904726e-05,0.999999962398234
9.41376372058094e-05,0.000106247301900193,0.999800263279716,0.000186978836768402,1.27578835159915e-05,0.99999996239827
9.722780447281e-05,0.00010286985870209,0.99980661225136,0.000181035779875766,1.2351968764207e-05,0.999999962398304
0.000100419409740822,9.95997982066151e-05,0.999812759382415,0.00017528163875658,1.19589788283252e-05,0.999999962398336
0.000103715782819255,9.64337051014156e-05,0.999818711091234,0.000169710407328964,1.15785014369336e-05,0.999999962398366
0.00010712036282203,9.33682727724379e-05,0.99982447359197,0.00016431627051464,1.12101375151178e-05,0.999999962398395
0.000110636701755609,9.04002998391116e-05,0.99983005290108,0.000159093598161196,1.08535007585139e-05,0.999999962398422
0.000114268468224812,8.75266868011157e-05,0.99983545484362,0.000154036939157952,1.05082172221399e-05,0.999999962398448
0.000118019451260286,8.47444327926015e-05,0.999840685059338,0.00014914101573927,1.01739249229667e-05,0.999999962398472
0.000121893564271606,8.2050632438982e-05,0.999845749008576,0.000144400717969301,9.85027345433168e-06,0.999999962398494
0.000125894849130144,7.94424728147404e-05,0.999850651977984,0.000139811098402396,9.53692361354254e-06,0.999999962398515
0.000130027480385966,7.69172304989571e-05,0.999855399086044,0.000135367366913564,9.23354704217508e-06,0.999999962398534
0.000134295769623147,7.44722687237166e-05,0.99985999528843,0.000131064885693559,8.93982587693714e-06,0.999999962398551
0.000138704169958061,7.2105034613914e-05,0.999864445383184,0.000126899164403334,8.65545241224725e-06,0.999999962398567
0.000143257280685323,6.98130565158957e-05,0.999868754015743,0.000122865855482786,8.38012877450248e-06,0.999999962398582
0.000147959852076248,6.75939414105114e-05,0.999872925683785,0.000118960749608873,8.1135666060748e-06,0.999999962398595
0.000152816790334818,6.54453724086302e-05,0.999876964741942,0.000115179771298321,7.85548675946955e-06,0.999999962398607
0.000157833162716338,6.33651063274293e-05,0.999880875406347,0.000111518974650336,7.60561900226114e-06,0.999999962398617
0.000163014202814114,6.13509713434697e-05,0.999884661759044,0.000107974539224834,7.36370173105262e-06,0.999999962398626
0.000168365316019676,5.94008647200569e-05,0.999888327752254,0.000104542766051881,7.12948169411636e-06,0.999999962398633
0.000173892085162232,5.7512750608314e-05,0.999891877212508,0.000101220073768158,6.9027137242351e-06,0.999999962398639
0.000179600276333251,5.56846579176624e-05,0.999895313844644,9.80029948763948e-05,6.68316047946498e-06,0.999999962398643
0.000185495844902237,5.39146782537851e-05,0.999898641235684,9.4888172123865e-05,6.47059219185263e-06,0.999999962398646
0.000191584941729985,5.22009639235275e-05,0.999901862858578,9.18723549961347e-05,6.26478642546013e-06,0.999999962398648
0.00019787391958578,5.05417260022419e-05,0.999904982075837,8.89523963224023e-05,6.06552784104072e-06,0.999999962398648
0.000204369339775265,4.89352324634705e-05,0.999908002143042,8.61252489888667e-05,5.87260796903719e-06,0.999999962398647
0.000211077978985864,4.73798063676874e-05,0.999910926212254,8.33879627566854e-05,5.6858249893447e-06,0.999999962398645
0.000218006836356915,4.58738241093258e-05,0.9999137573353,8.07376811811891e-05,5.50498351873125e-06,0.999999962398641
0.000225163140781888,4.44157137197062e-05,0.999916498466966,7.8171638629126e-05,5.32989440514317e-06,0.999999962398635
0.000232554358450312,4.3003953222875e-05,0.999919152468082,7.56871573908144e-05,5.16037452746781e-06,0.999999962398628
0.000240188200637262,4.16370690456427e-05,0.999921722108512,7.32816448841796e-05,4.9962466035529e-06,0.99999996239862
0.000248072631748554,4.0313634476735e-05,0.999924210070049,7.09525909477486e-05,4.83733900286068e-06,0.99999996239861
0.00025621587763003,3.90322681760292e-05,0.999926618949214,6.86975652197706e-05,4.68348556614392e-06,0.999999962398599
0.000264626434149599,3.7791632730474e-05,0.999928951259969,6.65142146007167e-05,4.53452543011567e-06,0.999999962398586
0.000273313076060999,3.65904332570199e-05,0.999931209436345,6.4400260796509e-05,4.3903028587654e-06,0.999999962398572
0.000282284866158518,3.54274160487392e-05,0.999933395834981,6.23534979399036e-05,4.25066707878745e-06,0.999999962398557
0.000291551164732229,3.43013672654917e-05,0.999935512737591,6.03717902875425e-05,4.11547212172049e-06,0.99999996239854
0.000301121639333601,3.32111116651206e-05,0.99993756235334,5.8453069990262e-05,3.98457666998961e-06,0.999999962398521
0.000311006274861684,3.2155511375681e-05,0.999939546821157,5.65953349343287e-05,3.85784390851663e-06,0.999999962398501
0.000321215383980369,3.11334647064971e-05,0.999941468211968,5.47966466513416e-05,3.73514138082625e-06,0.999999962398479
0.000331759617877626,3.01439049973668e-05,0.999943328530855,5.30551282946177e-05,3.61634085005799e-06,0.999999962398456
0.000342649977377904,2.91857995041951e-05,0.999945129719156,5.13689626799417e-05,3.50131816422424e-06,0.999999962398431
0.000353897824419325,2.82581483198594e-05,0.999946873656486,4.97363903886333e-05,3.38995312554272e-06,0.999999962398404
0.000365514893907615,2.73599833298578e-05,0.999948562162705,4.81557079309478e-05,3.28212936438388e-06,0.999999962398376
0.000377513305959163,2.64903672013664e-05,0.999950196999815,4.66252659678894e-05,3.17773421742176e-06,0.999999962398346
0.000389905578545969,2.56483924037503e-05,0.999951779873801,4.51434675895781e-05,3.07665860896127e-06,0.999999962398314
0.000402704640555667,2.48331802605385e-05,0.999953312436415,4.37087666483712e-05,2.97879693635294e-06,0.999999962398281
0.000415923845280274,2.40438800321818e-05,0.999954796286895,4.23196661449966e-05,2.88404695968344e-06,0.999999962398246
0.000429576984347703,2.32796680274368e-05,0.99995623297364,4.09747166660097e-05,2.79230969443197e-06,0.999999962398209
0.000443678302110607,2.25397467426415e-05,0.999957623995822,3.96725148709429e-05,2.70348930717007e-06,0.999999962398169
0.000458242510507543,2.18233440293364e-05,0.999958970804957,3.84117020275642e-05,2.61749301555437e-06,0.999999962398129
0.000473284804411975,2.11297122876695e-05,0.999960274806415,3.71909625937165e-05,2.5342309908113e-06,0.999999962398086
0.00048882087748512,2.0458127685879e-05,0.999961537360892,3.60090228442532e-05,2.45361626375241e-06,0.999999962398041
0.000504866938549183,1.98078894041309e-05,0.999962759785825,3.48646495416372e-05,2.37556463331229e-06,0.999999962397994
0.00052143972849806,1.91783189029606e-05,0.999963943356773,3.37566486488125e-05,2.29999457855434e-06,0.999999962397945
0.000538556537763153,1.85687592147712e-05,0.999965089308744,3.26838640830047e-05,2.22682717326887e-06,0.999999962397894
0.000556235224352518,1.79785742575962e-05,0.999966198837488,3.16451765091483e-05,2.15598600302204e-06,0.999999962397841
0.000574494232482167,1.7407148171201e-05,0.999967273100743,3.06395021716794e-05,2.08739708536128e-06,0.999999962397786
0.000593352611818965,1.68538846740253e-05,0.999968313219444,2.96657917634733e-05,2.0209887922886e-06,0.999999962397728
0.000612830037355189,1.63182064404461e-05,0.999969320278894,2.87230293307471e-05,1.95669177507257e-06,0.999999962397668
0.0006329468299355,1.57995544981565e-05,0.999970295329895,2.78102312127805e-05,1.89443889176621e-06,0.999999962397605
0.000653723977457721,1.52973876444369e-05,0.999971239389848,2.69264450153503e-05,1.83416513676172e-06,0.99999996239754
0.00067518315676957,1.48111818815237e-05,0.99997215344381,2.60707486168036e-05,1.7758075731219e-06,0.999999962397472
0.000697346756284161,1.43404298689274e-05,0.999973038445528,2.52422492057328e-05,1.71930526606105e-06,0.999999962397402
0.000720237899337892,1.38846403944263e-05,0.999973895318431,2.44400823492478e-05,1.66459921980244e-06,0.999999962397329
0.000743880468315072,1.34433378608898e-05,0.999974724956594,2.36634110908711e-05,1.61163231545423e-06,0.999999962397253
0.00076829912956448,1.3016061789737e-05,0.999975528225672,2.29114250771142e-05,1.5603492511799e-06,0.999999962397174
0.000793519359133813,1.26023663407085e-05,0.999976305963803,2.21833397118226e-05,1.51069648479722e-06,0.999999962397093
0.00081956746934892,1.22018198458401e-05,0.999977058982485,2.14783953374077e-05,1.46262217713619e-06,0.999999962397008
0.000846470636265502,1.18140043592861e-05,0.99997778806742,2.07958564421088e-05,1.41607613823172e-06,0.99999996239692
0.000874256928021966,1.14385152208548e-05,0.999978493979333,2.01350108924577e-05,1.37100977462595e-06,0.999999962396829
0.000902955334122976,1.1074960633765e-05,0.999979177454771,1.9495169190146e-05,1.32737603869201e-06,0.999999962396735
0.000932595795684277,1.07229612554599e-05,0.999979839206868,1.88756637525167e-05,1.28512937920152e-06,0.999999962396637
0.000963209236670323,1.03821498019633e-05,0.99998047992609,1.82758482159311e-05,1.24422569399772e-06,0.999999962396536
0.000994827596157334,1.00521706642552e-05,0.999981100280955,1.76950967612812e-05,1.20462228361465e-06,0.999999962396431
0.00102748386165541,9.7326795370192e-06,0.999981700918733,1.71328034609459e-05,1.16627780654626e-06,0.999999962396323
0.00106121210352446,9.42334305965696e-06,0.999982282466117,1.65883816465071e-05,1.12915223640339e-06,0.99999996239621
0.00109604751051993,9.12383846790388e-06,0.999982845529884,1.60612632965671e-05,1.09320681962034e-06,0.999999962396094
0.00113202642650527,8.83385325747361e-06,0.999983390697521,1.55508984440261e-05,1.05840403546056e-06,0.999999962395974
0.0011691863883696,8.55308485737735e-06,0.999983918537842,1.50567546022039e-05,1.02470755627542e-06,0.999999962395849
0.00120756616519004,8.28124031421645e-06,0.999984429601581,1.45783162092036e-05,9.92082209614653e-07,0.99999996239572
0.00124720579867956,8.01803598685019e-06,0.999984924421968,1.41150840899399e-05,9.60493941880239e-07,0.999999962395587
0.00128814664496261,7.76319724983221e-06,0.999985403515283,1.3666574935268e-05,9.29909782198205e-07,0.999999962395449
0.00133043141772207,7.51645820721964e-06,0.999985867381394,1.32323207976713e-05,9.00297808383973e-07,0.999999962395306
0.00137410423276252,7.27756141479776e-06,0.999986316504284,1.28118686029803e-05,8.71627113307617e-07,0.999999962395158
0.00141921065403636,7.04625761141924e-06,0.99998675135255,1.24047796776131e-05,8.43867772612678e-07,0.999999962395006
0.00146579774118084,6.82230545914942e-06,0.999987172379895,1.20106292908448e-05,8.16990813727004e-07,0.999999962394848
0.0015139140986154,6.60547129090233e-06,0.999987580025603,1.16290062116268e-05,7.90968185088944e-07,0.999999962394685
0.00156360992625089,6.3955288671311e-06,0.999987974714993,1.12595122794939e-05,7.65772727384153e-07,0.999999962394516
0.00161493707186316,6.19225913935402e-06,0.999988356859866,1.09017619891122e-05,7.41378144797937e-07,0.999999962394342
0.00166794908518602,5.99545002162139e-06,0.999988726858934,1.05553820880322e-05,7.17758977605304e-07,0.999999962394161
0.0017227012737798,5.80489616935598e-06,0.999989085098237,1.02200111872293e-05,6.94890575741344e-07,0.999999962393975
0.00177925076073385,5.62039876477096e-06,0.999989431951543,9.89529938402352e-06,6.727490727592e-07,0.999999962393782
0.00183765654426318,5.44176530983953e-06,0.999989767780742,9.58090789698618e-06,6.51311361346437e-07,0.999999962393583
0.0018979795592615,5.26880942478605e-06,0.999990092936219,9.27650871245129e-06,6.30555068560403e-07,0.999999962393377
0.00196028274087464,5.10135065417066e-06,0.999990407757225,8.98178424226383e-06,6.10458533038747e-07,0.999999962393164
0.00202463109016106,4.93921427841468e-06,0.999990712572225,8.69642699240663e-06,5.91000782211366e-07,0.999999962392945
0.00209109174190749,4.78223113105039e-06,0.999991007699248,8.42013924216095e-06,5.72161509969914e-07,0.999999962392717
0.00215973403467091,4.63023742297314e-06,0.99999129344621,8.15263273346522e-06,5.5392105624053e-07,0.999999962392483
0.00223062958311957,4.48307457074916e-06,0.999991570111244,7.89362837014803e-06,5.36260385675147e-07,0.99999996239224
0.00230385235274878,4.34058903168954e-06,0.999991837983005,7.64285592672144e-06,5.19161068328818e-07,0.999999962391989
0.00237947873704927,4.20263214351084e-06,0.999992097340973,7.40005376643062e-06,5.02605260295532e-07,0.99999996239173
0.0024575876372087,4.06905996872959e-06,0.999992348455747,7.16496856826563e-06,4.86575684596781e-07,0.999999962391463
0.00253826054442948,3.93973314515414e-06,0.999992591589324,6.93735506265042e-06,4.71055613828931e-07,0.999999962391186
0.00262158162494871,3.81451674016956e-06,0.999992826995372,6.71697577553314e-06,4.56028852402992e-07,0.999999962390901
0.00270763780784902,3.69328010983712e-06,0.9999930549195,6.50360078061082e-06,4.4147971953171e-07,0.999999962390606
0.00279651887575192,3.57589676260462e-06,0.999993275599508,6.29700745942973e-06,4.27393032889748e-07,0.999999962390301
0.00288831755848819,3.46224422753071e-06,0.999993489265638,6.09698026911112e-06,4.1375409297515e-07,0.999999962389986
0.00298312962984313,3.35220392614526e-06,0.999993696140815,5.90331051745986e-06,4.00548667415333e-07,0.99999996238966
0.00308105400747763,3.24566104906221e-06,0.999993896440878,5.71579614522145e-06,3.87762976451484e-07,0.999999962389324
0.00318219285612913,3.14250443601525e-06,0.999994090374806,5.53424151525999e-06,3.75383678385252e-07,0.999999962388977
0.0032866516942004,3.04262645975956e-06,0.999994278144936,5.35845720843718e-06,3.63397855540975e-07,0.999999962388618
0.00339453950384709,2.94592291394588e-06,0.999994459947173,5.18825982597942e-06,3.51793000956175e-07,0.999999962388248
0.00350596884467913,2.85229290440403e-06,0.999994635971197,5.02347179812657e-06,3.40557005340745e-07,0.999999962387865
0.00362105597119437,2.76163874371366e-06,0.999994806400657,4.86392119886292e-06,3.29678144282197e-07,0.99999996238747
0.00373992095406725,2.67386584938094e-06,0.999994971413367,4.70944156653687e-06,3.19145066112504e-07,0.999999962387061
0.00386268780541876,2.58888264504865e-06,0.99999513118149,4.55987173018222e-06,3.08946779957543e-07,0.99999996238664
0.00398948460819862,2.5066004651633e-06,0.999995285871714,4.41505564135973e-06,2.99072644483439e-07,0.999999962386204
0.00412044364981452,2.4269334620769e-06,0.999995435645432,4.27484221134366e-06,2.89512356405072e-07,0.999999962385754
0.00425570156014788,2.3497985170005e-06,0.999995580658906,4.13908515348317e-06,2.80255940258918e-07,0.99999996238529
0.00439539945410012,2.27511515278239e-06,0.999995721063432,4.00764283057431e-06,2.71293737495233e-07,0.999999962384809
0.00453968307881823,2.20280545014484e-06,0.999995857005496,3.88037810708308e-06,2.62616396603301e-07,0.999999962384314
0.00468870296575304,2.13279396634635e-06,0.999995988626931,3.7571582060656e-06,2.54214863313553e-07,0.999999962383802
0.00484261458770911,2.06500765678805e-06,0.999996116065058,3.63785457063598e-06,2.46080371470061e-07,0.999999962383273
0.00500157852104985,1.99937579808226e-06,0.999996239452837,3.52234272983727e-06,2.3820443316362e-07,0.999999962382727
0.00516576061322719,1.93582991498468e-06,0.999996358919001,3.41050216877574e-06,2.30578830596808e-07,0.999999962382163
0.00533533215581069,1.87430370859342e-06,0.99999647458819,3.30221620288263e-06,2.23195607152108e-07,0.99999996238158
0.00551047006319642,1.81473298699066e-06,0.999996586581085,3.1973718561726e-06,2.16047058904363e-07,0.999999962380979
0.00569135705718213,1.75705559883453e-06,0.999996695014529,3.09585974337149e-06,2.09125727148782e-07,0.999999962380357
