1e-07,0.121027270360028,0.791365941000468,0.175213577279008,0.0334204817205239,0.999999962626005
1.03282605511167e-07,0.116382038765022,0.798928451696424,0.169379019077107,0.0316925292264686,0.999999962641305
1.06672966011754e-07,0.111943314082753,0.806187971541356,0.163737428751782,0.0300745997068619,0.99999996265796
1.10174618672982e-07,0.107700267904709,0.813157796305707,0.158283871579168,0.0285583321151245,0.99999996267566
1.13791216777448e-07,0.103642661828636,0.819850745653575,0.153013185035577,0.027136069310848,0.999999962694146
1.17526533530609e-07,0.0997608355170796,0.826279130155523,0.147920068654795,0.0258008011896823,0.999999962713203
1.21384465997369e-07,0.0960456874408091,0.832454735257783,0.142999154602816,0.0245461101394013,0.999999962732649
1.25369039167899e-07,0.0924886510081416,0.83838881760045,0.138245062782816,0.0233661196167335,0.999999962752333
1.29484410156922e-07,0.0890816680306248,0.844092110192659,0.133652443553432,0.0222554462539087,0.99999996277213
1.33734872540836e-07,0.0858171609169138,0.849574833810754,0.129216010544665,0.0212091556445815,0.999999962791936
1.38124860837214e-07,0.0826880045732255,0.854846712642446,0.124930565568656,0.0202227217888973,0.999999962811663
1.42658955131348e-07,0.0796874986844898,0.859916992701176,0.120791017228669,0.0192919900701553,0.999999962831241
1.47341885854664e-07,0.0768093408277018,0.864794461916161,0.116792394512274,0.0184131435715649,0.999999962850611
1.52178538719987e-07,0.0740476007071586,0.869487471092931,0.11292985639982,0.0175826725072485,0.999999962869724
1.57173959818823e-07,0.0713966956845808,0.874003955158051,0.109198698314736,0.0167973465272126,0.999999962888543
1.62333360885955e-07,0.0688513676937981,0.878351454267058,0.105594356078288,0.0160541896546541,0.999999962907034
1.67662124736861e-07,0.0664066615709538,0.882537134479022,0.102112407900048,0.0153504576209298,0.999999962925175
1.73165810883613e-07,0.0640579047905334,0.886567807794439,0.0987485748300546,0.0146836173755061,0.999999962942946
1.78850161335136e-07,0.0618006885700722,0.890449951422828,0.095498720014199,0.0140513285629727,0.999999962960331
1.84721106587855e-07,0.0596308502885514,0.894189726198125,0.092358847026647,0.0134514267752279,0.999999962977322
1.90784771812997e-07,0.0575444571525946,0.897792994098057,0.0893250974986964,0.0128819084032464,0.999999962993909
1.97047483246998e-07,0.0555377910386323,0.901265334851493,0.0863937482197487,0.012340916928758,0.99999996301009
2.03515774791681e-07,0.0536073344367863,0.904612061637758,0.0835612078509114,0.0118267305113307,0.999999963025861
2.10196394831087e-07,0.0517497574222408,0.907838235896048,0.0808240133634218,0.0113377507405299,0.999999963041223
2.17096313272088e-07,0.0499619055815577,0.910948681272802,0.0781788262912809,0.0108724924359173,0.999999963056178
2.24222728816098e-07,0.0482407888241673,0.913947996741288,0.0756224288690892,0.0104295743896226,0.999999963070727
2.31583076469505e-07,0.0465835710127214,0.916840568931657,0.0731517201112437,0.0100077109570996,0.999999963084877
2.39185035300624e-07,0.0449875603498419,0.919630583711813,0.0707637118766901,0.00960570441149684,0.999999963098631
2.47036536451289e-07,0.0434502004627995,0.922322037060318,0.0684555249537655,0.00922243798591672,0.999999963111995
2.55145771411436e-07,0.0419690621317005,0.924918745272361,0.0662243851918767,0.00885686953576216,0.999999963124977
2.63521200565298e-07,0.0405418356107159,0.927424354539043,0.0640676197004823,0.00850802576047478,0.999999963137583
2.72171562018149e-07,0.0391663234957023,0.929842349938906,0.0619826531307839,0.00817499693031037,0.99999996314982
2.81105880712787e-07,0.0378404340951963,0.93217606387907,0.0599670040514678,0.00785693206946243,0.999999963161697
2.9033347784528e-07,0.0365621752651831,0.934428684021534,0.0580182814265663,0.00755303455189991,0.999999963173221
2.99863980589793e-07,0.0353296486712407,0.93660326072831,0.0561341812008989,0.00726255807079126,0.9999999631844
3.09707332142639e-07,0.0341410444446337,0.938702714057137,0.0543124829964594,0.006984802946404,0.999999963195243
3.19873802096042e-07,0.0329946362016858,0.940729840337582,0.0525510469214635,0.0067191127409541,0.999999963205759
3.30373997152427e-07,0.0318887763983016,0.94268731835547,0.0508478104924561,0.00646487115207354,0.999999963215954
3.41218872190416e-07,0.0308218919938426,0.944577715171729,0.0492007856688567,0.00622149915941426,0.999999963225839
3.52419741694082e-07,0.0297924804007121,0.946403491600029,0.047608055998517,0.00598845240145363,0.999999963235421
3.63988291557374e-07,0.0287991056979651,0.948167007365905,0.0460677738722595,0.00576521876183535,0.999999963244708
3.7593659127604e-07,0.0278403950890656,0.949870525968484,0.0445781578849008,0.0055513161466152,0.999999963253708
3.88277106539761e-07,0.0269150355855547,0.951516219264482,0.043137490299927,0.00534629043559117,0.99999996326243
4.01022712237636e-07,0.0260217708998993,0.953106171792728,0.0417441146147448,0.00514971359252688,0.999999963270881
4.14186705890581e-07,0.0251593985321682,0.954642384856195,0.0403964332232732,0.0049611819205316,0.999999963279069
4.27782821524667e-07,0.0243267670364314,0.9561267803773,0.0390929051725372,0.0047803144501628,0.999999963287002
4.41825243999864e-07,0.023522773453932,0.957561204541127,0.0378320440098813,0.00460675144899132,0.999999963294688
4.56328623809131e-07,0.0227463609011194,0.958947431240177,0.0366124157174075,0.00444015304241568,0.999999963302132
4.71308092363324e-07,0.0219965163015929,0.960287165333274,0.0354326367302661,0.00428019793645978,0.999999963309344
4.86779277777819e-07,0.0212722682518758,0.961582045730386,0.0342913720354768,0.00412658223413744,0.999999963316328
5.02758321177375e-07,0.0205726850117391,0.962833648314251,0.0331873333480191,0.00397901833772955,0.999999963323094
5.19261893536195e-07,0.0198968726105187,0.964043488708974,0.0321192773610142,0.00383723393001165,0.999999963329646
5.36307213070806e-07,0.019243973061543,0.965213024905004,0.0310860040669063,0.00370097102808984,0.999999963335992
5.53912063203856e-07,0.0186131626773914,0.966343659749282,0.0300863551466536,0.00356998510406462,0.999999963342138
5.72094811117606e-07,0.0180036504792656,0.967436743308717,0.0291192124240349,0.00344404426724814,0.999999963348089
5.90874426916454e-07,0.0174146766942661,0.968493575114589,0.0281834963822892,0.0033229285031215,0.999999963353853
6.10270503418493e-07,0.0168455113348323,0.969515406294965,0.0272781647404053,0.0032064289646297,0.999999963359434
6.30303276596736e-07,0.0162954528550377,0.970503441601717,0.0264022110864903,0.00309434731179251,0.999999963364839
6.50993646691368e-07,0.0157638268788195,0.971458841338307,0.0255546635657466,0.00298649509594625,0.999999963370072
6.72363200015008e-07,0.0152499849955911,0.972382723194062,0.0247345836206944,0.0028826931852439,0.99999996337514
6.94434231473761e-07,0.0147533036190082,0.973276163990304,0.0239410647813758,0.00278277122832029,0.999999963380046
7.17229767827552e-07,0.0142731829049736,0.974140201343338,0.0231732315033759,0.00268656715328563,0.999999963384798
7.40773591713991e-07,0.0138090457252383,0.974975835248965,0.0224302380515934,0.00259392669944156,0.999999963389398
7.65090266460866e-07,0.0133603366932205,0.975784029592888,0.0217112674277833,0.00250470297932882,0.999999963393853
7.90205161713115e-07,0.0129265212388964,0.97656571359111,0.0210155303399867,0.0024187560689031,0.999999963398165
8.16144479901037e-07,0.0125070847298408,0.977321783164136,0.0203422642120465,0.00233595262381756,0.999999963402341
8.42935283577358e-07,0.0121015316356925,0.978053102248562,0.0196907322314901,0.00225616551994749,0.999999963406385
8.70605523651641e-07,0.0117093847335087,0.978760504049421,0.0190602224341412,0.00217927351643806,0.999999963410299
8.99184068551557e-07,0.0113301843516437,0.979444792236408,0.0184500468238959,0.00210516093969573,0.999999963414089
9.28700734341368e-07,0.010963487649945,0.980106742086969,0.0178595405261722,0.00203371738685893,0.999999963417759
9.59186315829108e-07,0.0106088679342085,0.980747101578986,0.0172880609736103,0.00196483744740335,0.999999963421312
9.90672618694879e-07,0.0102659140029674,0.981366592435699,0.0167349871226675,0.00189842044163366,0.999999963424752
1.02319249267378e-06,0.00993422952481936,0.981965911125274,0.0161997186998131,0.00183437017491282,0.999999963428083
1.05677986582814e-06,0.00961343244460699,0.982545729817349,0.0156816754760882,0.00177259470656286,0.999999963431307
1.09146977994472e-06,0.00930315441688137,0.983106697298691,0.0151802965688558,0.00171300613245346,0.999999963434429
1.12729842709391e-06,0.00900304026517207,0.983649439850021,0.0146950397696142,0.00165552038036499,0.999999963437451
1.164303187389e-06,0.00871274746568338,0.984174562085914,0.0142253808968045,0.00160005701728112,0.999999963440378
1.20252266798493e-06,0.00843194565412319,0.984682647759582,0.0137708131725889,0.00154653906782874,0.999999963443211
1.24199674335724e-06,0.00816031615444806,0.985174260534241,0.013330846622622,0.00149489284313706,0.999999963445954
1.2827665969032e-06,0.00789755152838453,0.985649944722673,0.012905007497885,0.00144504777944203,0.999999963448609
1.32487476390855e-06,0.00764335514465692,0.986110225996497,0.0124928377176919,0.00139693628581094,0.99999996345118
1.36836517592468e-06,0.00739744076691321,0.986555612066578,0.0120938943330181,0.00135049360040414,0.99999996345367
1.41328320660248e-06,0.00715953215940325,0.986986593335927,0.0117077490093393,0.0013056576547336,0.99999996345608
1.45967571903081e-06,0.00692936270951837,0.987403643526379,0.0113339875282055,0.00126236894541562,0.999999963458413
1.50759111462889e-06,0.00670667506635519,0.98780722028024,0.0109722093068089,0.00122057041295075,0.999999963460672
1.55707938364357e-06,0.00649122079451105,0.98819776573807,0.0106220269348369,0.0011802073270926,0.999999963462859
1.6081921573043e-06,0.00628276004237019,0.988575707093663,0.0102830657279333,0.00114122717840354,0.999999963464976
1.66098276169013e-06,0.00608106122417558,0.988941457127265,0.0099549632971195,0.00110357957561583,0.999999963467026
1.71550627336491e-06,0.00588590071522626,0.989295414717995,0.00963736913355662,0.00106721614844795,0.99999996346901
1.77181957683881e-06,0.00569706255957472,0.989637965336397,0.00932994420805562,0.00103209045554691,0.999999963470932
1.82998142391606e-06,0.00551433818963312,0.989969481517983,0.00903236058476791,0.000998157897249169,0.999999963472792
1.89005249499087e-06,0.00533752615713113,0.990290323318612,0.00874430104851398,0.000965375632874138,0.999999963474593
1.95209546235539e-06,0.00516643187489814,0.990600838752487,0.00846545874522982,0.000933702502283234,0.999999963476336
2.01617505558591e-06,0.00500086736897036,0.990901364213513,0.00819553683503341,0.000903098951453655,0.999999963478024
2.08235812907536e-06,0.0048406510405509,0.991192224880732,0.00793424815743442,0.000873526961833689,0.999999963479659
2.15071373178262e-06,0.00468560743737641,0.991473735108508,0.00768131490823029,0.000844949983261265,0.999999963481241
2.22131317927155e-06,0.0045355670340659,0.991746198802109,0.00743646832765062,0.00081733287024059,0.999999963482773
2.2942301281146e-06,0.00439036602105084,0.992009909779284,0.00719944839933045,0.000790641821385617,0.999999963484256
2.36954065273895e-06,0.00424984610170678,0.992265152118438,0.00697000355970973,0.000764844321851913,0.999999963485692
2.44732332479511e-06,0.00411385429732418,0.992512200493939,0.00674789041747329,0.000739909088587536,0.999999963487082
2.52765929513092e-06,0.00398224275957677,0.992751320499093,0.00653287348266095,0.000715806018246292,0.999999963488428
2.61063237845642e-06,0.00385486859016309,0.992982768957291,0.00632472490509274,0.000692506137616719,0.99999996348973
2.69632914078795e-06,0.00373159366730992,0.993206794221806,0.00612322422176834,0.000669981556425748,0.999999963490992
2.78483898976267e-06,0.00361228447884687,0.993423636464696,0.00592815811291359,0.000648205422390074,0.999999963492213
2.87625426791775e-06,0.00349681196157091,0.993633527955249,0.00573932016636006,0.000627151878390877,0.999999963493395
2.9706703490316e-06,0.00338505134663717,0.993836693328385,0.00555651064995593,0.000606796021659204,0.99999996349454
3.06818573762752e-06,0.00327688201072225,0.994033349843418,0.00537953629171869,0.00058711386486291,0.999999963495648
3.16890217174373e-06,0.00317218733271987,0.994223707633554,0.00520821006745127,0.000568082298994236,0.999999963496721
3.27292472907689e-06,0.00307085455574127,0.994407969946482,0.00504235099555422,0.000549679057964163,0.99999996349776
3.38036193660993e-06,0.00297277465420092,0.994586333376411,0.00488178393877704,0.000531882684812398,0.999999963498766
3.49132588383849e-06,0.00287784220578031,0.994758988087889,0.00472633941266163,0.000514672499449496,0.999999963499739
3.60593233971418e-06,0.00278595526807204,0.994926118031708,0.00457585340044027,0.000498028567851901,0.999999963500682
3.7243008734266e-06,0.00269701525971575,0.995087901153204,0.00443016717416006,0.00048193167263572,0.999999963501595
3.84655497915016e-06,0.00261092684584354,0.99524450959325,0.00428912712181391,0.000466363284936588,0.999999963502478
3.97282220488582e-06,0.00252759782766717,0.995396109882199,0.00415258458026708,0.000451305537533636,0.999999963503333
4.10323428553227e-06,0.00244693903603793,0.995542863127074,0.00402039567377576,0.000436741199150053,0.999999963504161
4.23792728032526e-06,0.00236886422882618,0.995684925192223,0.00389242115790239,0.000422653649874984,0.999999963504963
4.37704171478848e-06,0.00229328999196935,0.995822446873711,0.00376852626863926,0.000409026857649718,0.999999963505739
4.52072272734421e-06,0.00222013564404544,0.995955574067675,0.00364858057655937,0.00039584535576575,0.999999963506491
4.66912022073661e-06,0.00214932314423478,0.996084447932855,0.00353245784582001,0.000383094221324772,0.999999963507218
4.82238901842554e-06,0.00208077700354014,0.996209205047534,0.00342003589785114,0.000370759054614568,0.999999963507922
4.9806890261143e-06,0.00201442419913993,0.996329977561077,0.00331119647956682,0.000358825959356521,0.999999963508604
5.14418539857963e-06,0.0019501940917538,0.996446893340274,0.0032058251359439,0.00034728152378185,0.999999963509264
5.31304871197807e-06,0.00188801834590687,0.996560076110684,0.00310381108681785,0.000336112802497951,0.999999963509903
5.48745514180847e-06,0.00182783085298298,0.996669645593141,0.00300504710775121,0.000325307299107375,0.999999963510522
5.6675866467163e-06,0.00176956765696162,0.996775717635621,0.00290942941483519,0.000314852949544022,0.999999963511121
5.85363115833159e-06,0.00171316688273735,0.996878404340617,0.00281685755329036,0.000304738106092168,0.999999963511701
6.04578277733839e-06,0.00165856866692634,0.996977814188205,0.00272723428973672,0.000294951522057979,0.999999963512262
6.2442419759805e-06,0.00160571509106692,0.997074052154929,0.00264046550800871,0.000285482337062569,0.999999963512805
6.44921580721465e-06,0.0015545501171252,0.997167219828678,0.00255646010839459,0.0002763200629279,0.999999963513331
6.66091812072936e-06,0.00150501952522184,0.997257415519686,0.00247512991018443,0.000267454570129629,0.999999963513841
6.87956978605476e-06,0.00145707085349694,0.997344734367796,0.00239638955741472,0.000258876074789583,0.999999963514334
7.10539892299639e-06,0.00141065334003651,0.997429268446113,0.00232015642770184,0.000250575126185584,0.999999963514811
7.33864113963309e-06,0.0013657178667838,0.997511106861186,0.0022463505440603,0.000242542594753654,0.999999963515273
7.57953977812749e-06,0.0013222169053645,0.997590335849833,0.00217489448960538,0.00023476966056181,0.99999996351572
7.82834616860541e-06,0.0012801044647567,0.997667038872722,0.00210571332504346,0.000227247802234976,0.999999963516153
8.0853198913693e-06,0.00123933604073767,0.997741296704834,0.00203873450885638,0.000219968786309482,0.999999963516572
8.35072904771889e-06,0.00119986856704596,0.997813187522909,0.00197388782009,0.000212924657000962,0.999999963516978
8.62485053966196e-06,0.00116166036819528,0.997882786989975,0.00191110528365963,0.00020610772636547,0.99999996351737
8.90797035880684e-06,0.0011246711138825,0.997950168337073,0.00185032109808866,0.000199510564838164,0.99999996351775
9.20038388473819e-06,0.00108886177493282,0.998015402442268,0.00179147156559915,0.000193125992133242,0.999999963518118
9.50239619318715e-06,0.00105419458072753,0.998078557907034,0.00173449502447621,0.00018694706848942,0.999999963518474
9.81432237431766e-06,0.00102063297806172,0.998139701130123,0.00167933178363064,0.000180967086246397,0.999999963518819
1.01364878614607e-05,0.000988141591382456,0.998198896378974,0.00162592405928694,0.000175179561738988,0.999999963519153
1.04692287706399e-05,0.000956686184357874,0.998256205858779,0.00157421591372614,0.000169578227494803,0.999999963519475
1.08128922512416e-05,0.000926233622731477,0.998311689779261,0.00152415319601573,0.000164157024723612,0.999999963519788
1.11678368481974e-05,0.000896751838416034,0.998365406419254,0.00147568348466065,0.000158910096085711,0.99999996352009
1.15344328760545e-05,0.000868209794784402,0.998417412189159,0.00142875603211226,0.000153831778728274,0.999999963520383
1.19130628053258e-05,0.000840577453115419,0.998467761691348,0.00138332171107385,0.000148916597578492,0.999999963520667
1.23041216615222e-05,0.000813825740155387,0.998516507778573,0.0013393329625436,0.000144159258883589,0.999999963520941
1.27080174372841e-05,0.000787926516755456,0.998563701610476,0.0012967437455377,0.000139554643986608,0.999999963521206
1.31251715180404e-05,0.000762852547549218,0.998609392708231,0.00125550948843865,0.000135097803329894,0.999999963521463
1.35560191216418e-05,0.00073857747163403,0.998653629007408,0.00121558704191515,0.000130783950676455,0.999999963521711
1.40010097524237e-05,0.00071507577422067,0.998696456909098,0.00117693463336216,0.000126608457539592,0.999999963521952
1.44606076701759e-05,0.000692322759220799,0.998737921329374,0.00113951182281129,0.000122566847815155,0.999999963522184
1.49352923745053e-05,0.000670294522737175,0.998778065747131,0.0011032794602634,0.000118654792605477,0.99999996352241
1.54255591050998e-05,0.000648967927427861,0.998816932250374,0.00106819964439685,0.000114868105229434,0.999999963522627
1.59319193584122e-05,0.000628320577714093,0.998854561580983,0.00103423568260656,0.000111202736410811,0.999999963522838
1.64549014213061e-05,0.000608330795802781,0.998890993178032,0.00100135205233025,0.000107654769637655,0.999999963523042
1.6995050922219e-05,0.000588977598496901,0.998926265219693,0.000969514363620045,0.000104220416686878,0.999999963523239
1.75529314004175e-05,0.000570240674766451,0.998960414663774,0.000938689322918767,0.000100896013307067,0.99999996352343
1.8129124893939e-05,0.000552100364053953,0.998993477286945,0.000908844698001677,9.76780150531144e-05,0.999999963523614
1.87242325468339e-05,0.000534537635291277,0.999025487722686,0.000879949284045756,9.45629932683988e-05,0.999999963523793
1.933887523634e-05,0.000517534066602278,0.999056479498003,0.000851972870789838,9.15476312073589e-05,0.999999963523966
1.99736942206459e-05,0.000501071825668549,0.999086485068956,0.000824886210750172,8.86287202934631e-05,0.999999963524132
2.06293518079165e-05,0.00048513365073724,0.999115535855034,0.000798660988457101,8.58031565086895e-05,0.999999963524294
2.13065320472813e-05,0.000469702832247321,0.999143662272413,0.000773269790679753,8.30679369074442e-05,0.99999996352445
2.20059414425039e-05,0.000454763195056236,0.99917089376614,0.000748686077606661,8.04201562529061e-05,0.999999963524601
2.27283096890798e-05,0.00044029908124424,0.99919725884128,0.000724884154951364,7.7857003768558e-05,0.999999963524747
2.34743904355287e-05,0.000426295333479199,0.999222785093044,0.000701839146953008,7.53757600026949e-05,0.999999963524888
2.42449620696783e-05,0.000412737278922387,0.999247499235956,0.000679526970242971,7.29737938009019e-05,0.999999963525024
2.50408285307579e-05,0.000399610713656963,0.999271427132068,0.000657924308549492,7.0648559382217e-05,0.999999963525156
2.58628201481505e-05,0.00038690188762282,0.999294593818271,0.000637008588213217,6.83975935162119e-05,0.999999963525283
2.67117945076771e-05,0.000374597490040165,0.999317023532716,0.000616757954487431,6.62185127964491e-05,0.999999963525406
2.75886373463177e-05,0.000362684635305395,0.999338739740396,0.000597151248597658,6.4109011006566e-05,0.999999963525524
2.8494263476304e-05,0.000351150849345138,0.999359765157887,0.000578167985536072,6.20668565771023e-05,0.999999963525639
2.94296177395436e-05,0.000339984056411521,0.999380121777305,0.000559788332567053,6.00898901279944e-05,0.99999996352575
3.03956759933773e-05,0.00032917256630563,0.999399830889484,0.000541993088420901,5.81760220951793e-05,0.999999963525857
3.13934461286925e-05,0.000318705062013706,0.99941891310641,0.000524763663153563,5.63232304369248e-05,0.99999996352596
3.24239691214583e-05,0.000308570587743722,0.999437388382931,0.000508082058650884,5.45295584182803e-05,0.99999996352606
3.34883201187784e-05,0.000298758537348287,0.999455276037773,0.000491930849756628,5.27931124699727e-05,0.999999963526156
3.45876095605948e-05,0.000289258643122172,0.999472594773876,0.000476293166004189,5.11120601200779e-05,0.999999963526249
3.57229843382119e-05,0.000280060964960411,0.999489362698073,0.00046115267393255,4.94846279941366e-05,0.999999963526338
3.68956289908515e-05,0.0002711558798676,0.999505597340149,0.000446493559967712,4.79090998837439e-05,0.999999963526424
3.8106766941485e-05,0.000262534071804525,0.99952131567127,0.000432300513851384,4.63838148788327e-05,0.999999963526507
3.93576617732339e-05,0.000254186521863028,0.999536534121837,0.000418558712599356,4.49071655633496e-05,0.999999963526587
4.06496185476687e-05,0.000246104498756418,0.999551268598757,0.000405253804972534,4.34775962701512e-05,0.999999963526665
4.19839851663829e-05,0.000238279549617799,0.99956553450216,0.000392371896444154,4.20936013957217e-05,0.999999963526739
4.33621537772622e-05,0.000230703491093047,0.999579346741583,0.000379899534647246,4.07537237694236e-05,0.99999996352681
4.47855622269155e-05,0.000223368400721421,0.999592719751635,0.000367823695286946,3.94565530779482e-05,0.999999963526879
4.62556955607834e-05,0.000216266608593245,0.999605667507155,0.000356131768502701,3.82007243418944e-05,0.999999963526945
4.77740875724904e-05,0.000209390689276354,0.999618203537891,0.000344811545665974,3.69849164433666e-05,0.999999963527009
4.93423224040549e-05,0.000202733454000964,0.999630340942699,0.000333851206599444,3.58078507012423e-05,0.99999996352707
5.09620361986283e-05,0.000196287943096741,0.999642092403301,0.000323239307204213,3.46682894946349e-05,0.999999963527128
5.26349188074876e-05,0.000190047418672716,0.999653470197586,0.000312964767481919,3.35650349317561e-05,0.999999963527184
5.43627155530606e-05,0.000184005357531735,0.999664486212499,0.000303016859939122,3.2496927562174e-05,0.999999963527238
5.61472290498255e-05,0.000178155444313022,0.999675151956506,0.000293385198361684,3.14628451321802e-05,0.99999996352729
5.79903210849829e-05,0.000172491564854334,0.999685478571672,0.000284059726947324,3.04617013806719e-05,0.999999963527339
5.98939145608622e-05,0.000167007799767355,0.99969547684534,0.000275030709784862,2.94924448749239e-05,0.999999963527387
6.18599955010908e-05,0.000161698418219218,0.999705157221446,0.000266288720669041,2.85540578846977e-05,0.999999963527432
6.38906151226174e-05,0.000156557871913425,0.999714529811466,0.000257824633240214,2.76455552933184e-05,0.999999963527475
6.59878919757511e-05,0.000151580789263146,0.999723604405018,0.000249629611438471,2.67659835439102e-05,0.999999963527516
6.81540141544502e-05,0.000146761969752386,0.999732390480117,0.000241695100262171,2.59144196213007e-05,0.999999963527555
7.03912415791659e-05,0.000142096378476565,0.999740897213113,0.000234012816821113,2.50899700660089e-05,0.999999963527592
7.27019083546226e-05,0.000137579140859001,0.999749133488304,0.000226574741674955,2.42917700215237e-05,0.999999963527627
7.50884252049954e-05,0.000133205537536094,0.99975710790724,0.000219373110447734,2.35189823122268e-05,0.99999996352766
7.75532819890234e-05,0.000128970999406183,0.999764828797739,0.000212400405709673,2.27707965513468e-05,0.999999963527692
8.00990502976862e-05,0.000124871102837254,0.999772304222604,0.000205649349117731,2.2046428278389e-05,0.999999963527722
8.27283861371507e-05,0.000120901565027403,0.999779541988069,0.000199112893806621,2.13451181240921e-05,0.99999996352775
8.54440326997885e-05,0.000117058239514738,0.999786549651974,0.000192784217022304,2.06661310035859e-05,0.999999963527776
8.82488232261553e-05,0.000113337111830052,0.999793334531675,0.000186656712990198,2.00087553349536e-05,0.9999999635278
9.11456839609173e-05,0.000109734295288452,0.999799903711706,0.000180723986010618,1.93723022831429e-05,0.999999963527823
9.41376372058094e-05,0.00010624602691636,0.999806264051197,0.000174979843774185,1.87561050292679e-05,0.999999963527844
9.722780447281e-05,0.000102868663508088,0.999812422191047,0.000169418290890178,1.8159518062999e-05,0.999999963527864
0.000100419409740822,9.95986778085834e-05,0.999818384560881,0.00016403352262103,1.75819164980686e-05,0.999999963527882
0.000103715782819255,9.64326548183412e-05,0.999824157385773,0.000158819918816398,1.70226954101423e-05,0.999999963527898
0.00010712036282203,9.33672882160916e-05,0.999829746692764,0.000153772038040419,1.64812691958821e-05,0.999999963527913
0.000110636701755609,9.03993768959217e-05,0.999835158317161,0.000148884611886003,1.59570709529201e-05,0.999999963527926
0.000114268468224812,8.75258216152597e-05,0.99984039790865,0.000144152539470186,1.54495518801668e-05,0.999999963527938
0.000118019451260286,8.47436217493941e-05,0.999845470937198,0.000139570882104768,1.49581806970101e-05,0.999999963527948
0.000121893564271606,8.20498721499955e-05,0.999850382698782,0.000135134858136647,1.44824430816722e-05,0.999999963527956
0.000125894849130144,7.94417601036848e-05,0.99985513832092,0.000130839837952429,1.40218411274701e-05,0.999999963527963
0.000130027480385966,7.69165623883846e-05,0.999859742768041,0.000126681339142088,1.35758928173406e-05,0.999999963527969
0.000134295769623147,7.44716424224378e-05,0.999864200846669,0.000122655021816582,1.31441315141466e-05,0.999999963527973
0.000138704169958061,7.2104447505509e-05,0.999868517210457,0.000118756684074543,1.27261054682375e-05,0.999999963527975
0.000143257280685323,6.98125061477588e-05,0.999872696365046,0.000114982257613262,1.23213773411277e-05,0.999999963527976
0.000147959852076248,6.75934254832641e-05,0.999876742672777,0.000111327803479389,1.19295237435694e-05,0.999999963527976
0.000152816790334818,6.54448887671351e-05,0.999880660357255,0.000107789507954881,1.15501347896944e-05,0.999999963527974
0.000157833162716338,6.33646529513803e-05,0.999884453507762,0.000104363678573895,1.1182813664433e-05,0.999999963527971
0.000163014202814114,6.13505463387172e-05,0.999888126083528,0.000101046740266442,1.0827176205496e-05,0.999999963527966
0.000168365316019676,5.94004663112445e-05,0.999891681917876,9.78352316247857e-05,1.04828504988517e-05,0.999999963527959
0.000173892085162232,5.75123771312658e-05,0.999895124722224,9.47258012886375e-05,1.01494764869471e-05,0.999999963527951
0.000179600276333251,5.56843078120519e-05,0.999898458089965,9.17152044454013e-05,9.82670558935128e-06,0.999999963527942
0.000185495844902237,5.39143500572642e-05,0.999901685500222,8.88002994417747e-05,9.51420033637683e-06,0.999999963527931
0.000191584941729985,5.22006562649298e-05,0.999904810321483,8.5978044503173e-05,9.21163401334331e-06,0.999999963527918
0.00019787391958578,5.05414375964638e-05,0.999907835815125,8.32454945575363e-05,8.91869031769561e-06,0.999999963527904
0.000204369339775265,4.89349621057409e-05,0.999910765138814,8.05997981601952e-05,8.63506302564327e-06,0.999999963527888
0.000211077978985864,4.73795529286033e-05,0.999913601349813,7.80381945165772e-05,8.36045567031467e-06,0.999999963527871
0.000218006836356915,4.58735865302559e-05,0.99991634740817,7.55580105996372e-05,8.09458123043734e-06,0.999999963527852
0.000225163140781888,4.44154910081715e-05,0.999919006179812,7.31566583589955e-05,7.83716182867374e-06,0.999999963527831
0.000232554358450312,4.30037444485234e-05,0.999921580439542,7.08316320188614e-05,7.58792843909266e-06,0.999999963527809
0.000240188200637262,4.16368733363396e-05,0.999924072873933,6.85805054619185e-05,7.34662060538037e-06,0.999999963527785
0.000248072631748554,4.03134510149726e-05,0.999926486084137,6.64009296964309e-05,7.11298616675718e-06,0.999999963527759
0.00025621587763003,3.90320961953212e-05,0.999928822588603,6.42906304039236e-05,6.88678099335935e-06,0.999999963527732
0.000264626434149599,3.77914715125356e-05,0.999931084825705,6.22474055648689e-05,6.66776873010119e-06,0.999999963527703
0.000273313076060999,3.65902821282276e-05,0.999933275156292,6.02691231598986e-05,6.45572054827823e-06,0.999999963527672
0.000282284866158518,3.54272743778315e-05,0.99993539586615,5.83537189441355e-05,6.25041490576375e-06,0.99999996352764
0.000291551164732229,3.43012344607306e-05,0.999937449168393,5.64991942923169e-05,6.0516373145721e-06,0.999999963527605
0.000301121639333601,3.32109871716077e-05,0.999939437205772,5.47036141124575e-05,5.85918011537894e-06,0.999999963527569
0.000311006274861684,3.21553946733361e-05,0.999941362052914,5.29651048258694e-05,5.67284226040141e-06,0.99999996352753
0.000321215383980369,3.11333553078023e-05,0.999943225718486,5.12818524114282e-05,5.49242910208815e-06,0.99999996352749
0.000331759617877626,3.01438024453503e-05,0.999945030147299,4.96521005120389e-05,5.31775218933085e-06,0.999999963527448
0.000342649977377904,2.91857033702855e-05,0.999946777222329,4.80741486013232e-05,5.14862906962384e-06,0.999999963527404
0.000353897824419325,2.82580582025059e-05,0.999948468766693,4.65463502086119e-05,4.98488309819997e-06,0.999999963527357
0.000365514893907615,2.73598988526387e-05,0.999950106545547,4.50671112003861e-05,4.82634325244568e-06,0.999999963527308
0.000377513305959163,2.64902880113554e-05,0.99995169226793,4.36348881163719e-05,4.67284395316943e-06,0.999999963527258
0.000389905578545969,2.56483181699621e-05,0.999953227588551,4.22481865585484e-05,4.52422489068786e-06,0.999999963527205
0.000402704640555667,2.48331106728844e-05,0.999954714109511,4.09055596313867e-05,4.38033085719109e-06,0.999999963527149
0.000415923845280274,2.40438148000859e-05,0.999956153381984,3.96056064316887e-05,4.24101158424158e-06,0.999999963527092
0.000429576984347703,2.32796068781e-05,0.999957546907829,3.8346970586448e-05,4.10612158487595e-06,0.999999963527032
0.000443678302110607,2.25396894206613e-05,0.999958896141161,3.71283388372059e-05,3.97552000205831e-06,0.999999963526969
0.000458242510507543,2.18232902952357e-05,0.99996020248987,3.59484396694214e-05,3.849070460525e-06,0.999999963526904
0.000473284804411975,2.11296619169409e-05,0.99996146731709,3.48060419854247e-05,3.72664092422854e-06,0.999999963526836
0.00048882087748512,2.04580804679988e-05,0.999962691942622,3.36999538195682e-05,3.6081035582147e-06,0.999999963526766
0.000504866938549183,1.98078451418352e-05,0.999963877644311,3.26290210942298e-05,3.49333459472027e-06,0.999999963526693
0.00052143972849806,1.91782774112565e-05,0.999965025659381,3.15921264153728e-05,3.38221420357007e-06,0.999999963526617
0.000538556537763153,1.85687203203327e-05,0.999966137185726,3.05881879064009e-05,3.27462636713224e-06,0.999999963526538
0.000556235224352518,1.797853779782e-05,0.999967213383163,2.96161580790917e-05,3.17045875827418e-06,0.999999963526456
0.000574494232482167,1.74071139938237e-05,0.999968255374636,2.86750227404297e-05,3.06960262360884e-06,0.999999963526371
0.000593352611818965,1.68538526361636e-05,0.999969264247397,2.77637999341957e-05,2.97195266906579e-06,0.999999963526282
0.000612830037355189,1.63181764082168e-05,0.999970241054134,2.68815389162075e-05,2.87740695011309e-06,0.999999963526191
0.0006329468299355,1.57995263459966e-05,0.999971186814073,2.60273191621426e-05,2.78586676492533e-06,0.999999963526096
0.000653723977457721,1.52973612546532e-05,0.999972102514042,2.52002494069056e-05,2.69723655120044e-06,0.999999963525998
0.00067518315676957,1.48111571438985e-05,0.999972989109499,2.43994667145366e-05,2.61142378663022e-06,0.999999963525896
0.000697346756284161,1.43404066800647e-05,0.999973847525531,2.36241355776908e-05,2.52833889121929e-06,0.99999996352579
0.000720237899337892,1.38846186573771e-05,0.99997467865782,2.28734470457481e-05,2.44789513450308e-06,0.999999963525681
0.000743880468315072,1.34433174847878e-05,0.999975483373575,2.21466178806413e-05,2.37000854446712e-06,0.999999963525568
0.00076829912956448,1.30160426894773e-05,0.999976262512441,2.14428897395231e-05,2.29459781971575e-06,0.999999963525451
0.000793519359133813,1.26023484363414e-05,0.999977016887372,2.07615283834171e-05,2.22158424463283e-06,0.99999996352533
0.00081956746934892,1.22018030625427e-05,0.999977747285482,2.01018229110271e-05,2.15089160702915e-06,0.999999963525204
0.000846470636265502,1.1813988626862e-05,0.999978454468865,1.94630850169042e-05,2.08244611840986e-06,0.999999963525074
0.000874256928021966,1.14385004735702e-05,0.99997913917539,1.88446482731983e-05,2.01617633697107e-06,0.99999996352494
0.000902955334122976,1.10749468099744e-05,0.999979802119473,1.82458674342418e-05,1.9520130928535e-06,0.9999999635248
0.000932595795684277,1.07229482974457e-05,0.999980443992821,1.76661177632421e-05,1.88988941582468e-06,0.999999963524656
0.000963209236670323,1.03821376553935e-05,0.999981065465154,1.71047943803784e-05,1.82974046520428e-06,0.999999963524508
0.000994827596157334,1.00521592783022e-05,0.999981667184906,1.65613116316218e-05,1.7715034624913e-06,0.999999963524354
0.00102748386165541,9.73266886416394e-06,0.999982249779897,1.6035102477621e-05,1.71511762535344e-06,0.999999963524194
0.00106121210352446,9.42333305529049e-06,0.999982813857994,1.5525617902015e-05,1.66052410428299e-06,0.99999996352403
0.00109604751051993,9.12382909025982e-06,0.99998336000774,1.50323263385549e-05,1.60766592098237e-06,0.999999963523859
0.00113202642650527,8.83384446718535e-06,0.999983888798975,1.4554713116437e-05,1.55648790896684e-06,0.999999963523683
0.0011691863883696,8.55307661759769e-06,0.999984400783421,1.40922799232682e-05,1.50693665596359e-06,0.999999963523501
0.00120756616519004,8.28123259066457e-06,0.999984896495267,1.36445442851028e-05,1.45896044811315e-06,0.999999963523313
0.00124720579867956,8.01802874713181e-06,0.999985376451721,1.32110390630086e-05,1.41250921562753e-06,0.999999963523118
0.00128814664496261,7.76319046369258e-06,0.999985841153553,1.27913119656355e-05,1.36753448087483e-06,0.999999963522917
0.00133043141772207,7.51645184626248e-06,0.999986291085615,1.23849250772796e-05,1.32398930762266e-06,0.999999963522709
0.00137410423276252,7.27755545229615e-06,0.999986726717347,1.19914544009485e-05,1.28182825182191e-06,0.999999963522494
0.00141921065403636,7.04625202260578e-06,0.999987148503269,1.16104894159514e-05,1.24100731463007e-06,0.999999963522272
0.00146579774118084,6.82230022046991e-06,0.999987556883455,1.12416326495533e-05,1.20148389569328e-06,0.999999963522043
0.0015139140986154,6.60546638047644e-06,0.999987952283988,1.08844992622439e-05,1.1632167493545e-06,0.999999963521806
0.00156360992625089,6.39552426442998e-06,0.999988335117412,1.05387166461909e-05,1.12616594133455e-06,0.99999996352156
0.00161493707186316,6.1922548250879e-06,0.999988705783157,1.02039240364564e-05,1.0902928068597e-06,0.999999963521307
0.00166794908518602,5.99544597781713e-06,0.999989064667955,9.8797721345724e-06,1.05555991053093e-06,0.999999963521045
0.0017227012737798,5.80489237892478e-06,0.999989412146249,9.56592274408076e-06,1.0219310068844e-06,0.999999963520775
0.00177925076073385,5.62039521196309e-06,0.999989748580579,9.26204841765892e-06,9.89371003133627e-07,0.999999963520495
0.00183765654426318,5.44176197975027e-06,0.999990074321963,8.96783211546193e-06,9.57845922019301e-07,0.999999963520207
0.0018979795592615,5.26880630339581e-06,0.999990389710259,8.68296687432461e-06,9.27322866233503e-07,0.999999963519908
0.00196028274087464,5.10134772850277e-06,0.999990695074528,8.40715548747876e-06,8.97769984763395e-07,0.9999999635196
0.00202463109016106,4.93921153616097e-06,0.999990990733367,8.14011019445066e-06,8.69156438935644e-07,0.999999963519282
0.00209109174190749,4.78222856077981e-06,0.999991276995249,7.88155238081578e-06,8.41452370371918e-07,0.999999963518953
0.00215973403467091,4.63023501380758e-06,0.999991554158842,7.63121228749702e-06,8.14628870059064e-07,0.999999963518613
0.00223062958311957,4.48307231271161e-06,0.999991822513323,7.38882872930314e-06,7.88657948060039e-07,0.999999963518262
0.00230385235274878,4.34058691536616e-06,0.999992082338673,7.15414882241369e-06,7.63512504159318e-07,0.999999963517899
0.00237947873704927,4.20263015976822e-06,0.99999233390598,6.92692772052609e-06,7.39166299505179e-07,0.999999963517524
0.0024575876372087,4.06905810944089e-06,0.999992577477711,6.7069283593893e-06,7.15593929746236e-07,0.999999963517137
0.00253826054442948,3.93973140254826e-06,0.999992813307993,6.49392120945783e-06,6.92770797819341e-07,0.999999963516738
0.00262158162494871,3.81451510696037e-06,0.999993041642875,6.28768403640751e-06,6.70673088756613e-07,0.999999963516325
0.00270763780784902,3.69327857906152e-06,0.999993262720586,6.08800166926354e-06,6.4927774442975e-07,0.999999963515898
0.00279651887575192,3.57589532786637e-06,0.999993476771784,5.89466577589852e-06,6.28562439917113e-07,0.999999963515457
0.00288831755848819,3.46224288278463e-06,0.999993684019794,5.70747464566645e-06,6.08505559951407e-07,0.999999963515002
0.00298312962984313,3.35220266581373e-06,0.999993884680845,5.52623297894556e-06,5.89086176340949e-07,0.999999963514532
0.00308105400747763,3.24565986793643e-06,0.99999407896429,5.35075168337069e-06,5.70284026251084e-07,0.999999963514046
0.00318219285612913,3.14250332894127e-06,0.999994267072833,5.18084767654228e-06,5.52079490670134e-07,0.999999963513545
0.0032866516942004,3.04262542221238e-06,0.99999444920273,5.01634369500629e-06,5.34453574709236e-07,0.999999963513027
0.00339453950384709,2.94592194159036e-06,0.999994625544004,4.85706810930568e-06,5.17387886937515e-07,0.999999963512492
0.00350596884467913,2.85229199317662e-06,0.999994796280634,4.70285474491035e-06,5.0086462072145e-07,0.999999963511939
0.00362105597119437,2.76163788973194e-06,0.999994961590756,4.55354270883878e-06,4.84866535312551e-07,0.999999963511368
0.00373992095406725,2.67386504898092e-06,0.99999512164684,4.4089762217905e-06,4.69376938085668e-07,0.999999963510779
0.00386268780541876,2.58888189491086e-06,0.999995276615877,4.26900445561406e-06,4.54379667103831e-07,0.99999996351017
0.00398948460819862,2.50659976214975e-06,0.99999542665955,4.13348137594101e-06,4.39859074179248e-07,0.999999963509541
0.00412044364981452,2.42693280328345e-06,0.999995571934402,4.00226558982171e-06,4.25800008372598e-07,0.999999963508891
0.00425570156014788,2.34979789963568e-06,0.999995712592001,3.87522019820387e-06,4.12187800533746e-07,0.99999996350822
0.00439539945410012,2.27511457414442e-06,0.999995848779099,3.7522126531e-06,3.99008247594422e-07,0.999999963507528
0.00453968307881823,2.20280490785267e-06,0.999995980637783,3.63311461929463e-06,3.86247598205361e-07,0.999999963506812
0.00468870296575304,2.13279345830921e-06,0.999996108305621,3.5178018404471e-06,3.73892538085664e-07,0.999999963506073
0.00484261458770911,2.06500718061542e-06,0.999996231915815,3.40615400945011e-06,3.61930175890361e-07,0.99999996350531
0.00500157852104985,1.99937535196296e-06,0.999996351597327,3.29805464290882e-06,3.50348030508554e-07,0.999999963504522
0.00516576061322719,1.93582949695229e-06,0.999996467475023,3.19339095960951e-06,3.39134017147531e-07,0.999999963503708
0.00533533215581069,1.87430331675285e-06,0.999996579669802,3.09205376285096e-06,3.28276435327373e-07,0.999999963502867
0.00551047006319642,1.8147326198351e-06,0.999996688298717,2.99393732651578e-06,3.17763956577214e-07,0.999999963501999
0.00569135705718213,1.75705525488868e-06,0.999996793475103,2.89893928476291e-06,3.07585612507227e-07,0.999999963501102
