1e-07,0.128898415509529,0.758817971936841,0.22456722510726,0.0166148029558992,0.999999957580471
1.03282605511167e-07,0.123534655382857,0.768191501710043,0.2165476858142,0.0152608124757565,0.999999957666338
1.06672966011754e-07,0.118451484823248,0.777127785966186,0.208841458421132,0.0140307556126816,0.999999957749782
1.10174618672982e-07,0.113629539940153,0.785652593783798,0.201435732552098,0.0129116736641035,0.999999957830664
1.13791216777448e-07,0.109051101515313,0.793789940990079,0.194317914989215,0.0118921440207051,0.99999995790891
1.17526533530609e-07,0.104699955608747,0.801562170728617,0.187475747325273,0.0109620819461103,0.999999957984489
1.21384465997369e-07,0.100561257987895,0.808990051837359,0.180897380349491,0.0101125678131498,0.999999958057407
1.25369039167899e-07,0.0966214062314415,0.816092884848508,0.1745714178401,0.00933569731139125,0.999999958127693
1.29484410156922e-07,0.092867921385347,0.822888609186026,0.168486938857254,0.00862445195672012,0.999999958195397
1.33734872540836e-07,0.0892893398383304,0.829393907632266,0.162633505058806,0.00797258730892725,0.999999958260578
1.38124860837214e-07,0.0858751153634675,0.835624305778644,0.157001157715776,0.00737453650557934,0.999999958323307
1.42658955131348e-07,0.0826155308635034,0.841594265247325,0.151580407778344,0.0068253269743315,0.999999958383659
1.47341885854664e-07,0.0795016191441916,0.847317270161074,0.146362221389469,0.00632050844945697,0.999999958441714
1.52178538719987e-07,0.0765250919479215,0.852805906773988,0.14133800255618,0.00585609066983134,0.999999958497552
1.57173959818823e-07,0.073678276461087,0.858071936442422,0.136499574192983,0.00542848936459567,0.999999958551254
1.62333360885955e-07,0.0709540585324841,0.863126362270539,0.131839158393953,0.00503447933550755,0.999999958602902
1.67662124736861e-07,0.0683458318871218,0.867979489847152,0.127349356531453,0.00467115362139542,0.999999958652574
1.73165810883613e-07,0.0658474526780952,0.872640982525639,0.123023129592532,0.00433588788182901,0.99999995870035
1.78850161335136e-07,0.0634531987811743,0.877119911704223,0.118853779029205,0.0040263092665718,0.999999958746304
1.84721106587855e-07,0.0611577332981268,0.881424802551069,0.114834928301609,0.00374026914732253,0.99999995879051
1.90784771812997e-07,0.0589560717930156,0.885563675595298,0.110960505223372,0.00347581918132955,0.999999958833039
1.97047483246998e-07,0.0568435528395217,0.889544084576093,0.10722472516877,0.00323119025513692,0.999999958873959
2.03515774791681e-07,0.054815811506229,0.893373150910722,0.103622075166097,0.00300477392318024,0.999999958913337
2.10196394831087e-07,0.0528687554506598,0.89705759511076,0.10014729887716,0.00279510601207968,0.999999958951236
2.17096313272088e-07,0.0509985433319009,0.900603765445126,0.0967953824459454,0.00260085210892815,0.999999958987715
2.24222728816098e-07,0.0492015652861964,0.904017664119619,0.0935615411883701,0.0024207946920113,0.999999959022834
2.31583076469505e-07,0.0474744252403287,0.907304971215744,0.090441207087855,0.00225382169640115,0.999999959056647
2.39185035300624e-07,0.0458139248643643,0.91047106660699,0.087430017057291,0.00209891633571886,0.999999959089209
2.47036536451289e-07,0.0442170489888075,0.913521050048265,0.0845238019258555,0.00195514802587973,0.999999959120569
2.55145771411436e-07,0.0426809523317718,0.916459759613968,0.0817185761085212,0.0018216642775112,0.999999959150777
2.63521200565298e-07,0.0412029473997975,0.919291788641949,0.0790105279165071,0.001697683441544,0.999999959179879
2.72171562018149e-07,0.0397804934417155,0.922021501324268,0.0763960104680331,0.00158248820769895,0.999999959207919
2.81105880712787e-07,0.0384111863487823,0.924653047071061,0.0738715331603129,0.00147541976862586,0.999999959234941
2.9033347784528e-07,0.0370927494064282,0.927190373760787,0.0714337536655705,0.00137587257364295,0.999999959260984
2.99863980589793e-07,0.0358230248135822,0.929637239978477,0.0690794704158824,0.00128328960564097,0.999999959286087
3.09707332142639e-07,0.0345999658948746,0.931997226333262,0.0668056155437271,0.00119715812301102,0.999999959310288
3.19873802096042e-07,0.0334216299392131,0.934273745937182,0.0646092482472106,0.00111700581560781,0.999999959333622
3.30373997152427e-07,0.0322861716054463,0.936470054119064,0.0624875485509791,0.00104239732995677,0.999999959356123
3.41218872190416e-07,0.0311918368421847,0.93858925743991,0.0604378114358116,0.000972931124278882,0.999999959377823
3.52419741694082e-07,0.0301369572744536,0.940634322069662,0.0584574413117687,0.000908236618569265,0.999999959398753
3.63988291557374e-07,0.0291199450148077,0.94260808157941,0.056543946811565,0.000847971609025215,0.999999959418944
3.7593659127604e-07,0.0281392878609123,0.944513244197829,0.0546949358825168,0.000791819919653852,0.999999959438422
3.88277106539761e-07,0.0271935448454765,0.946352399576028,0.0529081111569905,0.000739489266981287,0.999999959457217
4.01022712237636e-07,0.0262813421078652,0.948128025100759,0.0511812655827518,0.000690709316489346,0.999999959475352
4.14186705890581e-07,0.0254013690597641,0.949842491792246,0.0495122782959806,0.000645229911773813,0.999999959492855
4.27782821524667e-07,0.0245523748199957,0.951498069819511,0.0478991107209867,0.000602819459502371,0.999999959509747
4.41825243999864e-07,0.0237331648959979,0.953096933663084,0.0463398028818358,0.000563263455079982,0.999999959526053
4.56328623809131e-07,0.022942598091634,0.954641166952274,0.0448324699121838,0.000526363135542121,0.999999959541794
4.71308092363324e-07,0.0221795836229313,0.95613276700176,0.0433752987506183,0.000491934247622131,0.999999959556991
4.86779277777819e-07,0.021443078425063,0.957573649070069,0.0419665450097356,0.000459805920195233,0.999999959571663
5.02758321177375e-07,0.0207320846354342,0.958965650360549,0.0406045300080338,0.000429819631417229,0.999999959585832
5.19261893536195e-07,0.0200456472391111,0.960310533783642,0.0392876379544932,0.000401828261864488,0.999999959599514
5.36307213070806e-07,0.0193828518640755,0.961609991497705,0.0380143132764382,0.000375695225856378,0.999999959612729
5.53912063203856e-07,0.0187428227149003,0.962865648244125,0.0367830580819496,0.000351293673925508,0.999999959625492
5.72094811117606e-07,0.018124720634447,0.964079064491198,0.0355924297487096,0.000328505760092197,0.99999995963782
5.90874426916454e-07,0.0175277412840881,0.965251739400045,0.0344410386317337,0.000307221968221222,0.999999959649729
6.10270503418493e-07,0.0169511134337749,0.966385113624741,0.0333275458829677,0.000287340492291031,0.999999959661234
6.30303276596736e-07,0.0163940973540082,0.967480571957885,0.0322506613762145,0.000268766665900991,0.99999995967235
6.50993646691368e-07,0.0158559833024339,0.968539445831916,0.0312091417312993,0.000251412436784247,0.99999995968309
6.72363200015008e-07,0.0153360900983911,0.969563015685709,0.0302017884317997,0.000235195882491289,0.999999959693468
6.94434231473761e-07,0.0148337637792863,0.970552513205192,0.0292274460310431,0.000220040763764709,0.999999959703496
7.17229767827552e-07,0.0143483763331628,0.971509123446122,0.0282850004414313,0.000205876112447188,0.999999959713187
7.40773591713991e-07,0.013879324502288,0.972433986846474,0.0273733773024752,0.000192635851050359,0.999999959722554
7.65090266460866e-07,0.0134260286529856,0.973328201135402,0.0264915404232246,0.000180258441373309,0.999999959731606
7.90205161713115e-07,0.0129879317073216,0.974192823145149,0.0256384902950588,0.000168686559792217,0.999999959740356
8.16144479901037e-07,0.0125644981325853,0.975028870531884,0.0248132626710606,0.00015786679705505,0.999999959748814
8.42935283577358e-07,0.0121552129848202,0.975837323410961,0.0240149272084367,0.000147749380601862,0.99999995975699
8.70605523651641e-07,0.0117595810029448,0.97661912591172,0.0232425861706703,0.000138287917609663,0.999999959764893
8.99184068551557e-07,0.0113771257502585,0.977375187656594,0.0224953731862957,0.000129439157110663,0.999999959772535
9.28700734341368e-07,0.0110073888003688,0.978106385168941,0.0217724520613811,0.000121162769678256,0.999999959779922
9.59186315829108e-07,0.0106499289647894,0.978813563213722,0.0210730156429765,0.000113421143301158,0.999999959787065
9.90672618694879e-07,0.0103043215596625,0.979497536074859,0.0203962847309569,0.000106179194184108,0.999999959793971
1.02319249267378e-06,0.00997015770923637,0.980159088772844,0.0197415070358387,9.94041913170395e-05,0.999999959800649
1.05677986582814e-06,0.00964704368389912,0.980798978225954,0.0191079561802932,9.30655937525469e-05,0.999999959807106
1.09146977994472e-06,0.00933460027072666,0.981417934358166,0.0184949307422153,8.71348996190381e-05,0.999999959813351
1.12729842709391e-06,0.00903246217463918,0.982016661156697,0.0179017533373275,8.15855059754234e-05,0.99999995981939
1.164303187389e-06,0.00874027744839592,0.982595837681895,0.0173277697394176,7.63925786871379e-05,0.99999995982523
1.20252266798493e-06,0.00845770694977488,0.983156119032018,0.0167723480364144,7.15329315677006e-05,0.999999959830878
1.24199674335724e-06,0.00818442382439903,0.983698137265296,0.0162348778206102,6.69849140939316e-05,0.999999959836341
1.2827665969032e-06,0.00792011301276934,0.984222502281516,0.0157147694114294,6.27283070546505e-05,0.999999959841624
1.32487476390855e-06,0.00766447078016121,0.984729802665222,0.0152114531092335,5.87442255444576e-05,0.999999959846735
1.36836517592468e-06,0.00741720426813028,0.985220606492502,0.0147243784787355,5.50150287625378e-05,0.999999959851678
1.41328320660248e-06,0.00717803106645136,0.985695462103213,0.0142530136606717,5.15242361155081e-05,0.999999959856459
1.45967571903081e-06,0.00694667880439094,0.986154898840382,0.0137968447104546,4.82564491636403e-05,0.999999959861085
1.50759111462889e-06,0.00672288476028501,0.986599427758417,0.0133553749625957,4.51972789871549e-05,0.999999959865559
1.55707938364357e-06,0.00650639548845438,0.987029542301669,0.0129281244197529,4.23332785779336e-05,0.999999959869887
1.6081921573043e-06,0.00629696646255279,0.98744571895479,0.0125146291653152,3.96518798951861e-05,0.999999959874074
1.66098276169013e-06,0.00609436173449959,0.987848417866253,0.0121144407984953,3.71413352519469e-05,0.999999959878125
1.71550627336491e-06,0.00589835360819451,0.98823808344633,0.0117271258909516,3.47906627187113e-05,0.999999959882045
1.77181957683881e-06,0.00570872232726923,0.988615144940724,0.0113522654640129,3.25895952627882e-05,0.999999959885836
1.82998142391606e-06,0.00552525577616632,0.988980016981022,0.0109894544856229,3.05285333548691e-05,0.999999959889505
1.89005249499087e-06,0.00534774919388325,0.989333100113032,0.0106383013861691,2.85985007987249e-05,0.999999959893054
1.95209546235539e-06,0.00517600489975753,0.989674781304043,0.0102984275923981,2.67911035584639e-05,0.999999959896488
2.01617505558591e-06,0.00500983203070136,0.990005434429967,0.00996946707866234,2.50984913701922e-05,0.999999959899811
2.08235812907536e-06,0.00484904628933397,0.990325420743278,0.00965106593477561,2.35133219461635e-05,0.999999959903026
2.15071373178262e-06,0.00469346970248624,0.990635089322617,0.00934288194979415,2.20287275891663e-05,0.999999959906137
2.22131317927155e-06,0.00454293038958349,0.990934777504882,0.00904458421106855,2.06382840492163e-05,0.999999959909147
2.2942301281146e-06,0.00439726234044192,0.991224811300585,0.00875585271794518,1.93359814693317e-05,0.99999995991206
2.36954065273895e-06,0.00425630520203592,0.991505505793202,0.00847637800952425,1.81161972737896e-05,0.999999959914879
2.44732332479511e-06,0.00411990407382108,0.991777165523224,0.00820586080590888,1.69736708666365e-05,0.999999959917607
2.52765929513092e-06,0.00398790931121895,0.992040084857578,0.00794401166240632,1.59034800157939e-05,0.999999959920246
2.61063237845642e-06,0.00386017633689044,0.992294548345026,0.00769055063616632,1.49010188072816e-05,0.999999959922801
2.69632914078795e-06,0.00373656545944511,0.992540831058172,0.00744520696476592,1.39619770621515e-05,0.999999959925272
2.78483898976267e-06,0.00361694169925284,0.992779198922612,0.00720771875627118,1.30823211172467e-05,0.999999959927665
2.87625426791775e-06,0.00350117462104071,0.993009909033795,0.00697783269032804,1.22582758766959e-05,0.99999995992998
2.9706703490316e-06,0.00338913817297471,0.993233209962098,0.00675530372985377,1.14863080478249e-05,0.99999995993222
3.06818573762752e-06,0.00328071053194194,0.993449342046598,0.00653989484291997,1.07631104819565e-05,0.999999959934389
3.16890217174373e-06,0.00317577395476319,0.993658537678019,0.00633137673443532,1.00855875455261e-05,0.999999959936487
3.27292472907689e-06,0.00307421463507883,0.993861021571294,0.00612952758725374,9.45084145196392e-06,0.999999959938518
3.38036193660993e-06,0.00297592256566449,0.994057011028161,0.00593413281234943,8.85615948977621e-06,0.999999959940484
3.49132588383849e-06,0.00288079140594523,0.994246716190197,0.00574498480771599,8.29900208723644e-06,0.999999959942386
3.60593233971418e-06,0.00278871835448825,0.994430340282681,0.00556188272566069,7.77699165790957e-06,0.999999959944228
3.7243008734266e-06,0.00269960402626365,0.994608079849646,0.0053846322481797,7.28790217380607e-06,0.99999995994601
3.84655497915016e-06,0.00261335233447557,0.994780124980468,0.00521304537011247,6.82964941933501e-06,0.999999959947735
3.97282220488582e-06,0.00252987037677241,0.994946659528334,0.00504694018978662,6.40028187910615e-06,0.999999959949404
4.10323428553227e-06,0.00244906832565765,0.995107861320904,0.00488614070687602,5.9979722196405e-06,0.99999995995102
4.23792728032526e-06,0.00237085932292652,0.99526390236347,0.00473047662720684,5.62100932309951e-06,0.999999959952585
4.37704171478848e-06,0.00229515937796762,0.995414949034904,0.00457978317425651,5.26779083936165e-06,0.999999959954098
4.52072272734421e-06,0.00222188726977019,0.995561162276679,0.00443390090710136,4.93681621951351e-06,0.999999959955564
4.66912022073661e-06,0.00215096445249043,0.99570269777522,0.00429267554457821,4.62668020131951e-06,0.999999959956982
4.82238901842554e-06,0.002082314964433,0.99583970613785,0.00415595779543489,4.3360667155495e-06,0.999999959958355
4.9806890261143e-06,0.00201586534031282,0.99597233306256,0.00402360319425337,4.06374318613276e-06,0.999999959959684
5.14418539857963e-06,0.00195154452666718,0.996100719501864,0.00389547194293793,3.80855519821564e-06,0.999999959960971
5.31304871197807e-06,0.00188928380029452,0.996225001820921,0.00377142875756897,3.56942151002971e-06,0.999999959962216
5.48745514180847e-06,0.00182901668960082,0.996345311950184,0.0036513427204307,3.3453293854656e-06,0.999999959963421
5.6675866467163e-06,0.00177067889874269,0.996461777532743,0.00353508713702859,3.13533022839631e-06,0.999999959964588
5.85363115833159e-06,0.00171420823445559,0.996574522066585,0.00342253939791964,2.93853549576759e-06,0.999999959965717
6.04578277733839e-06,0.00165954453546804,0.996683665041939,0.00331358084518513,2.75411287547957e-06,0.99999995996681
6.2442419759805e-06,0.00160662960439863,0.99678932207391,0.00320809664338225,2.58128270750647e-06,0.999999959967869
6.44921580721465e-06,0.00155540714204442,0.996891605030547,0.00310597565481722,2.41931463581526e-06,0.999999959968893
6.66091812072936e-06,0.00150582268396884,0.996990622156537,0.00300711031898833,2.26752447466966e-06,0.999999959969885
6.87956978605476e-06,0.00145782353930182,0.997086478192671,0.00291139653605339,2.12527127512515e-06,0.999999959970845
7.10539892299639e-06,0.00141135873167036,0.997179274491239,0.00281873355418106,1.99195457982904e-06,0.999999959971774
7.33864113963309e-06,0.00136637894217882,0.997269109127495,0.00272902386065146,1.86701185309534e-06,0.999999959972674
7.57953977812749e-06,0.00132283645436273,0.997356077007349,0.00264217307657574,1.7499160748567e-06,0.999999959973545
7.82834616860541e-06,0.00128068510104376,0.997440269971401,0.00255808985510979,1.64017348886847e-06,0.999999959974388
8.0853198913693e-06,0.00123988021301522,0.997521776895464,0.00247668578304142,1.53732149451224e-06,0.999999959975204
8.35072904771889e-06,0.00120037856948987,0.997600683787693,0.00239787528563502,1.44092667235659e-06,0.999999959975994
8.62485053966196e-06,0.0011621383502474,0.997677073882442,0.00232157553462191,1.35058293644933e-06,0.999999959976758
8.90797035880684e-06,0.00112511908941832,0.997751027730967,0.00224770635922865,1.26590980399372e-06,0.999999959977499
9.20038388473819e-06,0.00108928163084455,0.997822623289086,0.00217619016013958,1.18655077475417e-06,0.999999959978216
9.50239619318715e-06,0.00105458808496087,0.997891936001892,0.00210695182629343,1.11217181415855e-06,0.999999959978909
9.81432237431766e-06,0.00102100178714174,0.997959038885649,0.00203991865441771,1.04245993288489e-06,0.999999959979581
1.01364878614607e-05,0.000988487257459923,0.998024002606936,0.00197502027120789,9.77121855978962e-07,0.999999959980232
1.04692287706399e-05,0.000957010161808146,0.998086895559161,0.00191218855806177,9.15882777260783e-07,0.999999959980861
1.08128922512416e-05,0.000926537274334093,0.998147783936525,0.00185135757828263,8.58485192777297e-07,0.99999995998147
1.11678368481974e-05,0.000897036441141778,0.998206731805524,0.00179246350666779,8.04687807884515e-07,0.99999995998206
1.15344328760545e-05,0.000868476545215,0.998263801174084,0.00173544456140227,7.5426451386475e-07,0.999999959982632
1.19130628053258e-05,0.000840827472519532,0.99831905205839,0.00168024093818005,7.07003429507077e-07,0.999999959983185
1.23041216615222e-05,0.000814060079242378,0.998372542547519,0.00162679474647801,6.62706003372315e-07,0.99999995998372
1.27080174372841e-05,0.00078814616012835,0.998424328865916,0.00157504994791057,6.21186173066675e-07,0.999999959984238
1.31251715180404e-05,0.000763058417874828,0.998474465433828,0.00152495229659522,5.82269577218894e-07,0.99999995998474
1.35560191216418e-05,0.000738770433549366,0.99852300492572,0.00147644928146195,5.45792818392116e-07,0.999999959985226
1.40010097524237e-05,0.000715256637992287,0.998569998326787,0.00142949007044154,5.11602771518377e-07,0.999999959985696
1.44606076701759e-05,0.000692492284171587,0.998615494987593,0.00138402545647027,4.79555936450798e-07,0.999999959986151
1.49352923745053e-05,0.000670453420457359,0.998659542676917,0.00134000780525055,4.4951783208496e-07,0.999999959986592
1.54255591050998e-05,0.00064911686478265,0.998702187632863,0.00129739100470914,4.21362428080834e-07,0.999999959987019
1.59319193584122e-05,0.000628460179660672,0.998743474612291,0.00125613041609674,3.94971612303766e-07,0.999999959987432
1.64549014213061e-05,0.00060846164802992,0.998783446938633,0.00121618282667445,3.70234692697322e-07,0.999999959987832
1.6995050922219e-05,0.000589100249897598,0.998822146548135,0.00117750640393469,3.47047930255619e-07,0.999999959988219
1.75529314004175e-05,0.000570355639754087,0.998859614034593,0.00114006065130582,3.25314101175863e-07,0.999999959988594
1.8129124893939e-05,0.000552208124732534,0.998895888692622,0.00110380636529155,3.04942086759097e-07,0.999999959988957
1.87242325468339e-05,0.000534638643488802,0.998931008559512,0.00106870559399773,2.85846489938733e-07,0.999999959989308
1.933887523634e-05,0.000517628745775128,0.998965010455724,0.00103472159700097,2.67947274645635e-07,0.999999959989649
1.99736942206459e-05,0.000501160572686669,0.998997930024056,0.00100181880651486,2.5116942924076e-07,0.999999959989978
2.06293518079165e-05,0.000485216837555991,0.999029801767538,0.000969962789811185,2.35442650398121e-07,0.999999959990297
2.13065320472813e-05,0.00046978080747444,0.999060659086098,0.000939120212854939,2.20701046970144e-07,0.999999959990606
2.20059414425039e-05,0.000454836285419246,0.999090534312024,0.000909258805113302,2.06882862594437e-07,0.999999959990904
2.27283096890798e-05,0.000440367592966477,0.999119458744283,0.00088034732550019,1.93930216381573e-07,0.999999959991194
2.34743904355287e-05,0.000426359553568262,0.999147462681722,0.000852355529419147,1.81788858688472e-07,0.999999959991474
2.42449620696783e-05,0.000412797476377479,0.999174575455188,0.000825254136868693,1.70407943132582e-07,0.999999959991745
2.50408285307579e-05,0.000399667140600963,0.999200825458611,0.000799014801575414,1.5973981325548e-07,0.999999959992008
2.58628201481505e-05,0.000386954780362252,0.999226240179077,0.000773610081121237,1.49739801633651e-07,0.999999959992262
2.67117945076771e-05,0.000374647070058571,0.999250846225925,0.000749013408032471,1.40366042335801e-07,0.999999959992508
2.75886373463177e-05,0.000362731110194727,0.999274669358906,0.000725199061799283,1.31579295085536e-07,0.999999959992746
2.8494263476304e-05,0.00035119441367778,0.999297734515425,0.000702142141795271,1.23342780144423e-07,0.999999959992977
2.94296177395436e-05,0.000340024892558138,0.999320065836908,0.0006798185410679,1.15622024188309e-07,0.999999959993201
3.03956759933773e-05,0.000329210845201057,0.999341686694313,0.000658204920971435,1.08384715339846e-07,0.999999959993417
3.13934461286925e-05,0.000318740943874673,0.999362619712818,0.000637278686615029,1.0160056715901e-07,0.999999959993626
3.24239691214583e-05,0.000308604222742068,0.999382886795708,0.000617017963099479,9.52411923287825e-08,0.999999959993829
3.34883201187784e-05,0.000298790066241176,0.9994025091475,0.000597401572517079,8.92799826364594e-08,0.999999959994025
3.45876095605948e-05,0.000289288197842918,0.999421507296312,0.000578409011689797,8.36919980193307e-08,0.999999959994215
3.57229843382119e-05,0.000280088669172336,0.999439901115517,0.000560020430621874,7.84538613996704e-08,0.999999959994399
3.68956289908515e-05,0.000271181849482642,0.999457709844696,0.000542216611643701,7.35436607911472e-08,0.999999959994577
3.8106766941485e-05,0.000262558415469938,0.999474952109918,0.000524978949224587,6.89408576441675e-08,0.99999995999475
3.93576617732339e-05,0.000254209341416681,0.999491645943367,0.00050828943043279,6.46262002853421e-08,0.999999959994917
4.06496185476687e-05,0.000246125889654356,0.999507808802335,0.000492130616021896,6.0581643407452e-08,0.999999959995079
4.19839851663829e-05,0.000238299601334174,0.999523457587604,0.000476485622123268,5.67902725402388e-08,0.999999959995235
4.33621537772622e-05,0.000230722287495481,0.999538608661242,0.000461338102525037,5.32362329626291e-08,0.999999959995387
4.47855622269155e-05,0.000223386020422576,0.999553277863818,0.000446672231518666,4.990466324331e-08,0.999999959995533
4.62556955607834e-05,0.000216283125280352,0.999567480531072,0.000432472687294796,4.67816329537477e-08,0.999999959995675
4.77740875724904e-05,0.000209406172019715,0.999581231510045,0.00041872463587064,4.38540843948143e-08,0.999999959995813
4.93423224040549e-05,0.000202747967544055,0.99959454517469,0.000405413715531808,4.11097781507033e-08,0.999999959995946
5.09620361986283e-05,0.000196301548126941,0.999607435440987,0.00039252602177198,3.85372409511097e-08,0.999999959996075
5.26349188074876e-05,0.000190060172075747,0.999619915781567,0.000380048092714389,3.61257185520214e-08,0.9999999599962
5.43627155530606e-05,0.000184017312630187,0.99963199923987,0.000367966894999613,3.38651303806144e-08,0.999999959996321
5.61472290498255e-05,0.000178166651089189,0.999643698443848,0.000356269810124656,3.17460268605676e-08,0.999999959996438
5.79903210849829e-05,0.000172502070160006,0.999655025619231,0.000344944621218815,2.97595505989261e-08,0.999999959996551
5.98939145608622e-05,0.000167017647519972,0.999665992602359,0.000333979500242279,2.78973988325905e-08,0.999999959996661
6.18599955010908e-05,0.000161707649585454,0.999676610852618,0.000323362995593874,2.61517885172236e-08,0.999999959996767
6.38906151226174e-05,0.000156566525481827,0.999686891464461,0.000313084020114807,2.45154244234635e-08,0.99999995999687
6.59878919757511e-05,0.000151588901205718,0.999696845179056,0.00030313183947569,2.29814678735199e-08,0.999999959996969
6.81540141544502e-05,0.000146769573975805,0.999706482395557,0.000293496060934533,2.15435085387447e-08,0.999999959997066
7.03912415791659e-05,0.000142103506764235,0.999715813182009,0.000284166622453808,2.01955373308371e-08,0.999999959997159
7.27019083546226e-05,0.000137585823004215,0.999724847285913,0.000275133782165041,1.89319216942858e-08,0.999999959997249
7.50884252049954e-05,0.000133211801466363,0.999733594144449,0.000266388108169806,1.77473814602105e-08,0.999999959997337
7.75532819890234e-05,0.000128976871300438,0.999742062894366,0.000257920468666321,1.66369672774608e-08,0.999999959997422
8.00990502976862e-05,0.000124876607235121,0.999750262381569,0.000249722022391204,1.5596039518867e-08,0.999999959997504
8.27283861371507e-05,0.000120906724932247,0.999758201170385,0.00024178420936629,1.46202491021639e-08,0.999999959997583
8.54440326997885e-05,0.000117063076489599,0.99976588755254,0.000234098741940736,1.37055192305088e-08,0.99999995999766
8.82488232261553e-05,0.00011334164608778,0.999773329555853,0.000226657596118958,1.28480283009824e-08,0.999999959997734
9.11456839609173e-05,0.000109738545776533,0.999780534952641,0.000219453003165227,1.20441939189771e-08,0.999999959997806
9.41376372058094e-05,0.000106250011396152,0.999787511267866,0.00021247744147609,1.129065810686e-08,0.999999959997876
9.722780447281e-05,0.000102872398628965,0.999794265787015,0.000205723628712021,1.05842729548552e-08,0.999999959997944
0.000100419409740822,9.96021791775823e-05,0.999800805563732,0.000199184514180018,9.92208757332174e-09,0.999999959998009
0.000103715782819255,9.64359370656034e-05,0.999807137427205,0.000192853271459114,9.30133604623682e-09,0.999999959998072
0.00010712036282203,9.33703650556842e-05,0.999813267989314,0.000186723291261025,8.71942517149883e-09,0.999999959998134
0.000110636701755609,9.0402261183603e-05,0.999819203651557,0.00018078817451842,8.17392439286324e-09,0.999999959998193
0.000114268468224812,8.75285254019833e-05,0.999824950611751,0.000175041725693532,7.66255521753305e-09,0.999999959998251
0.000118019451260286,8.47461563317519e-05,0.999830514870518,0.000169477946300063,7.18318172030961e-09,0.999999959998306
0.000121893564271606,8.2052248117526e-05,0.999835902237567,0.000164091028631574,6.73380173916624e-09,0.99999995999836
0.000125894849130144,7.94439873832342e-05,0.999841118337772,0.000158875349689742,6.31253836306861e-09,0.999999959998412
0.000130027480385966,7.69186502851693e-05,0.999846168617062,0.000153825465306121,5.91763210869701e-09,0.999999959998463
0.000134295769623147,7.44735996593471e-05,0.999851058348115,0.000148936104451203,5.5474337456844e-09,0.999999959998512
0.000138704169958061,7.21062822596131e-05,0.999855792635878,0.000144202163724809,5.20039720853615e-09,0.999999959998559
0.000143257280685323,6.98142260840625e-05,0.999860376422905,0.000139618702022018,4.87507305347006e-09,0.999999959998605
0.000147959852076248,6.75950377872484e-05,0.999864814494528,0.000135180935369019,4.57010273906006e-09,0.999999959998649
0.000152816790334818,6.54464001743394e-05,0.999869111483864,0.000130884231923469,4.28421260479424e-09,0.999999959998692
0.000157833162716338,6.33660697759687e-05,0.999873271876657,0.000126724107134108,4.01620891461751e-09,0.999999959998734
0.000163014202814114,6.13518744997642e-05,0.999877300015973,0.000122696219054532,3.76497249799128e-09,0.999999959998774
0.000168365316019676,5.94017113571343e-05,0.99988120010674,0.000118796363806224,3.52945402231123e-09,0.999999959998813
0.000173892085162232,5.75135442631399e-05,0.999884976220144,0.000115020471186063,3.30867010834646e-09,0.999999959998851
0.000179600276333251,5.56854019057617e-05,0.999888632297887,0.000111364600413715,3.10169890432291e-09,0.999999959998887
0.000185495844902237,5.39153756833522e-05,0.999892172156309,0.000107824936014429,2.90767613774694e-09,0.999999959998923
0.000191584941729985,5.22016177081027e-05,0.999895599490375,0.000104397783832933,2.72579163618702e-09,0.999999959998957
0.00019787391958578,5.0542338872953e-05,0.99989891787754,0.000101079567174238,2.5552858338117e-09,0.99999995999899
0.000204369339775265,4.89358069806371e-05,0.999902130781486,9.78668230673066e-05,2.39544698379739e-09,0.999999959999022
0.000211077978985864,4.73803449313831e-05,0.999905241555745,9.47561986476663e-05,2.24560754998157e-09,0.999999959999053
0.000218006836356915,4.58743289694991e-05,0.999908253447203,9.17444476551809e-05,2.10514190862523e-09,0.999999959999084
0.000225163140781888,4.44161869852397e-05,0.999911169599493,8.88284270432998e-05,1.97346358979595e-09,0.999999959999113
0.000232554358450312,4.30043968710674e-05,0.999913993056281,8.60050936962366e-05,1.85002294908444e-09,0.999999959999141
0.000240188200637262,4.16374849298076e-05,0.999916726764445,8.32715012506364e-05,1.73430448940828e-09,0.999999959999168
0.000248072631748554,4.03140243341443e-05,0.999919373577157,8.06247970183994e-05,1.6258249446304e-09,0.999999959999195
0.00025621587763003,3.9032633635403e-05,0.999921936256861,7.80622190074398e-05,1.52413168312559e-09,0.999999959999221
0.000264626434149599,3.77919753186309e-05,0.999924417478163,7.55810930372553e-05,1.42880000323818e-09,0.999999959999245
0.000273313076060999,3.65907544050392e-05,0.999926819830622,7.31788299462898e-05,1.33943189432352e-09,0.999999959999269
0.000282284866158518,3.54277170983865e-05,0.999929145821458,7.08529228881623e-05,1.25565430541272e-09,0.999999959999292
0.000291551164732229,3.43016494743859e-05,0.999931397878169,6.86009447139313e-05,1.17711742021981e-09,0.999999959999315
0.000301121639333601,3.32113762122871e-05,0.999933578351069,6.64205454376543e-05,1.10349345991152e-09,0.999999959999337
0.000311006274861684,3.21557593661851e-05,0.999935689515743,6.43094497825885e-05,1.03447489082622e-09,0.999999959999358
0.000321215383980369,3.11336971765616e-05,0.999937733575421,6.22654548054641e-05,9.69773829518012e-10,0.999999959999378
0.000331759617877626,3.0144122918197e-05,0.999939712663284,6.02864275963444e-05,9.09120024846345e-10,0.999999959999398
0.000342649977377904,2.91860037862108e-05,0.999941628844688,5.83703030516634e-05,8.52260379117869e-10,0.999999959999417
0.000353897824419325,2.82583398163994e-05,0.999943484119325,5.65150817181136e-05,7.98957342620151e-10,0.999999959999436
0.000365514893907615,2.73601628412224e-05,0.999945280423306,5.47188277051245e-05,7.48988660196205e-10,0.999999959999454
0.000377513305959163,2.64905354774215e-05,0.999947019631191,5.29796666637504e-05,7.02145546322168e-10,0.999999959999471
0.000389905578545969,2.56485501475508e-05,0.999948703557938,5.12957838298509e-05,6.58232625333878e-10,0.999999959999488
0.000402704640555667,2.48333281312241e-05,0.999950333960804,4.96654221295189e-05,6.17066464643642e-10,0.999999959999505
0.000415923845280274,2.40440186476251e-05,0.99995191254118,4.80868803447737e-05,5.78475238319069e-10,0.99999995999952
0.000429576984347703,2.3279797966798e-05,0.999953440946364,4.65585113375991e-05,5.42297998445008e-10,0.999999959999536
0.000443678302110607,2.25398685487592e-05,0.999954920771286,4.50787203304728e-05,5.08383522779265e-10,0.99999995999955
0.000458242510507543,2.182345821122e-05,0.999956353560168,4.36459632415849e-05,4.76590427577394e-10,0.999999959999565
0.000473284804411975,2.11298193224586e-05,0.999957740808141,4.22587450730071e-05,4.46785955034537e-10,0.999999959999578
0.00048882087748512,2.04582280207404e-05,0.999959083962804,4.09156183501272e-05,4.1884567675613e-10,0.999999959999592
0.000504866938549183,1.98079834584379e-05,0.999960384425736,3.96151816107163e-05,3.92653079734977e-10,0.999999959999605
0.00052143972849806,1.91784070697523e-05,0.999961643553959,3.83560779420495e-05,3.68098727571793e-10,0.999999959999617
0.000538556537763153,1.85688418624683e-05,0.999962862661355,3.71369935645509e-05,3.45080192895521e-10,0.99999995999963
0.000556235224352518,1.79786517315962e-05,0.999964043020038,3.59566564604828e-05,3.2350135474612e-10,0.999999959999642
0.000574494232482167,1.74072207952839e-05,0.999965185861682,3.48138350462449e-05,3.03272161466324e-10,0.999999959999653
0.000593352611818965,1.68539527516967e-05,0.999966292378805,3.37073368868961e-05,2.84308248669454e-10,0.999999959999664
0.000612830037355189,1.63182702563118e-05,0.999967363726018,3.26360074515556e-05,2.66530533930766e-10,0.999999959999675
0.0006329468299355,1.57996143187263e-05,0.999968401021227,3.15987289083826e-05,2.49864535020793e-10,0.999999959999685
0.000653723977457721,1.52974437199412e-05,0.999969405346801,3.05944189578751e-05,2.34241003716385e-10,0.999999959999695
0.00067518315676957,1.48112344462883e-05,0.999970377750702,2.96220297032685e-05,2.19594654109488e-10,0.999999959999705
0.000697346756284161,1.43404791425904e-05,0.999971319247579,2.86805465568543e-05,2.05864163183126e-10,0.999999959999714
0.000720237899337892,1.38846865831267e-05,0.999972230819826,2.77689871810758e-05,1.92992588751007e-10,0.999999959999723
0.000743880468315072,1.34433811575159e-05,0.999973113418611,2.68864004632938e-05,1.80925868992871e-10,0.999999959999732
0.00076829912956448,1.3016102375493e-05,0.999973967964863,2.60318655231522e-05,1.6961391688882e-10,0.999999959999741
0.000793519359133813,1.26024043851039e-05,0.999974795350239,2.52044907515064e-05,1.59009350747318e-10,0.999999959999749
0.00081956746934892,1.22018555080397e-05,0.999975596438052,2.44034128799093e-05,1.4906808501068e-10,0.999999959999757
0.000846470636265502,1.18140377882654e-05,0.999976372064172,2.36277960796848e-05,1.39748422977746e-10,0.999999959999765
0.000874256928021966,1.14385465565254e-05,0.999977123037899,2.28768310896452e-05,1.31011702849467e-10,0.999999959999772
0.000902955334122976,1.10749900070714e-05,0.999977850142807,2.21497343715443e-05,1.22821299263404e-10,0.99999995999978
0.000932595795684277,1.07229887892745e-05,0.999978554137565,2.14457472923814e-05,1.15143083795051e-10,0.999999959999787
0.000963209236670323,1.03821756114413e-05,0.999979235756722,2.07641353327039e-05,1.07945089370157e-10,0.999999959999793
0.000994827596157334,1.00521948572461e-05,0.999979895711483,2.01041873200806e-05,1.01197205847861e-10,0.9999999599998
0.00102748386165541,9.73270221473574e-06,0.999980534690442,1.94652146869459e-05,9.48712627995261e-11,0.999999959999806
0.00106121210352446,9.42336431696236e-06,0.999981153360307,1.88465507520394e-05,8.89409426607592e-11,0.999999959999813
0.00109604751051993,9.12385839373139e-06,0.999981752366594,1.82475500246904e-05,8.33813861834639e-11,0.999999959999818
0.00113202642650527,8.83387193516076e-06,0.999982332334299,1.7667587531221e-05,7.81695502530505e-11,0.999999959999824
0.0011691863883696,8.55310236496057e-06,0.999982893868554,1.71060581627644e-05,7.32835783769374e-11,0.99999995999983
0.00120756616519004,8.28125672510619e-06,0.999983437555253,1.65623760438171e-05,6.87031976482364e-11,0.999999959999835
0.00124720579867956,8.01805136956975e-06,0.99998396396167,1.60359739208663e-05,6.44091366071124e-11,0.999999959999841
0.00128814664496261,7.76321166887269e-06,0.999984473637046,1.55263025704529e-05,6.03836462270333e-11,0.999999959999846
0.00133043141772207,7.51647172288162e-06,0.999984967113164,1.50328302260536e-05,5.66098548195586e-11,0.999999959999851
0.00137410423276252,7.27757408359011e-06,0.999985444904905,1.45550420231821e-05,5.30719990574942e-11,0.999999959999855
0.00141921065403636,7.04626948639968e-06,0.999985907510783,1.40924394621315e-05,4.97553339488425e-11,0.99999995999986
0.00146579774118084,6.82231658995852e-06,0.999986355413466,1.36445398877957e-05,4.66460606797595e-11,0.999999959999865
0.0015139140986154,6.6054817242741e-06,0.999986789080283,1.32108759860279e-05,4.373126015635e-11,0.999999959999869
0.00156360992625089,6.39553864658587e-06,0.999987208963705,1.27909952960091e-05,4.09985813067072e-11,0.999999959999873
0.00161493707186316,6.19226830591825e-06,0.999987615501825,1.23844597381188e-05,3.84368588389819e-11,0.999999959999877
0.00166794908518602,5.99545861367407e-06,0.999988009118808,1.19908451568139e-05,3.60352671113724e-11,0.999999959999881
0.0017227012737798,5.80490422272744e-06,0.999988390225338,1.16097408780395e-05,3.37837077106842e-11,0.999999959999885
0.00177925076073385,5.62040631335969e-06,0.999988759219046,1.12407492807087e-05,3.16730053168406e-11,0.999999959999889
0.00183765654426318,5.44177238515175e-06,0.999989116484924,1.08834853818054e-05,2.96942490534509e-11,0.999999959999892
0.0018979795592615,5.26881605660404e-06,0.999989462395726,1.05375764346746e-05,2.78392667246171e-11,0.999999959999896
0.00196028274087464,5.10135687013964e-06,0.99998979731236,1.02026615400842e-05,2.61000975420065e-11,0.999999959999899
0.00202463109016106,4.93922010458171e-06,0.999990121584261,9.87839126964872e-06,2.44697573496626e-11,0.999999959999902
0.00209109174190749,4.78223659185938e-06,0.999990435549758,9.564427301225e-06,2.29412468805612e-11,0.999999959999905
0.00215973403467091,4.63024254135245e-06,0.999990739536426,9.26044206589709e-06,2.15084039005542e-11,0.999999959999909
0.00223062958311957,4.4830793680622e-06,0.999991033861429,8.96611840618299e-06,2.0164970699634e-11,0.999999959999911
0.00230385235274878,4.34059352822842e-06,0.999991318831849,8.68114924510607e-06,1.89056753870884e-11,0.999999959999914
0.00237947873704927,4.20263635790242e-06,0.999991594745009,8.40523726578588e-06,1.77250094789627e-11,0.999999959999917
0.0024575876372087,4.069063918751e-06,0.999991861888781,8.13809460121386e-06,1.66181440675294e-11,0.99999995999992
0.00253826054442948,3.93973684736756e-06,0.999992120541886,7.87944253389022e-06,1.55804224536359e-11,0.999999959999922
0.00262158162494871,3.81452021002358e-06,0.999992370974187,7.6290112050084e-06,1.46075193804276e-11,0.999999959999925
0.00270763780784902,3.69328336201266e-06,0.999992613446972,7.38653933288364e-06,1.36955708436882e-11,0.999999959999927
0.00279651887575192,3.5758998106243e-06,0.999992848213219,7.15177394033182e-06,1.28404583871162e-11,0.99999995999993
0.00288831755848819,3.46224708422077e-06,0.99999307551787,6.92447009071396e-06,1.20388637853987e-11,0.999999959999932
0.00298312962984313,3.35220660355828e-06,0.99999329559808,6.70439063237094e-06,1.12873728105086e-11,0.999999959999934
0.00308105400747763,3.24566355837224e-06,0.999993508683466,6.49130595118166e-06,1.0582781407857e-11,0.999999959999936
0.00318219285612913,3.14250678780138e-06,0.999993714996347,6.28499373098653e-06,9.92230811775678e-12,0.999999959999938
0.0032866516942004,3.04262866377684e-06,0.999993914751975,6.08523872162607e-06,9.30296380244165e-12,0.99999995999994
0.00339453950384709,2.94592497960619e-06,0.999994108158763,5.89183251435271e-06,8.7224298371205e-12,0.999999959999942
0.00350596884467913,2.85229484031745e-06,0.999994295418497,5.70457332438125e-06,8.17812682266279e-12,0.999999959999944
0.00362105597119437,2.76164055798466e-06,0.999994476726552,5.52326578035124e-06,7.66780904433239e-12,0.999999959999946
0.00373992095406725,2.67386754970277e-06,0.99999465227209,5.3477207204813e-06,7.18946212225545e-12,0.999999959999948
0.00386268780541876,2.58888423854e-06,0.999994822238264,5.17775499520296e-06,6.74093852467289e-12,0.999999959999949
0.00398948460819862,2.50660195845901e-06,0.999994986802404,5.01319127606774e-06,6.32042513520946e-12,0.999999959999951
0.00412044364981452,2.42693486153007e-06,0.999995146136203,4.85385787072832e-06,5.92616591056991e-12,0.999999959999953
0.00425570156014788,2.34979982853218e-06,0.9999953004059,4.69958854380047e-06,5.55663194103784e-12,0.999999959999954
0.00439539945410012,2.27511638181408e-06,0.999995449772446,4.5502223434191e-06,5.21010452900065e-12,0.999999959999956
0.00453968307881823,2.20280660183825e-06,0.999995594391682,4.40560343330708e-06,4.88518471399561e-12,0.999999959999957
0.00468870296575304,2.13279504571886e-06,0.999995734414489,4.26558093018187e-06,4.5806279293375e-12,0.999999959999958
0.00484261458770911,2.06500866817177e-06,0.999995869986959,4.13000874633019e-06,4.29500667378845e-12,0.99999995999996
0.00500157852104985,1.99937674584681e-06,0.999996001250536,3.99874543718641e-06,4.02725360367271e-12,0.999999959999961
0.00516576061322719,1.93583080312349e-06,0.99999612834217,3.87165405375566e-06,3.77624566172245e-12,0.999999959999962
0.00533533215581069,1.87430454077945e-06,0.999996251394459,3.74860199972763e-06,3.54091563809313e-12,0.999999959999964
0.00551047006319642,1.81473376682894e-06,0.999996370535787,3.62946089313201e-06,3.32026293445824e-12,0.999999959999965
0.00569135705718213,1.75705632960355e-06,0.999996485890454,3.51410643239112e-06,3.11340799265237e-12,0.999999959999966
