1e-09,0.951835178926604,0.00231984998903224,0.0458449710843637,0.0458449710843637,0.90599020784224,0.999999999048165
1.01392540755881e-09,0.951827494994812,0.00232059023847483,0.0458519147667128,0.0458519147667127,0.9059755802281,0.999999999034918
1.02804473209331e-09,0.951819701685804,0.00232134114564497,0.0458589571685516,0.0458589571685515,0.905960744517252,0.999999999021487
1.0423606739764e-09,0.951811797408779,0.00232210286897259,0.0458660997222488,0.0458660997222488,0.90594569768653,0.999999999007869
1.05687597118481e-09,0.951803780548843,0.00232287556938408,0.0458733438817729,0.0458733438817729,0.90593043666707,0.999999998994061
1.07159339982267e-09,0.951795649466614,0.00232365941034555,0.0458806911230404,0.0458806911230405,0.905914958343573,0.999999998980062
1.08651577465254e-09,0.951787402497821,0.00232445455790707,0.0458881429442715,0.0458881429442715,0.90589925955355,0.999999998965868
1.10164594963365e-09,0.951779037952902,0.00232526118074769,0.0458957008663505,0.0458957008663505,0.905883337086551,0.999999998951476
1.11698681846782e-09,0.951770554116584,0.00232607945022135,0.0459033664331946,0.0459033664331946,0.905867187683389,0.999999998936885
1.13254131515281e-09,0.951761949247468,0.00232690954040384,0.045911141212128,0.045911141212128,0.90585080803534,0.99999999892209
1.14831241454351e-09,0.951753221577596,0.00232775162814053,0.0459190267942633,0.0459190267942632,0.905834194783333,0.99999999890709
1.16430313292088e-09,0.951744369312015,0.00232860589309521,0.0459270247948899,0.0459270247948899,0.905817344517125,0.999999998891881
1.1805165285688e-09,0.951735390628331,0.00232947251779982,0.0459351368538694,0.0459351368538695,0.905800253774461,0.999999998876461
1.19695570235905e-09,0.951726283676256,0.00233035168770529,0.0459433646360385,0.0459433646360387,0.905782919040218,0.999999998860826
1.21362379834424e-09,0.951717046577148,0.00233124359123327,0.0459517098316185,0.0459517098316184,0.90576533674553,0.999999998844973
1.23052400435926e-09,0.951707677423538,0.0023321484198291,0.0459601741566333,0.0459601741566333,0.905747503266904,0.999999998828901
1.24765955263087e-09,0.951698174278649,0.00233306636801574,0.045968759353335,0.0459687593533349,0.905729414925314,0.999999998812604
1.2650337203959e-09,0.951688535175915,0.00233399763344881,0.0459774671906363,0.0459774671906363,0.905711067985279,0.999999998796082
1.28264983052806e-09,0.951678758118474,0.0023349424169729,0.0459862994645527,0.0459862994645528,0.905692458653922,0.99999999877933
1.30051125217341e-09,0.95166884107867,0.00233590092267887,0.0459952579986513,0.0459952579986512,0.905673583080019,0.999999998762344
1.31862140139475e-09,0.951658781997529,0.00233687335796247,0.046004344644509,0.046004344644509,0.90565443735302,0.999999998745122
1.33698374182495e-09,0.951648578784237,0.00233785993358415,0.046013561282179,0.0460135612821789,0.905635017502058,0.999999998727661
1.35560178532937e-09,0.951638229315604,0.00233886086373011,0.0460229098206659,0.0460229098206659,0.905615319494938,0.999999998709958
1.37447909267754e-09,0.951627731435515,0.00233987636607464,0.0460323921984102,0.0460323921984102,0.905595339237105,0.999999998692008
1.39361927422414e-09,0.951617082954375,0.00234090666184382,0.0460420103837811,0.0460420103837811,0.905575072570594,0.999999998673808
1.41302599059953e-09,0.951606281648539,0.0023419519758805,0.0460517663755801,0.0460517663755801,0.905554515272959,0.999999998655355
1.43270295340983e-09,0.951595325259737,0.00234301253671069,0.0460616622035527,0.0460616622035527,0.905533663056184,0.999999998636647
1.45265392594678e-09,0.951584211494478,0.00234408857661142,0.0460716999289104,0.0460716999289105,0.905512511565568,0.999999998617678
1.4728827239075e-09,0.951572938023456,0.00234518033167999,0.0460818816448636,0.0460818816448636,0.905491056378593,0.999999998598445
1.49339321612425e-09,0.951561502480932,0.00234628804190472,0.0460922094771629,0.046092209477163,0.905469293003769,0.999999998578945
1.51418932530435e-09,0.95154990246411,0.00234741195123725,0.0461026855846527,0.0461026855846527,0.905447216879457,0.999999998559173
1.53527502878042e-09,0.951538135532499,0.00234855230766639,0.0461133121598341,0.0461133121598342,0.905424823372665,0.999999998539127
1.55665435927106e-09,0.951526199207266,0.00234970936329362,0.0461240914294399,0.04612409142944,0.905402107777826,0.999999998518803
1.57833140565212e-09,0.95151409097057,0.00235088337441013,0.0461350256550196,0.0461350256550196,0.905379065315551,0.999999998498195
1.6003103137387e-09,0.951501808264888,0.00235207460157571,0.0461461171335366,0.0461461171335366,0.905355691131351,0.999999998477302
1.62259528707809e-09,0.951489348492324,0.00235328330969921,0.046157368197977,0.0461573681979771,0.905331980294347,0.999999998456118
1.64519058775366e-09,0.951476709013909,0.0023545097681209,0.0461687812179705,0.0461687812179704,0.905307927795938,0.999999998434639
1.66810053720006e-09,0.951463887148881,0.00235575425069658,0.0461803586004227,0.0461803586004227,0.905283528548458,0.999999998412862
1.69132951702965e-09,0.951450880173956,0.00235701703588363,0.0461921027901609,0.0461921027901608,0.905258777383795,0.999999998390783
1.71488196987054e-09,0.951437685322579,0.0023582984068289,0.0462040162705925,0.0462040162705926,0.905233669051986,0.999999998368397
1.73876240021625e-09,0.951424299784165,0.00235959865145864,0.0462161015643761,0.0462161015643761,0.905208198219789,0.999999998345699
1.7629753752872e-09,0.951410720703324,0.00236091806257043,0.046228361234106,0.046228361234106,0.905182359469218,0.999999998322686
1.78752552590423e-09,0.951396945179061,0.00236225693792716,0.0462407978830114,0.0462407978830115,0.90515614729605,0.999999998299354
1.81241754737424e-09,0.951382970263978,0.0023636155803532,0.0462534141556683,0.0462534141556683,0.90512955610831,0.999999998275697
1.83765620038817e-09,0.951368792963441,0.00236499429783271,0.0462662127387267,0.0462662127387268,0.905102580224714,0.999999998251711
1.86324631193156e-09,0.951354410234738,0.00236639340361019,0.0462791963616521,0.0462791963616521,0.905075213873086,0.999999998227392
1.88919277620766e-09,0.951339818986224,0.00236781321629343,0.0462923677974824,0.0462923677974824,0.905047451188742,0.999999998202736
1.91550055557352e-09,0.951325016076441,0.00236925405995869,0.0463057298635999,0.0463057298635999,0.905019286212841,0.999999998177736
1.94217468148903e-09,0.951309998313222,0.00237071626425842,0.0463192854225193,0.0463192854225193,0.904990712890703,0.99999999815239
1.96922025547917e-09,0.951294762452777,0.00237220016453144,0.0463330373826918,0.0463330373826918,0.904961725070085,0.999999998126691
1.99664245010979e-09,0.951279305198758,0.00237370610191573,0.0463469886993258,0.0463469886993259,0.904932316499433,0.999999998100635
2.0244465099768e-09,0.951263623201311,0.00237523442346375,0.0463611423752248,0.0463611423752248,0.904902480826087,0.999999998074218
2.05263775270925e-09,0.951247713056097,0.00237678548226062,0.046375501461642,0.046375501461642,0.904872211594455,0.999999998047433
2.08122156998634e-09,0.951231571303301,0.00237835963754499,0.0463900690591538,0.0463900690591538,0.904841502244147,0.999999998020277
2.1102034285686e-09,0.951215194426617,0.00237995725483278,0.0464048483185502,0.0464048483185503,0.904810346108067,0.999999997992743
2.13958887134342e-09,0.951198578852211,0.00238157870604389,0.0464198424417454,0.0464198424417454,0.904778736410465,0.999999997964826
2.16938351838518e-09,0.951181720947662,0.00238322436963195,0.0464350546827061,0.0464350546827061,0.904746666264956,0.999999997936522
2.19959306803007e-09,0.951164617020882,0.00238489463071711,0.0464504883484007,0.0464504883484008,0.904714128672481,0.999999997907825
2.23022329796594e-09,0.95114726331901,0.00238658988122213,0.0464661467997677,0.0464661467997678,0.904681116519242,0.999999997878729
2.26128006633728e-09,0.951129656027283,0.00238831052001165,0.0464820334527051,0.0464820334527051,0.904647622574578,0.999999997849229
2.29276931286565e-09,0.951111791267884,0.00239005695303492,0.0464981517790809,0.0464981517790808,0.904613639488803,0.99999999781932
2.32469705998565e-09,0.951093665098762,0.00239182959347201,0.0465145053077656,0.0465145053077655,0.904579159790997,0.999999997788995
2.35706941399672e-09,0.95107527351243,0.0023936288618835,0.0465310976256862,0.0465310976256861,0.904544175886744,0.999999997758249
2.38989256623105e-09,0.951056612434732,0.002395455186364,0.0465479323789037,0.0465479323789036,0.904508680055829,0.999999997727077
2.4231727942376e-09,0.951037677723587,0.0023973090026993,0.0465650132737134,0.0465650132737134,0.904472664449874,0.999999997695471
2.45691646298279e-09,0.951018465167702,0.00239919075452758,0.04658234407777,0.04658234407777,0.904436121089933,0.999999997663427
2.49113002606779e-09,0.95099897048526,0.00240110089350444,0.0465999286212357,0.0465999286212357,0.904399041864024,0.999999997630938
2.52582002696278e-09,0.950979189322572,0.00240303987947225,0.0466177707979558,0.0466177707979559,0.904361418524616,0.999999997597998
2.56099310025846e-09,0.950959117252709,0.00240500818063359,0.0466358745666579,0.0466358745666579,0.904323242686051,0.9999999975646
2.59665597293487e-09,0.950938749774092,0.00240700627372917,0.0466542439521789,0.046654243952179,0.904284505821913,0.999999997530739
2.63281546564802e-09,0.95091808230906,0.00240903464422017,0.0466728830467194,0.0466728830467193,0.904245199262341,0.999999997496408
2.66947849403432e-09,0.9508971102024,0.00241109378647529,0.0466917960111251,0.0466917960111251,0.904205314191275,0.999999997461601
2.70665207003324e-09,0.95087582871984,0.0024131842039625,0.0467109870761975,0.0467109870761975,0.904164841643643,0.99999999742631
2.74434330322837e-09,0.95085423304652,0.00241530640944576,0.0467304605440342,0.0467304605440342,0.904123772502486,0.99999999739053
2.78255940220713e-09,0.950832318285414,0.00241746092518679,0.0467502207893987,0.0467502207893987,0.904082097496016,0.999999997354252
2.82130767593947e-09,0.950810079455726,0.00241964828315201,0.0467702722611222,0.0467702722611222,0.904039807194604,0.999999997317472
2.86059553517574e-09,0.950787511491239,0.00242186902522494,0.0467906194835361,0.046790619483536,0.903996892007703,0.999999997280182
2.90043049386399e-09,0.950764609238638,0.00242412370342404,0.0468112670579383,0.0468112670579384,0.903953342180699,0.999999997242373
2.94082017058707e-09,0.950741367455781,0.00242641288012636,0.0468322196640924,0.0468322196640923,0.903909147791689,0.999999997204041
2.98177229001967e-09,0.950717780809942,0.00242873712829696,0.0468534820617614,0.0468534820617614,0.90386429874818,0.999999997165176
3.02329468440578e-09,0.950693843875998,0.00243109703172445,0.0468750590922774,0.0468750590922775,0.903818784783721,0.999999997125772
3.06539529505652e-09,0.95066955113459,0.00243349318526281,0.046896955680147,0.046896955680147,0.903772595454443,0.999999997085822
3.10808217386906e-09,0.950644896970226,0.00243592619507959,0.0469191768346942,0.0469191768346942,0.903725720135532,0.999999997045318
3.15136348486648e-09,0.950619875669347,0.00243839667891077,0.0469417276517425,0.0469417276517425,0.903678148017604,0.999999997004251
3.19524750575921e-09,0.950594481418342,0.00244090526632251,0.0469646133153351,0.0469646133153351,0.903629868103007,0.999999996962615
3.2397426295282e-09,0.950568708301523,0.00244345259897991,0.0469878390994969,0.0469878390994969,0.903580869202026,0.999999996920402
3.28485736603004e-09,0.950542550299039,0.00244603933092308,0.0470114103700378,0.0470114103700378,0.903531139929001,0.999999996877603
3.33060034362458e-09,0.950516001284751,0.00244866612885077,0.0470353325863983,0.0470353325863984,0.903480668698353,0.999999996834211
3.37698031082509e-09,0.950489055024048,0.0024513336724117,0.0470596113035398,0.0470596113035399,0.903429443720509,0.999999996790217
3.42400613797143e-09,0.950461705171616,0.00245404265450391,0.0470842521738803,0.0470842521738803,0.903377452997736,0.999999996745613
3.47168681892656e-09,0.950433945269142,0.00245679378158244,0.0471092609492759,0.0471092609492758,0.903324684319866,0.999999996700391
3.52003147279668e-09,0.950405768742973,0.00245958777397543,0.0471346434830511,0.0471346434830511,0.903271125259922,0.999999996654542
3.56904934567522e-09,0.950377168901713,0.00246242536620911,0.0471604057320778,0.0471604057320778,0.903216763169635,0.999999996608057
3.61874981241128e-09,0.950348138933753,0.00246530730734188,0.0471865537589049,0.047186553758905,0.903161585174848,0.999999996560928
3.66914237840249e-09,0.950318671904752,0.00246823436130771,0.0472130937339406,0.0472130937339406,0.903105578170811,0.999999996513145
3.72023668141307e-09,0.950288760755043,0.00247120730726936,0.0472400319376877,0.0472400319376878,0.903048728817355,0.999999996464701
3.77204249341699e-09,0.950258398296984,0.00247422693998147,0.0472673747630343,0.0472673747630343,0.90299102353395,0.999999996415585
3.82456972246699e-09,0.950227577212234,0.00247729407016412,0.0472951287176018,0.0472951287176017,0.902932448494632,0.999999996365788
3.87782841458946e-09,0.950196290048963,0.00248040952488703,0.0473233004261501,0.0473233004261501,0.902872989622813,0.999999996315302
3.93182875570577e-09,0.950164529218991,0.00248357414796484,0.0473518966330445,0.0473518966330445,0.902812632585946,0.999999996264116
3.98658107358044e-09,0.950132286994853,0.00248678880036372,0.0473809242047834,0.0473809242047835,0.90275136279007,0.999999996212221
4.0420958397963e-09,0.95009955550679,0.00249005436061993,0.0474103901325901,0.0474103901325901,0.9026891653742,0.999999996159607
4.09838367175725e-09,0.950066326739659,0.00249337172527047,0.0474403015350703,0.0474403015350704,0.902626025204589,0.999999996106264
4.15545533471888e-09,0.950032592529766,0.00249674180929639,0.0474706656609375,0.0474706656609375,0.902561926868829,0.999999996052182
4.21332174384729e-09,0.949998344561614,0.00250016554657912,0.0475014898918073,0.0475014898918072,0.902496854669806,0.999999995997351
4.27199396630678e-09,0.949963574364565,0.00250364389037037,0.0475327817450642,0.0475327817450641,0.902430792619501,0.999999995941761
4.33148322337639e-09,0.949928273309422,0.0025071778137759,0.0475645488768017,0.0475645488768017,0.902363724432621,0.999999995885402
4.39180089259608e-09,0.949892432604907,0.00251076831025378,0.0475967990848391,0.0475967990848392,0.902295633520068,0.999999995828261
4.45295850994266e-09,0.949856043294056,0.00251441639412759,0.0476295403118165,0.0476295403118164,0.902226502982239,0.99999999577033
4.5149677720361e-09,0.949819096250515,0.00251812310111509,0.04766278064837,0.04766278064837,0.902156315602145,0.999999995711597
4.57784053837662e-09,0.949781582174735,0.00252188948887287,0.0476965283363919,0.0476965283363918,0.902085053838343,0.999999995652051
4.64158883361277e-09,0.949743491590068,0.0025257166375576,0.0477307917723748,0.0477307917723748,0.902012699817693,0.999999995591681
4.70622484984129e-09,0.94970481483875,0.00252960565040446,0.047765579510846,0.0477655795108459,0.901939235327904,0.999999995530476
4.77176094893875e-09,0.949665542077785,0.00253355765432326,0.0478009002678921,0.047800900267892,0.901864641809893,0.999999995468423
4.83820966492596e-09,0.949625663274709,0.00253757380051304,0.0478367629247783,0.0478367629247782,0.90178890034993,0.999999995405512
4.90558370636505e-09,0.949585168203239,0.00254165526509566,0.0478731765316649,0.0478731765316649,0.901711991671575,0.99999999534173
4.97389595879006e-09,0.949544046438807,0.00254580324976923,0.0479101503114235,0.0479101503114234,0.901633896127384,0.999999995277067
5.04315948717137e-09,0.949502287353961,0.00255001898248194,0.0479476936635572,0.0479476936635572,0.901554593690404,0.999999995211509
5.11338753841433e-09,0.949459880113646,0.00255430371812704,0.047985816168227,0.0479858161682271,0.901474063945419,0.999999995145044
5.18459354389291e-09,0.949416813670351,0.00255865873925997,0.0480245275903888,0.0480245275903889,0.901392286079962,0.99999999507766
5.25679112201842e-09,0.949373076759119,0.00256308535683808,0.0480638378840432,0.0480638378840431,0.901309238875076,0.999999995009344
5.32999408084408e-09,0.949328657892413,0.00256758491098415,0.0481037571966032,0.0481037571966031,0.90122490069581,0.999999994940084
5.40421642070593e-09,0.949283545354843,0.00257215877177429,0.0481442958733829,0.0481442958733829,0.90113924948146,0.999999994869866
5.47947233690029e-09,0.949237727197738,0.0025768083400513,0.0481854644622111,0.0481854644622111,0.901052262735527,0.999999994798678
5.55577622239888e-09,0.949191191233562,0.00258153504826447,0.0482272737181735,0.0482272737181736,0.900963917515389,0.999999994726506
5.63314267060135e-09,0.949143925030174,0.00258634036133656,0.0482697346084894,0.0482697346084895,0.900874190421685,0.999999994653337
5.71158647812642e-09,0.949095915904916,0.00259122577755938,0.0483128583175246,0.0483128583175246,0.900783057587392,0.999999994579157
5.79112264764177e-09,0.949047150918534,0.00259619282951868,0.0483566562519476,0.0483566562519475,0.900690494666586,0.999999994503951
5.87176639073326e-09,0.948997616868918,0.0026012430850497,0.0484011400460326,0.0484011400460326,0.900596476822885,0.999999994427708
5.95353313081437e-09,0.948947300284662,0.00260637814822452,0.0484463215671139,0.0484463215671139,0.900500978717548,0.999999994350411
6.03643850607586e-09,0.94889618741843,0.00261159966037227,0.0484922129211981,0.0484922129211981,0.900403974497232,0.999999994272046
6.12049837247669e-09,0.948844264240129,0.00261690930113377,0.0485388264587375,0.0485388264587374,0.900305437781391,0.9999999941926
6.20572880677651e-09,0.948791516429876,0.00262230878955164,0.0485861747805722,0.0485861747805723,0.900205341649304,0.999999994112057
6.29214610961035e-09,0.948737929370758,0.00262779988519744,0.048634270744045,0.048634270744045,0.900103658626712,0.999999994030402
6.37976680860628e-09,0.948683488141366,0.00263338438933729,0.0486831274692964,0.0486831274692965,0.90000036067207,0.999999993947621
6.46860766154632e-09,0.948628177508119,0.00263906414613737,0.048732758345744,0.0487327583457441,0.899895419162375,0.999999993863697
6.55868565957142e-09,0.948571981917334,0.00264484104391102,0.048783177038755,0.048783177038755,0.899788804878579,0.999999993778614
6.65001803043113e-09,0.948514885487075,0.00265071701640905,0.0488343974965164,0.0488343974965163,0.899680487990558,0.999999993692359
6.74262224177835e-09,0.948456871998734,0.00265669404415488,0.048886433957111,0.0488864339571109,0.899570438041623,0.999999993604914
6.83651600451024e-09,0.948397924888367,0.00266277415582658,0.0489393009558061,0.048939300955806,0.899458623932561,0.999999993516262
6.9317172761554e-09,0.948338027237751,0.0026689594296874,0.048993013332562,0.048993013332562,0.899345013905189,0.999999993426389
7.02824426430834e-09,0.948277161765164,0.00267525199506697,0.0490475862397686,0.0490475862397686,0.899229575525396,0.999999993335276
7.12611543011176e-09,0.948215310815887,0.00268165403389519,0.0491030351502179,0.0491030351502179,0.899112275665669,0.999999993242908
7.22534949178722e-09,0.948152456352389,0.00268816778229095,0.0491593758653202,0.0491593758653202,0.898993080487069,0.999999993149267
7.32596542821523e-09,0.948088579944217,0.00269479553220791,0.0492166245235747,0.0492166245235747,0.898871955420643,0.999999993054336
7.42798248256491e-09,0.94802366275756,0.00270153963313988,0.0492747976093003,0.0492747976093003,0.898748865148259,0.999999992958097
7.53142016597436e-09,0.947957685544472,0.00270840249388806,0.04933391196164,0.0493339119616401,0.898623773582832,0.999999992860533
7.63629826128226e-09,0.947890628631762,0.00271538658439291,0.0493939847838448,0.0493939847838447,0.898496643847917,0.999999992761624
7.74263682681128e-09,0.947822471909516,0.00272249443763324,0.0494550336528507,0.0494550336528508,0.898367438256665,0.999999992661355
7.85045620020451e-09,0.947753194819247,0.00272972865159554,0.0495170765291573,0.0495170765291574,0.89823611829009,0.999999992559705
7.95977700231498e-09,0.947682776341664,0.00273709189131638,0.0495801317670199,0.0495801317670199,0.898102644574644,0.999999992456656
8.07062014114949e-09,0.947611194984032,0.00274458689100109,0.0496442181249667,0.0496442181249667,0.897966976859066,0.99999999235219
8.18300681586741e-09,0.947538428767125,0.00275221645622202,0.049709354776653,0.0497093547766529,0.897829073990472,0.999999992246287
8.29695852083492e-09,0.947464455211735,0.0027599834661998,0.0497755613220652,0.0497755613220653,0.89768889388967,0.999999992138927
8.41249704973612e-09,0.947389251324742,0.00276789087617117,0.0498428577990869,0.0498428577990869,0.897546393525655,0.999999992030091
8.52964449974102e-09,0.94731279358471,0.00277594171984734,0.0499112646954423,0.0499112646954424,0.897401528889268,0.999999991919759
8.64842327573171e-09,0.947235057927004,0.00278413911196659,0.0499808029610291,0.049980802961029,0.897254254965975,0.99999999180791
8.76885609458744e-09,0.947156019728396,0.00279248625094562,0.0500514940206579,0.0500514940206579,0.897104525707739,0.999999991694525
8.89096598952917e-09,0.947075653791155,0.00280098642163371,0.0501233597872116,0.0501233597872115,0.896952294003943,0.999999991579582
9.01477631452492e-09,0.946993934326583,0.00280964299817456,0.0501964226752421,0.0501964226752422,0.896797511651341,0.999999991463062
9.14031074875622e-09,0.946910834937998,0.00281845944698049,0.0502707056150215,0.0502707056150216,0.896640129322977,0.999999991344941
9.26759330114686e-09,0.946826328603112,0.00282743932982419,0.0503462320670635,0.0503462320670635,0.896480096536049,0.999999991225198
9.39664831495471e-09,0.946740387655811,0.00283658630705331,0.0504230260371359,0.0504230260371359,0.896317361618675,0.999999991103814
9.5275004724273e-09,0.946652983767286,0.00284590414093349,0.0505011120917809,0.050501112091781,0.896151871675505,0.999999990980763
9.66017479952265e-09,0.946564087926509,0.00285539669912588,0.0505805153743653,0.0505805153743653,0.895983572552143,0.999999990856025
9.79469667069539e-09,0.946473670420015,0.00286506795830518,0.0506612616216798,0.0506612616216798,0.895812408798335,0.999999990729577
9.93109181374978e-09,0.946381700810965,0.00287492200792491,0.0507433771811104,0.0507433771811104,0.895638323629854,0.999999990601396
1.00693863147603e-08,0.946288147917459,0.00288496305413672,0.0508268890284038,0.0508268890284038,0.895461258889056,0.999999990471459
1.02096066230605e-08,0.946192979790078,0.002895195423871,0.0509118247860514,0.0509118247860515,0.895281155004026,0.999999990339742
1.03517795563018e-08,0.946096163688597,0.00290562356908649,0.0509982127423162,0.0509982127423161,0.895097950946281,0.999999990206221
1.04959323055823e-08,0.945997666057874,0.00291625207119684,0.0510860818709287,0.0510860818709287,0.894911584186946,0.999999990070872
1.06420924406472e-08,0.945897452502838,0.0029270856456827,0.0511754618514796,0.0511754618514796,0.894721990651358,0.999999989933672
1.07902879151618e-08,0.945795487762565,0.00293812914689823,0.0512663830905367,0.0512663830905367,0.894529104672028,0.999999989794594
1.09405470720574e-08,0.945691735683402,0.00294938757308147,0.0513588767435166,0.0513588767435165,0.894332858939885,0.999999989653615
1.10928986489522e-08,0.94558615919108,0.00296086607157853,0.0514529747373419,0.0514529747373418,0.894133184453738,0.999999989510709
1.12473717836475e-08,0.945478720261791,0.00297256994429202,0.0515487097939168,0.0515487097939168,0.893930010467874,0.999999989365849
1.14039960197003e-08,0.94536937989218,0.00298450465336494,0.051646115454455,0.0516461154544551,0.893723264437725,0.999999989219011
1.15628013120738e-08,0.945258098068194,0.00299667582711151,0.0517452261046949,0.0517452261046949,0.893512871963499,0.999999989070168
1.1723818032866e-08,0.945144833732751,0.00300908926620749,0.0518460770010411,0.0518460770010412,0.89329875673171,0.999999988919294
1.1887076977119e-08,0.945029544752178,0.00302175095015285,0.0519487042976696,0.0519487042976695,0.893080840454508,0.999999988766361
1.20526093687084e-08,0.94491218788134,0.00303466704402073,0.0520531450746388,0.0520531450746389,0.892859042806702,0.999999988611343
1.22204468663149e-08,0.944792718727444,0.00304784390550707,0.0521594373670485,0.0521594373670485,0.892633281360396,0.999999988454211
1.23906215694792e-08,0.944671091712411,0.00306128809229643,0.0522676201952925,0.0522676201952925,0.892403471517119,0.999999988294938
1.25631660247412e-08,0.944547260033789,0.00307500636976027,0.0523777335964512,0.0523777335964511,0.892169526437337,0.999999988133496
1.27381132318648e-08,0.94442117562412,0.00308900571900486,0.0524898186568747,0.0524898186568747,0.891931356967246,0.999999987969856
1.29154966501488e-08,0.944292789108706,0.00310329334528707,0.0526039175460066,0.0526039175460067,0.8916888715627,0.99999998780399
1.30953502048267e-08,0.944162049761678,0.00311787668681737,0.052720073551505,0.052720073551505,0.891441976210173,0.999999987635867
1.32777082935543e-08,0.944028905460315,0.00313276342397039,0.0528383311157149,0.0528383311157149,0.8911905743446,0.99999998746546
1.34626057929891e-08,0.94389330263752,0.00314796148892488,0.0529587358735547,0.0529587358735548,0.890934566763966,0.999999987292737
1.36500780654601e-08,0.943755186232367,0.00316347907575571,0.0530813346918772,0.0530813346918771,0.89067385154049,0.999999987117668
1.38401609657313e-08,0.943614499638625,0.00317932465100262,0.0532061757103724,0.0532061757103724,0.890408323928253,0.999999986940224
1.40328908478587e-08,0.943471184651179,0.0031955069647411,0.0533333083840799,0.0533333083840798,0.890137876267099,0.999999986760372
1.42283045721435e-08,0.943325181410232,0.00321203506218313,0.053462783527585,0.053462783527585,0.889862397882647,0.999999986578082
1.44264395121816e-08,0.94317642834319,0.00322891829583664,0.0535946533609735,0.0535946533609736,0.889581774982216,0.999999986393322
1.46273335620113e-08,0.943024862104121,0.00324616633825447,0.0537289715576249,0.053728971557625,0.889295890546496,0.999999986206061
1.4831025143361e-08,0.942870417510665,0.00326378919540577,0.0538657932939296,0.0538657932939295,0.889004624216735,0.999999986016265
1.50375532129974e-08,0.942713027478279,0.00328179722070441,0.0540051753010165,0.0540051753010165,0.888707852177263,0.999999985823903
1.52469572701757e-08,0.942552622951683,0.00330020112973152,0.0541471759185857,0.0541471759185858,0.888405447033097,0.999999985628941
1.54592773641948e-08,0.942389132833367,0.00331901201569145,0.0542918551509417,0.0542918551509417,0.888097277682425,0.999999985431345
1.56745541020559e-08,0.942222483909026,0.0033382413656428,0.0544392747253315,0.0544392747253316,0.887783209183694,0.999999985231083
1.58928286562298e-08,0.942052600769756,0.00335790107754923,0.0545894981526943,0.0545894981526943,0.887463102617062,0.999999985028119
1.61141427725302e-08,0.941879405730866,0.00337800347819723,0.0547425907909362,0.0547425907909362,0.88713681493993,0.999999984822421
1.63385387780986e-08,0.941702818747119,0.00339856134203126,0.0548986199108498,0.0548986199108497,0.886804198836269,0.999999984613952
1.65660595894992e-08,0.941522757324237,0.00341958791096005,0.0550576547648027,0.0550576547648027,0.886465102559434,0.999999984402678
1.67967487209265e-08,0.94133913642648,0.00344109691519114,0.055219766658329,0.0552197666583291,0.886119369768151,0.999999984188563
1.70306502925284e-08,0.941151868380085,0.00346310259515478,0.0553850290247597,0.0553850290247597,0.885766839355326,0.999999983971572
1.72678090388436e-08,0.940960862772377,0.00348561972458213,0.0555535175030411,0.055553517503041,0.885407345269336,0.999999983751667
1.75082703173572e-08,0.940766026346301,0.00350866363480715,0.0557253100188922,0.0557253100188921,0.885040716327408,0.999999983528814
1.77520801171764e-08,0.940567262890168,0.00353225024036636,0.0559004868694653,0.0559004868694652,0.884666776020703,0.999999983302974
1.79992850678248e-08,0.940364473122347,0.00355639606597532,0.0560791308116781,0.056079130811678,0.884285342310669,0.999999983074112
1.82499324481615e-08,0.940157554570635,0.00358111827496653,0.0562613271543985,0.0562613271543985,0.883896227416237,0.999999982842188
1.8504070195423e-08,0.939946401446052,0.00360643469927878,0.0564471638546695,0.0564471638546695,0.883499237591382,0.999999982607166
1.87617469143912e-08,0.939730904510731,0.00363236387109457,0.056636731618174,0.0566367316181741,0.883094172892557,0.999999982369007
1.90230118866895e-08,0.939510950939623,0.00365892505622873,0.0568301240041485,0.0568301240041484,0.882680826935474,0.999999982127672
1.92879150802078e-08,0.939286424175654,0.00368613828937857,0.0570274375349671,0.0570274375349671,0.882258986640687,0.999999981883123
1.95565071586595e-08,0.939057203778019,0.00371402441135386,0.0572287718106268,0.0572287718106268,0.881828431967393,0.999999981635321
1.98288394912707e-08,0.938823165263207,0.00374260510841295,0.0574342296283806,0.0574342296283805,0.881388935634826,0.999999981384226
2.0104964162605e-08,0.938584179938385,0.00377190295384072,0.0576439171077747,0.0576439171077746,0.88094026283061,0.999999981129798
2.03849339825246e-08,0.938340114726724,0.00380194145191359,0.0578579438213627,0.0578579438213627,0.880482170905361,0.999999980871999
2.06688024962908e-08,0.938090831984211,0.00383274508440714,0.0580764229313814,0.0580764229313815,0.88001440905283,0.999999980610786
2.09566239948043e-08,0.937836189307495,0.00386433935981366,0.0582994713326918,0.0582994713326918,0.879536717974803,0.999999980346119
2.12484535249888e-08,0.937576039332251,0.00389675086544862,0.0585272098022999,0.0585272098022999,0.879048829529952,0.999999980077959
2.15443469003188e-08,0.937310229521568,0.00393000732263852,0.0587597631557938,0.0587597631557938,0.878550466365774,0.999999979806263
2.18443607114943e-08,0.937038601943755,0.00396413764519693,0.058997260411048,0.0589972604110481,0.878041341532707,0.999999979530991
2.21485523372636e-08,0.936760993039023,0.00399917200141045,0.0592398349595661,0.0592398349595662,0.877521158079457,0.9999999792521
2.24569799553977e-08,0.936477233374375,0.00403514187977359,0.0594876247458512,0.0594876247458511,0.876989608628524,0.999999978969549
2.27697025538168e-08,0.936187147386056,0.00407208015872895,0.0597407724552152,0.0597407724552151,0.876446374930841,0.999999978683297
2.30867799418717e-08,0.935890553108852,0.00411002118068895,0.0599994257104592,0.0599994257104592,0.875891127398393,0.999999978393301
2.34082727617829e-08,0.935587261891484,0.00414900083063622,0.0602637372778794,0.0602637372778794,0.875323524613605,0.999999978099518
2.37342425002387e-08,0.935277078097302,0.00418905661962271,0.060533865283075,0.060533865283075,0.874743212814227,0.999999977801907
2.40647515001542e-08,0.934959798789424,0.00423022777351217,0.0608099734370635,0.0608099734370635,0.874149825352361,0.999999977500425
2.43998629725955e-08,0.934635213399435,0.00427255532733735,0.0610922312732272,0.0610922312732272,0.873542982126208,0.999999977195029
2.47396410088681e-08,0.934303103378679,0.00431608222567259,0.0613808143956488,0.0613808143956489,0.87292228898303,0.999999976885677
2.50841505927754e-08,0.933963241831131,0.00436085342945367,0.0616759047394152,0.0616759047394152,0.872287337091716,0.999999976572325
2.54334576130465e-08,0.933615393126789,0.00440691602971079,0.0619776908435003,0.0619776908435004,0.871637702283289,0.999999976254933
2.5787628875938e-08,0.933259312494415,0.00445431936871808,0.0622863681368664,0.0622863681368665,0.870972944357549,0.999999975933455
2.61467321180109e-08,0.932894745592445,0.00450311516910273,0.0626021392384526,0.0626021392384526,0.870292606353992,0.999999975607851
2.65108360190854e-08,0.932521428056749,0.00455335767150053,0.0629252142717507,0.0629252142717507,0.869596213784998,0.999999975278077
2.68800102153761e-08,0.932139085023908,0.00460510378139245,0.0632558111947,0.0632558111946999,0.868883273829208,0.999999974944092
2.72543253128103e-08,0.931747430628529,0.00465841322580748,0.0635941561456637,0.0635941561456637,0.868153274482865,0.999999974605852
2.76338529005317e-08,0.931346167473084,0.00471334872063391,0.0639404838062827,0.0639404838062826,0.867405683666801,0.999999974263317
2.8018665564592e-08,0.930934986068626,0.00476997614934089,0.0642950377820332,0.064295037782033,0.866639948286593,0.999999973916444
2.84088369018331e-08,0.930513564244674,0.00482836475397907,0.0646580710013471,0.064658071001347,0.865855493243327,0.999999973565192
2.8804441533963e-08,0.930081566526415,0.00488858733940019,0.0650298461341852,0.0650298461341852,0.865051720392229,0.99999997320952
2.92055551218275e-08,0.929638643477304,0.00495072049171399,0.0654106360309824,0.0654106360309824,0.864228007446321,0.999999972849387
2.96122543798803e-08,0.929184431005003,0.00501484481208515,0.0658007241829116,0.0658007241829116,0.863383706822092,0.999999972484754
3.00246170908555e-08,0.928718549628493,0.00508104516706562,0.0662004052044414,0.0662004052044414,0.862518144424052,0.999999972115581
3.04427221206431e-08,0.928240603704061,0.00514941095675755,0.066609985339181,0.0666099853391809,0.861630618364881,0.999999971741829
3.08666494333727e-08,0.92775018060776,0.00522003640221128,0.0670297829900286,0.0670297829900286,0.860720397617732,0.99999997136346
3.12964801067075e-08,0.927246849871769,0.00529302085358096,0.0674601292746503,0.0674601292746504,0.859786720597118,0.999999970980438
3.17322963473497e-08,0.926730162271987,0.00536846912068938,0.0679013686073238,0.0679013686073238,0.858828793664663,0.999999970592724
3.21741815067637e-08,0.926199648864026,0.00544649182779301,0.0683538593081807,0.0683538593081806,0.857845789555846,0.999999970200284
3.26222200971167e-08,0.925654819964637,0.00552720579449051,0.0688179742408723,0.0688179742408723,0.856836845723765,0.999999969803085
3.30764978074424e-08,0.92509516407546,0.00561073444488223,0.0692941014796576,0.0692941014796575,0.855801062595803,0.999999969401092
3.35371015200293e-08,0.924520146745853,0.00569720824726759,0.0697826450068796,0.0697826450068796,0.854737501738973,0.999999968994274
3.4004119327037e-08,0.923929209371399,0.00578676518686043,0.0702840254417404,0.0702840254417404,0.853645183929659,0.999999968582601
3.44776405473446e-08,0.923321767924574,0.00587955127421292,0.0707986808012133,0.0707986808012132,0.852523087123361,0.999999968166044
3.49577557436328e-08,0.922697211613904,0.00597572109226548,0.0713270672938301,0.0713270672938301,0.851370144320074,0.999999967744576
3.54445567397044e-08,0.922054901467853,0.00607543838518618,0.0718696601469613,0.0718696601469613,0.850185241320891,0.999999967318173
3.59381366380463e-08,0.921394168839533,0.00617887669242789,0.0724269544680394,0.0724269544680395,0.848967214371493,0.99999996688681
3.64385898376354e-08,0.920714313828298,0.00628622003171762,0.0729994661399844,0.0729994661399843,0.847714847688314,0.999999966450469
3.6946012051993e-08,0.920014603614159,0.0063976636350001,0.0735877327508409,0.073587732750841,0.846426870863318,0.999999966009129
3.746050032749e-08,0.919294270700973,0.00651341474168782,0.0741923145573392,0.0741923145573391,0.845101956143634,0.999999965562777
3.79821530619074e-08,0.918552511064344,0.00663369345392375,0.0748137954817319,0.0748137954817318,0.843738715582612,0.999999965111398
3.85110700232557e-08,0.917788482200237,0.00675873365894073,0.0754527841408221,0.0754527841408221,0.842335698059415,0.999999964654984
3.90473523688556e-08,0.917001301070416,0.00688878402400365,0.0761099149055799,0.0761099149055799,0.840891386164837,0.999999964193527
3.95911026646846e-08,0.916190041941024,0.00702410906984724,0.0767858489891283,0.0767858489891283,0.839404192951896,0.999999963727026
4.01424249049933e-08,0.915353734110876,0.00716499032897236,0.0774812755601521,0.0774812755601522,0.837872458550723,0.999999963255481
4.07014245321944e-08,0.914491359526447,0.00731172759563538,0.0781969128779178,0.0781969128779179,0.836294446648529,0.999999962778899
4.12682084570295e-08,0.913601850281049,0.00746464027485827,0.0789335094440927,0.0789335094440927,0.834668340836956,0.999999962297288
4.18428850790158e-08,0.912684085996337,0.00762406883829505,0.0796918451653678,0.0796918451653679,0.832992240830969,0.999999961810665
4.24255643071778e-08,0.91173689108517,0.00779037639531115,0.0804727325195189,0.0804727325195189,0.831264158565651,0.999999961319048
4.3016357581068e-08,0.910759031895891,0.00796395038815867,0.0812770177159507,0.0812770177159506,0.82948201417994,0.999999960822464
4.36153778920801e-08,0.909749213739425,0.00814520442065192,0.0821055818399227,0.0821055818399227,0.827643631899503,0.999999960320944
4.4222739805059e-08,0.908706077802203,0.00833458023025743,0.0829593419675397,0.0829593419675396,0.825746735834663,0.999999959814527
4.48385594802119e-08,0.907628197949861,0.00853254981399,0.0838392522361487,0.0838392522361487,0.823788945713713,0.999999959303259
4.5462954695324e-08,0.906514077429062,0.00873961771893941,0.0847463048519986,0.0847463048519986,0.821767772577063,0.999999958787192
4.60960448682844e-08,0.905362145477541,0.00895632350861412,0.0856815310138449,0.085681531013845,0.819680614463696,0.999999958266386
4.67379510799246e-08,0.904170753855877,0.00918324441655095,0.0866460017275723,0.0866460017275722,0.817524752128305,0.999999957740911
4.73887960971765e-08,0.902938173318385,0.00942099819877179,0.0876408284828428,0.0876408284828428,0.815297344835543,0.999999957210847
4.80487043965513e-08,0.901662590045179,0.00967024619662259,0.0886671637581987,0.0886671637581987,0.81299542628698,0.999999956676281
4.87178021879463e-08,0.900342102062805,0.0099316966212604,0.0897262013159347,0.0897262013159348,0.81061590074687,0.999999956137312
4.93962174387833e-08,0.898974715687121,0.010206108070498,0.0908191762423808,0.0908191762423808,0.808155539444741,0.99999995559405
5.00840798984821e-08,0.897558342029235,0.0104942932877991,0.0919473646829655,0.0919473646829655,0.80561097734627,0.999999955046616
5.07815211232767e-08,0.896090793613545,0.0107971231718628,0.0931120832145918,0.0931120832145917,0.802978710398954,0.999999954495146
5.1488674501375e-08,0.894569781166239,0.0111155310433347,0.0943146877904263,0.0943146877904262,0.800255093375813,0.999999953939787
5.22056752784698e-08,0.892992910643098,0.011450517172636,0.0955565721842659,0.0955565721842658,0.797436338458832,0.999999953380702
5.29326605836057e-08,0.891357680577177,0.0118031535695706,0.0968391658532519,0.0968391658532519,0.794518514723926,0.999999952818066
5.36697694554048e-08,0.889661479839903,0.0121745890311202,0.098163931128977,0.098163931128977,0.791497548710926,0.999999952252074
5.44171428686589e-08,0.887901585923305,0.0125660544385101,0.0995323596381846,0.0995323596381845,0.788369226285121,0.999999951682933
5.51749237612913e-08,0.886075163866441,0.0129788682880583,0.100945967845501,0.100945967845501,0.78512919602094,0.99999995111087
5.59432570616938e-08,0.884179265965329,0.0134144424323301,0.102406291602341,0.102406291602341,0.781772974362987,0.999999950536132
5.67222897164455e-08,0.882210832422744,0.0138742879985429,0.103914879578713,0.103914879578713,0.778295952844031,0.999999949958982
5.75121707184161e-08,0.880166693111535,0.0143600214398251,0.10547328544864,0.10547328544864,0.774693407662894,0.999999949379703
5.83130511352622e-08,0.878043570642242,0.0148733706616939,0.107083058696064,0.107083058696064,0.770960511946177,0.9999999487986
5.91250841383188e-08,0.875838084942022,0.0154161811508645,0.108745733907113,0.108745733907113,0.767092351034909,0.999999948215999
5.99484250318941e-08,0.873546759566224,0.0159904220162023,0.110462818417573,0.110462818417573,0.763083941148651,0.999999947632248
6.07832312829724e-08,0.87116602997538,0.0165981918323048,0.112235778192316,0.112235778192316,0.758930251783064,0.999999947047714
6.16296625513294e-08,0.868692254017426,0.0172417241550241,0.11406602182755,0.11406602182755,0.754626232189877,0.99999994646279
6.24878807200689e-08,0.866121724856075,0.0179233925555124,0.115954882588412,0.115954882588412,0.750166842267663,0.999999945877889
6.33580499265825e-08,0.863450686579535,0.0186457149956003,0.117903598424865,0.117903598424865,0.745547088154671,0.999999945293448
6.42403365939419e-08,0.860675352707314,0.0194113573432314,0.119913289949455,0.119913289949455,0.740762062757859,0.999999944709925
