1.83765620038817e-07,0.419600729807335,0.336863312840178,0.487071914704974,0.176064772454848,0.999999922891812
1.86324631193156e-07,0.414180121401987,0.343184930160591,0.485269896874845,0.171545172964564,0.999999922828042
1.88919277620766e-07,0.408819440285742,0.349494454184063,0.48337221106039,0.167133334755547,0.999999922766127
1.91550055557353e-07,0.403518563453467,0.355790104144616,0.481382664803835,0.162827231051549,0.999999922705997
1.94217468148903e-07,0.398277331618386,0.362070169644289,0.479304997474649,0.158624832881062,0.999999922647585
1.96922025547917e-07,0.393095551965529,0.368333009044026,0.477142877980891,0.154524112975084,0.999999922590828
1.99664245010979e-07,0.387973000726983,0.374577047839133,0.474899902867767,0.1505230492931,0.999999922535664
2.0244465099768e-07,0.382909425589904,0.380800777025782,0.472579594768628,0.14661962820559,0.999999922482035
2.05263775270925e-07,0.377904547947643,0.387002751464226,0.470185401176262,0.142811847359512,0.999999922429886
2.08122156998634e-07,0.372958065003835,0.393181588243734,0.467720693504861,0.139097718251405,0.999999922379163
2.1102034285686e-07,0.368069651738727,0.399335965053614,0.465188766415319,0.135475268531068,0.999999922329816
2.13958887134342e-07,0.363238962746499,0.405464618564154,0.462592837378693,0.131942544057152,0.999999922281796
2.16938351838518e-07,0.358465633951844,0.411566342820809,0.459936046454694,0.128497610724497,0.999999922235056
2.19959306803007e-07,0.353749284213544,0.417639987654506,0.457221456263899,0.125138556081595,0.999999922189553
2.23022329796594e-07,0.349089516822337,0.423684457110579,0.454452052134169,0.121863490755252,0.999999922145243
2.26128006633728e-07,0.344485920899907,0.429698707898443,0.4516307424033,0.118670549698257,0.999999922102086
2.29276931286565e-07,0.339938072705404,0.435681747863856,0.44876035886148,0.115557893274665,0.999999922060042
2.32469705998565e-07,0.335445536855506,0.441632634485266,0.445843657318455,0.112523708196278,0.999999922019075
2.35706941399673e-07,0.331007867463621,0.447550473395572,0.442883318281614,0.109566208322814,0.999999921979148
2.38989256623105e-07,0.326624609203515,0.453434416930319,0.439881947732332,0.106683635337348,0.999999921940227
2.4231727942376e-07,0.322295298302256,0.459283662703228,0.436842077989032,0.10387425930774,0.99999992190228
2.45691646298279e-07,0.318019463467085,0.465097452209722,0.433766168646386,0.101136379143893,0.999999921865274
2.49113002606779e-07,0.313796626750509,0.470875069458979,0.430656607581022,0.0984683229599983,0.99999992182918
2.52582002696278e-07,0.309626304357619,0.476615839634919,0.427515712014924,0.0958684483501565,0.999999921793968
2.56099310025846e-07,0.305508007399391,0.482319127786364,0.42434572962849,0.093335142585146,0.99999992175961
2.59665597293487e-07,0.301441242595472,0.487984337546558,0.42114883971594,0.090866822737502,0.99999992172608
2.63281546564802e-07,0.297425512929705,0.493610909882087,0.417927154376415,0.0884619357414981,0.999999921693351
2.66947849403432e-07,0.293460318261466,0.499198321871188,0.414682719734691,0.0861189583941208,0.999999921661399
2.70665207003324e-07,0.289545155895648,0.504746085511338,0.411417517186027,0.083836397302635,0.9999999216302
2.74434330322837e-07,0.285679521113964,0.510253746555975,0.408133464660121,0.0816127887839037,0.999999921599732
2.78255940220713e-07,0.281862907670048,0.515720883380118,0.404832417899668,0.0794466987202134,0.999999921569972
2.82130767593947e-07,0.27809480825067,0.521147105874636,0.401516171749387,0.0773367223759769,0.999999921540898
2.86059553517574e-07,0.274374714905259,0.526532054368824,0.398186461451834,0.0752814841793416,0.999999921512492
2.90043049386399e-07,0.270702119445713,0.531875398580974,0.394844963946625,0.073279637472401,0.999999921484732
2.94082017058707e-07,0.267076513818442,0.537176836596528,0.39149329917006,0.0713298642334124,0.9999999214576
2.98177229001967e-07,0.26349739045036,0.54243609387343,0.388133031352421,0.0694308747741491,0.999999921431078
3.02329468440578e-07,0.25996424257051,0.547652922274239,0.384765670310502,0.0675814074152585,0.999999921405149
3.06539529505652e-07,0.256476564508859,0.552827099124549,0.381392672733184,0.0657802281422664,0.999999921379795
3.10808217386906e-07,0.253033851973693,0.557958426297259,0.378015443458097,0.0640261302446443,0.999999921355
3.15136348486648e-07,0.249635602308978,0.56304672932221,0.374635336737624,0.0623179339401657,0.999999921330748
3.19524750575921e-07,0.246281314732932,0.568091856520718,0.371253657492701,0.060654485986581,0.999999921307024
3.2397426295282e-07,0.242970490558997,0.573093678164485,0.367871662553036,0.0590346592824795,0.999999921283814
3.28485736603004e-07,0.23970263340032,0.578052085658408,0.364490561882544,0.0574573524590478,0.999999921261104
3.33060034362459e-07,0.23647724935875,0.58296699074678,0.36111151978894,0.05592148946428,0.999999921238879
3.37698031082509e-07,0.233293847199358,0.587838324742361,0.357735656116562,0.0544260191410771,0.999999921217127
3.42400613797143e-07,0.230151938511344,0.592666037777841,0.35436404742163,0.052969914800529,0.999999921195835
3.47168681892656e-07,0.227051037856201,0.597450098079176,0.350997728129246,0.0515521737915775,0.99999992117499
3.52003147279668e-07,0.223990662903927,0.602190491260286,0.347637691671574,0.0501718170681405,0.999999921154582
3.56904934567523e-07,0.220970334558025,0.606887219638635,0.34428489160668,0.0488278887546851,0.999999921134597
3.61874981241128e-07,0.217989577069981,0.611540301571186,0.340940242717665,0.047519455711149,0.999999921115026
3.66914237840249e-07,0.215047918143891,0.616149770810239,0.337604622091739,0.0462456070980213,0.999999921095857
3.72023668141307e-07,0.212144889031822,0.620715675878679,0.334278870178997,0.0450054539423238,0.99999992107708
3.77204249341699e-07,0.209280024620513,0.625238079464136,0.330963791830702,0.0437981287051621,0.999999921058685
3.824569722467e-07,0.206452863509922,0.629717057831602,0.327660157316952,0.0426227848514461,0.999999921040663
3.87782841458946e-07,0.203662948084151,0.634152700254026,0.324368703323647,0.0414785964223271,0.999999921023003
3.93182875570577e-07,0.200909824575201,0.638545108460436,0.321090133928727,0.0403647576108377,0.999999921005697
3.98658107358044e-07,0.198193043120019,0.642894396101136,0.317825121557691,0.0392804823411732,0.999999920988737
4.0420958397963e-07,0.195512157811239,0.647200688229529,0.314574307918465,0.0382250038520064,0.999999920972112
4.09838367175726e-07,0.192866726742025,0.651464120800132,0.311338304915685,0.0371975742841827,0.999999920955816
4.15545533471888e-07,0.190256312045373,0.655684840182361,0.308117695544534,0.0361974642731058,0.999999920939839
4.21332174384729e-07,0.187680479928213,0.659863002689658,0.304913034764258,0.0352239625460839,0.999999920924175
4.27199396630678e-07,0.185138800700656,0.663998774123564,0.301724850351559,0.0342763755248769,0.999999920908816
4.33148322337639e-07,0.182630848800672,0.668092329332309,0.298553643734037,0.0333540269336536,0.999999920893754
4.39180089259609e-07,0.180156202814491,0.672143851783554,0.295399890803911,0.0324562574125356,0.999999920878983
4.45295850994266e-07,0.177714445493006,0.676153533150875,0.292264042712239,0.0315824241368861,0.999999920864495
4.5149677720361e-07,0.175305163764419,0.680121572913632,0.289146526643899,0.0307319004424693,0.999999920850284
4.57784053837662e-07,0.172927948743376,0.68404817796984,0.286047746573569,0.0299040754565912,0.999999920836343
4.64158883361277e-07,0.170582395736815,0.687933562261681,0.282968084003008,0.0290983537353111,0.999999920822666
4.70622484984128e-07,0.168268104246738,0.691777946413315,0.279907898679895,0.0283141549067907,0.999999920809247
4.77176094893875e-07,0.165984677970101,0.695581557380635,0.276867529298527,0.0275509133208379,0.99999992079608
4.83820966492596e-07,0.163731724796022,0.699344628112635,0.273847294182685,0.02680807770468,0.999999920783159
4.90558370636505e-07,0.161508856800462,0.703067397224067,0.270847491950941,0.0260851108249918,0.999999920770478
4.97389595879006e-07,0.159315690238571,0.70675010867905,0.267868402164758,0.0253814891561919,0.999999920758033
5.04315948717136e-07,0.15715184553483,0.710393011485342,0.264910285959655,0.0246967025550027,0.999999920745818
5.11338753841433e-07,0.155016947271161,0.713996359398948,0.261973386659782,0.0240302539412694,0.999999920733827
5.18459354389291e-07,0.152910624173112,0.717560410638786,0.259057930376204,0.0233816589850104,0.999999920722057
5.25679112201842e-07,0.150832509094288,0.721085427611102,0.25616412658922,0.022750445799678,0.999999920710501
5.32999408084408e-07,0.148782238999107,0.724571676643372,0.253292168715041,0.0221361546415871,0.999999920699155
5.40421642070592e-07,0.146759454944037,0.728019427727396,0.250442234657134,0.0215383376154705,0.999999920688014
5.47947233690029e-07,0.144763802057393,0.731428954271326,0.247614487342563,0.0209565583861116,0.999999920677075
5.55577622239888e-07,0.142794929517814,0.734800532860368,0.244809075243635,0.0203903918959972,0.999999920666333
5.63314267060135e-07,0.140852490531512,0.738134443025905,0.242026132885166,0.0198394240889293,0.999999920655782
5.71158647812642e-07,0.13893614230838,0.741430967022774,0.239265781337692,0.019303251639534,0.999999920645421
5.79112264764176e-07,0.137045546037055,0.744690389614484,0.236528128696921,0.0187814816885941,0.999999920635244
5.87176639073326e-07,0.135180366859007,0.747912997866122,0.233813270549743,0.0182737315841352,0.999999920625246
5.95353313081437e-07,0.133340273841738,0.751099080944714,0.231121290427097,0.0177796286281892,0.999999920615426
6.03643850607586e-07,0.131524939951157,0.754248929926841,0.228452260244004,0.017298809829155,0.999999920605779
6.12049837247669e-07,0.129734042023206,0.757362837613266,0.225806240727055,0.0168309216596786,0.999999920596301
6.2057288067765e-07,0.127967260734793,0.760441098350379,0.223183281829655,0.0163756198199661,0.999999920586988
6.29214610961035e-07,0.126224280574102,0.763484007858246,0.220583423135305,0.0159325690064491,0.999999920577838
6.37976680860628e-07,0.124504789810323,0.766491863065067,0.218006694249221,0.0155014426857122,0.999999920568847
6.46860766154632e-07,0.122808480462876,0.769464961947849,0.215453115178551,0.0150819228736,0.999999920560012
6.55868565957142e-07,0.121135048270156,0.7724036033791,0.212922696701487,0.0146736999194127,0.99999992055133
6.65001803043112e-07,0.119484192657869,0.775308086979363,0.210415440725534,0.0142764722951024,0.999999920542796
6.74262224177835e-07,0.117855616706985,0.778178712975413,0.207931340635203,0.0138899463893833,0.99999992053441
6.83651600451024e-07,0.116249027121362,0.781015782063939,0.205470381629399,0.0135138363066627,0.999999920526166
6.9317172761554e-07,0.114664134195079,0.783819595280548,0.203032541048745,0.0131478636707067,0.999999920518064
7.02824426430834e-07,0.113100651779514,0.786590453873922,0.200617788693127,0.0127917574329504,0.999999920510099
7.12611543011174e-07,0.111558297250198,0.789328659184967,0.19822608712967,0.0124452536853631,0.99999992050227
7.22534949178722e-07,0.110036791473489,0.792034512530801,0.195857391991419,0.0121080954777797,0.999999920494573
7.32596542821523e-07,0.108535858773088,0.794708315093434,0.193511652266954,0.0117800326396113,0.999999920487005
7.42798248256491e-07,0.107055226896429,0.797350367812988,0.191188810581167,0.0114608216058455,0.999999920479565
7.53142016597438e-07,0.10559462698097,0.799960971285309,0.188888803467441,0.0111502252472498,0.99999992047225
7.63629826128224e-07,0.104153793520421,0.802540425663852,0.186611561631454,0.010848012704694,0.999999920465057
7.74263682681128e-07,0.102732464330911,0.805089030565679,0.184357010206819,0.0105539592275014,0.999999920457984
7.85045620020451e-07,0.101330380517145,0.807607084981459,0.182125069002792,0.0102678460157489,0.999999920451029
7.95977700231498e-07,0.0999472864385479,0.810094887189333,0.179915652744239,0.00998946006642865,0.999999920444189
8.07062014114951e-07,0.0985829296754339,0.812552734672523,0.177728671304086,0.00971859402339106,0.999999920437462
8.18300681586739e-07,0.0972370609952087,0.814980924040568,0.175564029928447,0.00945504603098549,0.999999920430847
8.29695852083491e-07,0.0959094343186279,0.817379750954063,0.173421629454618,0.00919861959131874,0.99999992042434
8.41249704973612e-07,0.0945998066861287,0.819749510052795,0.171301366522153,0.00894912342505241,0.999999920417941
8.52964449974102e-07,0.0933079382242473,0.822090494887165,0.169203133777176,0.00870637133565949,0.999999920411646
8.64842327573173e-07,0.0920335921121389,0.824402997852785,0.167126820070152,0.00847018207706304,0.999999920405454
8.76885609458743e-07,0.0907765345482165,0.82668731012815,0.165072310647267,0.00824037922458304,0.999999920399363
8.89096598952917e-07,0.0895365347169141,0.828943721615285,0.163039487335603,0.00801679104911271,0.999999920393371
9.01477631452492e-07,0.0883133647555957,0.831172520883263,0.161028228722282,0.00779925039445442,0.999999920387477
9.14031074875622e-07,0.0871067997216134,0.833373995114514,0.159038410327745,0.0075875945577408,0.999999920381678
9.26759330114688e-07,0.0859166175595305,0.835548430053809,0.157069904773321,0.00738166517287014,0.999999920375973
9.39664831495469e-07,0.0847425990685161,0.837696109959855,0.155122581943259,0.00718130809688675,0.99999992037036
9.5275004724273e-07,0.0835845278699218,0.839817317559394,0.153196309141369,0.00698637329923724,0.999999920364837
9.66017479952265e-07,0.0824421903750489,0.841912334003738,0.151290951242427,0.00679671475383528,0.999999920359403
9.79469667069539e-07,0.0813153757531133,0.843981438827643,0.149406370838488,0.00661219033386953,0.999999920354056
9.9310918137498e-07,0.0802038758994158,0.846024909910457,0.147542428380255,0.00643266170928838,0.999999920348794
1.00693863147603e-06,0.0791074854037255,0.848043023439449,0.145698982313651,0.00625799424690018,0.999999920343617
1.02096066230605e-06,0.0780260015188791,0.850036053875265,0.143875889211711,0.00608805691302361,0.999999920338522
1.03517795563018e-06,0.0769592241296077,0.852004273919415,0.142073003901954,0.00592272217863068,0.999999920333508
1.04959323055823e-06,0.075906955721589,0.853947954483741,0.14029017958934,0.00576186592691877,0.999999920328573
1.06420924406472e-06,0.0748690013507366,0.855867364661783,0.138527267974961,0.00560536736325609,0.999999920323717
1.07902879151618e-06,0.0738451686127273,0.857762771701987,0.136784119370571,0.00545310892744161,0.999999920318937
1.09405470720574e-06,0.0728352676127686,0.859634440982686,0.135060582809091,0.00530497620822309,0.999999920314233
1.10928986489522e-06,0.0718391109356158,0.861482635988787,0.133356506151193,0.00516085786001919,0.999999920309602
1.12473717836475e-06,0.0708565136158361,0.863307618290118,0.131671736188091,0.00502064552179071,0.999999920305045
1.14039960197003e-06,0.0698872931083252,0.865109647521358,0.130006118740634,0.00488423373800845,0.999999920300559
1.15628013120738e-06,0.0689312692590815,0.866888981363505,0.128359498754828,0.00475151988166747,0.999999920296143
1.1723818032866e-06,0.0679882642762333,0.868645875526828,0.126731720393878,0.0046224040792944,0.999999920291796
1.1887076977119e-06,0.0670581027013306,0.870380583735241,0.125122627126858,0.00449678913790166,0.999999920287517
1.20526093687084e-06,0.066140611380893,0.872093357712052,0.12353206181411,0.00437458047383783,0.999999920283305
1.22204468663149e-06,0.0652356194382245,0.873784447167039,0.121959866789472,0.00425568604348837,0.999999920279158
1.23906215694792e-06,0.0643429582454905,0.875454099784799,0.12040588393942,0.00414001627578038,0.999999920275075
1.25631660247412e-06,0.0634624613960602,0.877102561214326,0.118869954779229,0.00402748400644592,0.999999920271056
1.27381132318648e-06,0.0625939646771153,0.878730075059769,0.117351920526232,0.00391800441399939,0.999999920267099
1.29154966501488e-06,0.0617373060425253,0.880336882872337,0.115851622170275,0.00381149495738786,0.999999920263203
1.30953502048267e-06,0.0608923255859901,0.881923224143289,0.114368900541441,0.00370787531526967,0.999999920259367
1.32777082935543e-06,0.0600588655144509,0.883489336297981,0.112903596375137,0.00360706732688242,0.99999992025559
1.34626057929891e-06,0.0592367701217667,0.885035454690925,0.111455550374616,0.00350899493445847,0.999999920251871
1.36500780654601e-06,0.0584258857626617,0.886561812601828,0.110024603271021,0.00341358412715108,0.99999992024821
1.38401609657313e-06,0.0576260608269369,0.888068641232555,0.108610595881015,0.00332076288642935,0.999999920244604
1.40328908478587e-06,0.056837145713951,0.889556169705006,0.107213369162085,0.00323046113290835,0.999999920241054
1.42283045721435e-06,0.0560589928073682,0.89102462505984,0.105832764265584,0.00314261067457605,0.999999920237558
1.44264395121816e-06,0.0552914564501703,0.89247423225604,0.10446862258758,0.00305714515638052,0.999999920234115
1.46273335620113e-06,0.0545343929199367,0.893905214171272,0.103120785817582,0.00297400001114549,0.999999920230724
1.4831025143361e-06,0.0537876604043874,0.895317791603002,0.10178909598522,0.00289311241177721,0.999999920227386
1.50375532129974e-06,0.0530511189771905,0.89671218327035,0.100473395504918,0.00281442122473145,0.999999920224098
1.52469572701758e-06,0.0523246305740336,0.898088605816641,0.0991735272186501,0.00273786696470851,0.999999920220859
1.54592773641948e-06,0.0516080589689547,0.899447273812633,0.0978893344368242,0.00266339175054256,0.99999992021767
1.5674554102056e-06,0.0509012697509356,0.900788399760386,0.0966206609773572,0.00259093926225695,0.999999920214529
1.58928286562298e-06,0.0502041303007543,0.902112194097746,0.0953673512029994,0.0025204546992546,0.999999920211436
1.61141427725302e-06,0.0495165097680949,0.903418865203424,0.0941292500569631,0.00245188473961334,0.999999920208389
1.63385387780986e-06,0.0488382790489151,0.904708619402629,0.0929062030969118,0.00238517750045919,0.999999920205388
1.65660595894992e-06,0.048169310763068,0.905981660973253,0.091698056527359,0.00232028249938851,0.999999920202433
1.67967487209265e-06,0.0475094792321781,0.907238192152556,0.0905046572305317,0.0022571506169122,0.999999920199522
1.70306502925284e-06,0.0468586604577695,0.908478413144357,0.0893258527957469,0.002195734059896,0.999999920196654
1.72678090388436e-06,0.0462167320996442,0.909702522126681,0.088161491547349,0.0021359863259697,0.99999992019383
1.75082703173573e-06,0.0455835734545103,0.910910715259862,0.0870114225712563,0.00207786216888214,0.999999920191047
1.77520801171764e-06,0.044959065434856,0.912103186695063,0.0858754957401618,0.00202131756477514,0.999999920188307
1.79992850678248e-06,0.0443430905480695,0.913280128583215,0.0847535617374315,0.00196630967935378,0.999999920185607
1.82499324481615e-06,0.0437355328758029,0.914441731084324,0.0836454720797461,0.00191279683592986,0.999999920182948
1.8504070195423e-06,0.0431362780535777,0.91558818237716,0.0825510791385253,0.00186073848431501,0.999999920180328
1.87617469143912e-06,0.0425452132506296,0.916719668669282,0.0814702361601772,0.00181009517054097,0.999999920177748
1.90230118866895e-06,0.0419622271499924,0.917836374207402,0.0804027972852108,0.00176082850738704,0.999999920175205
1.92879150802078e-06,0.0413872099288166,0.918938481288058,0.0793486175662504,0.00171290114569138,0.999999920172701
1.95565071586595e-06,0.0408200532389235,0.920026170268581,0.0783075529849908,0.00166627674642804,0.999999920170234
1.98288394912707e-06,0.0402606501875903,0.921099619578346,0.0772794604681267,0.00162091995352692,0.999999920167803
2.0104964162605e-06,0.0397088953185671,0.922159005730286,0.0762641979022934,0.00157679636742039,0.999999920165408
2.03849339825246e-06,0.0391646845933198,0.923204503332654,0.0752616241480523,0.00153387251929366,0.999999920163049
2.06688024962908e-06,0.0386279153725011,0.924236285101022,0.0742715990529531,0.00149211584602453,0.999999920160725
2.09566239948043e-06,0.0380984863976444,0.925254521870502,0.0732939834637071,0.00145149466579089,0.999999920158435
2.12484535249888e-06,0.0375762977730812,0.926259382608168,0.0723286392375008,0.00141197815433074,0.999999920156178
2.15443469003189e-06,0.0370612509480766,0.927251034425683,0.0713754292524816,0.00137353632183579,0.999999920153955
2.18443607114943e-06,0.0365532486991851,0.928229642592094,0.0704342174174424,0.00133613999046388,0.999999920151765
2.21485523372636e-06,0.0360521951128204,0.929195370546812,0.0695048686807361,0.00129976077245236,0.999999920149607
2.24569799553977e-06,0.0355579955680397,0.930148379912737,0.0685872490384471,0.00126437104881619,0.999999920147481
2.27697025538168e-06,0.0350705567195407,0.931088830509537,0.0676812255418455,0.00122994394861792,0.999999920145385
2.30867799418717e-06,0.0345897864808668,0.932016880367058,0.0667866663041507,0.00119645332879138,0.999999920143321
2.34082727617829e-06,0.0341155940078209,0.932932685738864,0.0659034405066301,0.00116387375450587,0.999999920141287
2.37342425002387e-06,0.0336478896820849,0.933836401115888,0.0650314184040553,0.00113218048005723,0.999999920139283
2.40647515001542e-06,0.0331865850950411,0.934728179240188,0.0641704713295425,0.00110134943026984,0.999999920137308
2.43998629725955e-06,0.0327315930317976,0.935608171118803,0.0633204716987979,0.00107135718239869,0.999999920135362
2.47396410088682e-06,0.0322828274554108,0.936476526037694,0.0624812930137911,0.00104218094851528,0.999999920133444
2.50841505927754e-06,0.0318402034913062,0.937333391575755,0.061652809865878,0.00101379855836725,0.999999920131554
2.54334576130465e-06,0.0314036374118938,0.93817891361891,0.0608348979383933,0.000986188442697114,0.999999920129692
2.5787628875938e-06,0.0309730466213772,0.939013236374255,0.0600274340087355,0.000959329617009411,0.999999920127857
2.61467321180109e-06,0.0305483496407537,0.939836502384266,0.0592302959499609,0.000933201665773195,0.999999920126048
2.65108360190854e-06,0.0301294660930027,0.940648852541043,0.0584433627319078,0.000907784727048798,0.999999920124267
2.68800102153761e-06,0.0297163166884627,0.941450426100603,0.0576665144218685,0.000883059477528494,0.99999992012251
2.72543253128103e-06,0.0293088232103907,0.942241360697196,0.0568996321848266,0.000859007117977414,0.99999992012078
2.76338529005317e-06,0.0289069085007072,0.943021792357653,0.0561425982832791,0.000835609359067679,0.999999920119074
2.8018665564592e-06,0.0285104964459207,0.943791855515751,0.0553952960766567,0.000812848407592305,0.999999920117393
2.84088369018331e-06,0.0281195119632311,0.944551683026588,0.0546576100203626,0.000790706953049752,0.999999920115737
2.8804441533963e-06,0.0277338809868106,0.945301406180969,0.0539294256644412,0.000769168154590029,0.999999920114105
2.92055551218274e-06,0.0273535304542593,0.946041154719793,0.0532106296518956,0.000748215628311531,0.999999920112496
2.96122543798803e-06,0.0269783882932336,0.946771056848433,0.0525011097166674,0.000727833434899947,0.99999992011091
3.00246170908555e-06,0.0266083834082459,0.947491239251108,0.0518007546812924,0.000708006067599687,0.999999920109348
3.04427221206431e-06,0.0262434456676332,0.948201827105243,0.0511094544542475,0.000688718440509439,0.999999920107808
3.08666494333727e-06,0.0258835058906934,0.948902944095806,0.0504271000270009,0.000669955877192943,0.99999992010629
3.12964801067075e-06,0.025528495834986,0.949594712429624,0.0497535834707793,0.000651704099596362,0.999999920104794
3.17322963473497e-06,0.0251783481837964,0.950277252849671,0.0490887979330648,0.000633949217263945,0.999999920103319
3.21741815067637e-06,0.0248329965337621,0.950950684649321,0.0484326376338337,0.000616677716845239,0.999999920101866
3.26222200971167e-06,0.0244923753826586,0.951615125686567,0.0477849978615483,0.000599876451884487,0.999999920100434
3.30764978074424e-06,0.024156420117342,0.952270692398201,0.047145774968914,0.000583532632884971,0.999999920099022
3.35371015200293e-06,0.0238250670018479,0.952917499813946,0.0465148663684118,0.000567633817642021,0.999999920097631
3.4004119327037e-06,0.0234982531656454,0.953555661570545,0.0458921705276184,0.00055216790183623,0.999999920096259
3.44776405473446e-06,0.0231759165920416,0.954185289925798,0.0452775869643218,0.000537123109880702,0.999999920094908
3.49577557436328e-06,0.0228579961067378,0.954806495772539,0.0446710162414456,0.000522487986015042,0.999999920093576
3.54445567397044e-06,0.022544431366534,0.955419388652572,0.0440723599617886,0.000508251385639744,0.999999920092262
3.59381366380463e-06,0.0222351628481797,0.956024076770525,0.0434815207625905,0.000494402466884453,0.999999920090968
3.64385898376354e-06,0.0219301318373706,0.956620667007663,0.0428984023099334,0.000480930682403902,0.999999920089692
3.6946012051993e-06,0.0216292804178881,0.957209264935619,0.0423229092929859,0.000467825771395113,0.999999920088435
3.746050032749e-06,0.0213325514608808,0.957789974830069,0.0417549474181004,0.000455077751830575,0.999999920087195
3.79821530619074e-06,0.021039888614286,0.958362899684329,0.0411944234027701,0.000442676912900952,0.999999920085973
3.85110700232557e-06,0.0207512362923889,0.958928141222884,0.0406412449694538,0.000430613807662038,0.999999920084769
3.90473523688556e-06,0.0204665396655185,0.959485799914843,0.0400953208392777,0.000418879245879709,0.999999920083581
3.95911026646846e-06,0.020185744649879,0.960035974987312,0.039556560725619,0.000407464287069496,0.999999920082411
4.01424249049933e-06,0.0199087978975139,0.960578764438696,0.0390248753275809,0.000396360233723476,0.999999920081258
4.07014245321944e-06,0.0196356467864017,0.961114265051916,0.0385001763233639,0.000385558624719805,0.999999920080121
4.12682084570295e-06,0.0193662394106816,0.961642572407548,0.0379823763635406,0.000375051228911266,0.999999920079
4.18428850790158e-06,0.019100524571008,0.962163780896871,0.0374713890642417,0.000364830038887133,0.999999920077895
4.24255643071778e-06,0.0188384517650313,0.96267798373484,0.0369671290002571,0.000354887264902799,0.999999920076805
4.3016357581068e-06,0.0185799711780047,0.963185272972965,0.0364695116980597,0.000345215328974892,0.999999920075732
4.36153778920801e-06,0.0183250336735135,0.963685739512108,0.0359784536287574,0.000335806859134785,0.999999920074673
4.4222739805059e-06,0.0180735907843276,0.964179473115184,0.0354938722009777,0.000326654683838745,0.99999992007363
4.48385594802118e-06,0.0178255947033742,0.96466656241978,0.0350156857536916,0.000317751826528413,0.999999920072601
4.5462954695324e-06,0.0175809982748299,0.965147094950679,0.0345438135489818,0.000309091500339045,0.999999920071587
4.60960448682844e-06,0.0173397549853303,0.96562115713229,0.034078175764759,0.00030066710295075,0.999999920070588
4.67379510799246e-06,0.0171018189552954,0.966088834300988,0.0336186934874325,0.000292472211579152,0.999999920069602
4.73887960971765e-06,0.0168671449303706,0.96655021071736,0.0331652887045382,0.000284500578101532,0.999999920068631
4.80487043965512e-06,0.0166356882729803,0.967005369578354,0.0327178842973304,0.000276746124315171,0.999999920067673
4.87178021879463e-06,0.0164074049539934,0.967454393029337,0.0322764040333392,0.000269202937323784,0.999999920066729
4.93962174387833e-06,0.0161822515444992,0.96789736217605,0.0318407725589007,0.000261865265048858,0.999999920065798
5.00840798984821e-06,0.0159601852076932,0.968334357096477,0.03141091539166,0.000254727511863249,0.999999920064881
5.07815211232767e-06,0.0157411636908696,0.968765456852603,0.0309867589130549,0.000247784234342172,0.999999920063976
5.14886745013749e-06,0.0155251453175199,0.96919073950209,0.0305682303607807,0.000241030137129544,0.999999920063085
5.22056752784698e-06,0.0153120889795375,0.969610282109842,0.0301552578212418,0.000234460068916663,0.999999920062206
5.29326605836057e-06,0.0151019541295258,0.970024160759478,0.0297477702219922,0.000228069018529696,0.999999920061339
5.36697694554048e-06,0.0148947007732072,0.970432450564708,0.0293456973241689,0.000221852111122779,0.999999920060484
5.44171428686589e-06,0.0146902894619349,0.970835225680605,0.0289489697149202,0.000215804604474849,0.999999920059642
5.51749237612912e-06,0.0144886812853033,0.97123255931478,0.0285575187998334,0.000209921885386561,0.999999920058811
5.59432570616938e-06,0.0142898378638569,0.971624523738461,0.0281712767953642,0.000204199466174785,0.999999920057993
5.67222897164455e-06,0.0140937213418973,0.972011190297468,0.0277901767212698,0.000198632981262423,0.999999920057186
5.75121707184161e-06,0.0139002943803854,0.97239262942309,0.0274141523930492,0.000193218183860824,0.99999992005639
5.83130511352622e-06,0.0137095201499373,0.972768910642866,0.0270431384143926,0.000187950942740985,0.999999920055605
5.91250841383187e-06,0.0135213623239159,0.973140102591262,0.0266770701696438,0.00018282723909405,0.999999920054832
5.99484250318941e-06,0.0133357850716133,0.973506273020249,0.0263158838162754,0.000177843163475636,0.999999920054069
6.07832312829724e-06,0.0131527530515246,0.973867488809785,0.0259595162773817,0.000172994912833756,0.999999920053317
6.16296625513294e-06,0.0129722314047114,0.974223815978194,0.0256079052341891,0.000168278787616841,0.999999920052576
6.24878807200689e-06,0.0127941857482542,0.974575319692452,0.025260989118588,0.000163691188960226,0.999999920051845
6.33580499265824e-06,0.0126185821687933,0.974922064278363,0.0249187071056866,0.000159228615950014,0.999999920051124
6.42403365939419e-06,0.0124453872161543,0.975264113230651,0.0245809991063898,0.000154887662959402,0.999999920050414
6.51349094627281e-06,0.0122745678970609,0.975601529222937,0.0242478057600037,0.000150665017059005,0.999999920049713
6.60419396233031e-06,0.01210609166893,0.975934374117636,0.0239190684268681,0.000146557455495914,0.999999920049022
6.69616005485322e-06,0.0119399264337523,0.976262708975738,0.023594729181019,0.000142561843242819,0.999999920048341
6.7894068126961e-06,0.0117760405320526,0.976586594066507,0.0232747308028813,0.000138675130612009,0.99999992004767
6.8839520696455e-06,0.0116144027369325,0.97690608887707,0.0229590167719948,0.000134894350935073,0.999999920047008
6.97981390783067e-06,0.0114549822481928,0.97722125212192,0.0226475312597741,0.000131216618305782,0.999999920046356
7.07701066118189e-06,0.0112977486865349,0.977532141752314,0.0223402191223028,0.000127639125383501,0.999999920045712
7.17556091893692e-06,0.0111426720878391,0.977838814965578,0.0220370258931651,0.000124159141256516,0.999999920045078
7.27548352919622e-06,0.0109897228975214,0.978141328214321,0.0217378977763153,0.000120774009363767,0.999999920044452
7.37679760252773e-06,0.0108388719649646,0.978439737215543,0.0214427816389846,0.000117481145472293,0.999999920043835
7.47952251562183e-06,0.0106900905380256,0.978734096959659,0.02115162500463,0.000114278035710555,0.999999920043227
7.58367791499719e-06,0.0105433502576153,0.979024461719423,0.0208643760459224,0.000111162234654145,0.999999920042627
7.68928372075831e-06,0.0103986231523525,0.979310885058759,0.0205809835777767,0.000108131363464086,0.999999920042036
7.79636013040524e-06,0.0102558816332884,0.979593419841499,0.0203013970504259,0.00010518310807546,0.999999920041453
7.90492762269642e-06,0.0101150984887044,0.979872118240027,0.0200255665425375,0.000102315217435641,0.999999920040878
8.01500696156541e-06,0.00997624687897707,0.980147031743836,0.0197534427543748,9.95255017896823e-05,0.999999920040312
8.12661920009195e-06,0.00983930033151491,0.980418211167983,0.0194849770010035,9.68118310131563e-05,0.999999920039753
8.23978568452851e-06,0.00970423273576133,0.980685706661467,0.0192201212055442,9.41721329892481e-05,0.999999920039202
8.35452805838287e-06,0.00957101833826617,0.980949567715498,0.0189588278924707,9.16043920308023e-05,0.999999920038659
8.4708682665574e-06,0.00943963173782359,0.981209843171698,0.018701050180957,8.91066473450858e-05,0.999999920038123
8.58882855954626e-06,0.00931004788067488,0.98146658123019,0.0184467417782699,8.6676991539917e-05,0.999999920037595
8.70843149769072e-06,0.0091822420557763,0.981719829457618,0.018195856973212,8.43135691703141e-05,0.999999920037074
8.82969995549408e-06,0.00905618989013128,0.981969634795063,0.0179483506296116,8.20145753254974e-05,0.999999920036561
8.9526571259964e-06,0.00893186734418513,0.982216043565883,0.0177041781798631,7.97782542535791e-05,0.999999920036054
9.07732652521022e-06,0.00880925070728142,0.98245910148346,0.0174632956185166,7.76028980231068e-05,0.999999920035555
9.20373199661823e-06,0.00868831659318124,0.98269885365886,0.0172256594959171,7.54868452227109e-05,0.999999920035063
9.33189771573324e-06,0.00856904193564134,0.982935344608411,0.0169912269118944,7.34284796941494e-05,0.999999920034577
9.46184819472199e-06,0.00845140398405303,0.983168618261195,0.0167599555095038,7.14262293011157e-05,0.999999920034098
9.59360828709315e-06,0.0083353802991394,0.983398717966452,0.0165318034688175,6.9478564730642e-05,0.999999920033627
9.72720319245054e-06,0.00822094874871199,0.983625686500904,0.0163067295007672,6.75839983284091e-05,0.999999920033161
9.86265846131283e-06,0.00810808750348247,0.983849566075999,0.0160846928410379,6.57410829635365e-05,0.999999920032702
1e-05,0.00799677503293382,0.984070398345059,0.015865653244014,6.39484109267972e-05,0.99999992003225
1.01392540755881e-05,0.00788699010124488,0.984288224410367,0.0156495709767767,6.22046128565396e-05,0.999999920031803
1.02804473209331e-05,0.00777871176327184,0.984503084830152,0.0154364068131527,6.05083566954951e-05,0.999999920031363
1.0423606739764e-05,0.00767191936058296,0.984715019625509,0.0152261220278165,5.88583466747047e-05,0.99999992003093
1.05687597118481e-05,0.00756659251754769,0.984924068287231,0.0150186783904433,5.72533223260549e-05,0.999999920030502
1.07159339982267e-05,0.00746271113747823,0.985130269782564,0.0148140381599148,5.56920575208054e-05,0.99999992003008
1.08651577465254e-05,0.00736025539882409,0.985333662561887,0.0146121640785775,5.41733595353262e-05,0.999999920029664
1.10164594963366e-05,0.00725920575141702,0.985534284565307,0.0144130193665524,5.26960681408242e-05,0.999999920029254
1.11698681846782e-05,0.00715954291276813,0.985732173229183,0.0142165677160979,5.12590547192011e-05,0.999999920028849
1.13254131515281e-05,0.00706124786441423,0.985927365492574,0.0140227732860242,4.98612214021102e-05,0.999999920028451
1.14831241454351e-05,0.00696430184831431,0.986119897803605,0.013831600696161,4.85015002338208e-05,0.999999920028057
1.16430313292088e-05,0.00686868636329453,0.986309806125768,0.0136430150218756,4.71788523567478e-05,0.99999992002767
1.18051652856881e-05,0.00677438316154122,0.986497125944136,0.013456981788645,4.58922672187355e-05,0.999999920027287
1.19695570235904e-05,0.0066813742451425,0.986681892271518,0.0132734669666789,4.46407618030428e-05,0.99999992002691
1.21362379834424e-05,0.00658964186267526,0.986864139654527,0.013092436965595,4.34233798777533e-05,0.999999920026538
1.23052400435926e-05,0.00649916850583959,0.987043902179587,0.0129138586291459,4.22391912666634e-05,0.999999920026172
1.24765955263087e-05,0.00640993690613891,0.987221213478862,0.0127376992299976,4.10872911400951e-05,0.99999992002581
1.2650337203959e-05,0.00632193003160414,0.987396106736116,0.0125639264645604,3.99667993239462e-05,0.999999920025453
1.28264983052806e-05,0.0062351310835635,0.987568614692502,0.0123925084478696,3.88768596286775e-05,0.999999920025102
1.30051125217341e-05,0.00614952349345546,0.987738769652285,0.012223413708519,3.7816639195937e-05,0.999999920024755
1.31862140139475e-05,0.0060650909196856,0.987906603488492,0.0120566111836443,3.67853278634353e-05,0.999999920024413
1.33698374182495e-05,0.00598181724452518,0.988072147648496,0.0118920702139578,3.57821375462971e-05,0.999999920024076
1.35560178532937e-05,0.00589968657105282,0.98823543315953,0.0117297605388335,3.48063016360738e-05,0.999999920023743
1.37447909267754e-05,0.00581868322013729,0.988396490634141,0.0115696522914431,3.38570744157305e-05,0.999999920023416
1.39361927422414e-05,0.00573879172746131,0.988555350275568,0.0114117159939415,3.2933730490568e-05,0.999999920023092
1.41302599059953e-05,0.00565999684058608,0.988712041883063,0.0112559225527024,3.20355642348859e-05,0.999999920022774
1.43270295340983e-05,0.00558228351605508,0.988866594857143,0.011102243253604,3.11618892530549e-05,0.999999920022459
1.45265392594678e-05,0.0055056369165381,0.98901903820478,0.0109506497573638,3.0312037856195e-05,0.999999920022149
1.4728827239075e-05,0.0054300424080134,0.989169400544525,0.0108011140949224,2.94853605521984e-05,0.999999920021843
1.49339321612425e-05,0.00535548555698884,0.989317710111573,0.0106536086628766,2.86812255505635e-05,0.999999920021542
1.51418932530435e-05,0.00528195212775977,0.98946399476276,0.0105081062189608,2.78990182793499e-05,0.999999920021245
1.53527502878042e-05,0.00520942807970572,0.989608281981506,0.0103645798775773,2.71381409170691e-05,0.999999920020952
1.55665435927106e-05,0.00513789956462233,0.989750598882691,0.0102230031053735,2.6398011935571e-05,0.999999920020662
1.57833140565212e-05,0.00506735292409091,0.989890972217475,0.0100833497168684,2.56780656567191e-05,0.999999920020377
1.6003103137387e-05,0.00499777468688267,0.990029428378055,0.00994559387012495,2.49777518202005e-05,0.999999920020096
1.62259528707809e-05,0.00492915156639947,0.990165993402365,0.00980971006247107,2.42965351639375e-05,0.999999920019819
1.64519058775366e-05,0.00486147045814797,0.990300692978719,0.00967567312626622,2.36338950148542e-05,0.999999920019546
1.66810053720006e-05,0.00479471843724959,0.990433552450393,0.00954345822471528,2.29893248919442e-05,0.999999920019276
1.69132951702965e-05,0.00472888275598342,0.990564596820152,0.00941304084772833,2.23623321192572e-05,0.99999992001901
1.71488196987054e-05,0.00466395084136316,0.990693850754724,0.00928439680782625,2.17524374500396e-05,0.999999920018748
1.73876240021625e-05,0.00459991029274669,0.990821338589207,0.00915750223609203,2.1159174700679e-05,0.999999920018489
1.7629753752872e-05,0.00453674887947837,0.990947084331438,0.00903233357816711,2.05820903948113e-05,0.999999920018234
1.78752552590424e-05,0.00447445453856342,0.99107111166629,0.00890886759029266,2.00207434170891e-05,0.999999920017983
1.81241754737424e-05,0.00441301537237391,0.991193443959928,0.00878708133539544,1.94747046761944e-05,0.999999920017735
1.83765620038817e-05,0.0043524196463865,0.991314104264005,0.00866695217921764,1.89435567776799e-05,0.99999992001749
1.86324631193156e-05,0.00429265578695009,0.991433115319804,0.00854845778649083,1.84268937046782e-05,0.999999920017249
1.88919277620767e-05,0.0042337123790848,0.991550499562339,0.0084315761171531,1.79243205082526e-05,0.999999920017012
1.91550055557353e-05,0.00417557816431043,0.991666279124385,0.00831628542260961,1.74354530056257e-05,0.999999920016777
1.94217468148902e-05,0.00411824203850492,0.991780475840477,0.00820256424203569,1.69599174870728e-05,0.999999920016546
1.96922025547917e-05,0.00406169304979142,0.991893111250847,0.00809039139872249,1.649735043017e-05,0.999999920016318
1.99664245010979e-05,0.00400592039645455,0.992004206605313,0.00797974599646475,1.60473982221687e-05,0.999999920016093
2.02444650997681e-05,0.00395091342488535,0.99211378286712,0.00787060741599009,1.56097168903073e-05,0.999999920015871
2.05263775270925e-05,0.00389666162755403,0.992221860716731,0.00776295531142991,1.51839718390704e-05,0.999999920015652
2.08122156998634e-05,0.0038431546410096,0.992328460555575,0.00765676960683103,1.47698375940804e-05,0.999999920015437
2.1102034285686e-05,0.00379038224390846,0.992433602509737,0.00755203049270818,1.43669975543716e-05,0.999999920015224
2.13958887134342e-05,0.00373833435506804,0.992537306433614,0.00744871842263672,1.39751437496869e-05,0.999999920015014
2.16938351838519e-05,0.00368700103154864,0.992639591913509,0.0073468141098851,1.3593976606093e-05,0.999999920014807
2.19959306803007e-05,0.00363637246676002,0.992740478271196,0.00724629852408719,1.32232047164267e-05,0.999999920014603
2.23022329796594e-05,0.00358643898859506,0.992839984567428,0.00714715288795354,1.28625446182895e-05,0.999999920014402
2.26128006633728e-05,0.00353719105758804,0.992938129605401,0.00704935867402156,1.25117205772591e-05,0.999999920014204
2.29276931286565e-05,0.00348861926509839,0.993034931934179,0.00695289760144429,1.21704643762455e-05,0.999999920014008
