1e-09,0.95045563490483,0.00245464410967874,0.0941794419709822,0.903365913919339,0.99999999918393
1.01392540755881e-09,0.950427961155106,0.00245738703219008,0.0942293036254085,0.903313309342401,0.999999999172662
1.02804473209331e-09,0.950399877297296,0.00246017216902803,0.0942799010673515,0.90325992676362,0.99999999916124
1.0423606739764e-09,0.950371376903706,0.00246300022729245,0.0943312457380035,0.903205754034704,0.999999999149662
1.05687597118481e-09,0.950342453436052,0.00246587192756204,0.0943833492727724,0.903150778799666,0.999999999137926
1.07159339982267e-09,0.950313100243292,0.00246878800419665,0.0944362235050222,0.903094988490781,0.999999999126029
1.08651577465254e-09,0.950283310559404,0.00247174920564764,0.0944898804698974,0.903038370324455,0.99999999911397
1.10164594963365e-09,0.950253077501108,0.00247475629477638,0.0945443324082323,0.902980911296991,0.999999999101746
1.11698681846782e-09,0.950222394065544,0.00247781004918139,0.0945995917705493,0.902922598180269,0.999999999089355
1.13254131515281e-09,0.950191253127893,0.00248091126153406,0.0946556712211462,0.90286341751732,0.999999999076795
1.14831241454351e-09,0.950159647438938,0.00248406073992356,0.0947125836422767,0.9028033556178,0.999999999064063
1.16430313292088e-09,0.950127569622576,0.00248725930821094,0.0947703421384253,0.902742398553364,0.999999999051158
1.1805165285688e-09,0.950095012173267,0.00249050780639285,0.0948289600406803,0.902680532152927,0.999999999038077
1.19695570235905e-09,0.950061967453422,0.00249380709097519,0.0948884509112052,0.90261774199782,0.999999999024818
1.21362379834424e-09,0.950028427690736,0.00249715803535688,0.0949488285478142,0.902554013416829,0.999999999011378
1.23052400435926e-09,0.94999438497545,0.00250056153022425,0.0950101069886518,0.902489331481124,0.999999998997754
1.24765955263087e-09,0.949959831257553,0.0025040184839562,0.0950723005169808,0.902423680999063,0.999999998983945
1.2650337203959e-09,0.949924758343919,0.00250752982304057,0.0951354236660806,0.902357046510879,0.999999998969949
1.28264983052806e-09,0.949889157895368,0.00251109649250207,0.0951994912242596,0.902289412283238,0.999999998955761
1.30051125217341e-09,0.949853021423666,0.00251471945634214,0.0952645182399843,0.902220762303673,0.999999998941381
1.31862140139475e-09,0.949816340288445,0.00251839969799104,0.0953305200271278,0.902151080274881,0.999999998926805
1.33698374182495e-09,0.949779105694057,0.00252213822077273,0.0953975121703414,0.902080349608886,0.999999998912031
1.35560178532937e-09,0.949741308686341,0.00252593604838273,0.0954655105305528,0.902008553421064,0.999999998897056
1.37447909267754e-09,0.949702940149324,0.0025297942253796,0.0955345312505937,0.901935674524027,0.999999998881878
1.39361927422414e-09,0.94966399080183,0.00253371381769031,0.09560459076096,0.90186169542135,0.999999998866493
1.41302599059953e-09,0.949624451194015,0.00253769591313006,0.0956757057857096,0.90178659830116,0.9999999988509
1.43270295340983e-09,0.949584311703813,0.00254174162193694,0.0957478933484998,0.901710365029563,0.999999998835096
1.45265392594678e-09,0.949543562533293,0.00254585207732199,0.0958211707787693,0.901632977143909,0.999999998819077
1.4728827239075e-09,0.949502193704931,0.00255002843603513,0.0958955557180679,0.901554415845897,0.99999999880284
1.49339321612425e-09,0.949460195057783,0.00255427187894745,0.0959710661265384,0.901474661994514,0.999999998786384
1.51418932530435e-09,0.949417556243572,0.00255858361165047,0.0960477202895547,0.901393696098795,0.999999998769705
1.53527502878042e-09,0.949374266722667,0.00256296486507289,0.0961255368245206,0.901311498310407,0.9999999987528
1.55665435927106e-09,0.949330315759968,0.0025674168961154,0.0962045346878324,0.901228048416052,0.999999998735667
1.57833140565212e-09,0.949285692420689,0.00257194098830424,0.0962847331820126,0.901143325829683,0.999999998718301
1.6003103137387e-09,0.949240385566028,0.00257653845246393,0.0963661519630156,0.90105730958452,0.999999998700701
1.62259528707809e-09,0.949194383848733,0.00258121062741015,0.0964488110477133,0.900969978324877,0.999999998682863
1.64519058775366e-09,0.949147675708555,0.00258595888066311,0.0965327308215645,0.900881310297772,0.999999998664784
1.66810053720006e-09,0.949100249367582,0.00259078460918229,0.0966179320464723,0.900791283344345,0.999999998646462
1.69132951702965e-09,0.949052092825459,0.00259568924012331,0.0967044358688357,0.900699874891041,0.999999998627892
1.71488196987054e-09,0.949003193854482,0.0026006742316175,0.0967922638278008,0.900607061940582,0.999999998609071
1.73876240021625e-09,0.948953539994567,0.00260574107357516,0.0968814378637165,0.900512821062708,0.999999998589997
1.7629753752872e-09,0.948903118548087,0.00261089128851315,0.0969719803268007,0.900417128384686,0.999999998570666
1.78752552590423e-09,0.94885191657458,0.00261612643240782,0.0970639139860234,0.900319959581569,0.999999998551074
1.81241754737424e-09,0.94879992088532,0.00262144809557395,0.0971572620382113,0.900221289866215,0.99999999853122
1.83765620038817e-09,0.948747118037738,0.00262685790357083,0.0972520481173818,0.900121093979047,0.999999998511098
1.86324631193156e-09,0.948693494329708,0.00263235751813621,0.0973482963043118,0.900019346177552,0.999999998490706
1.88919277620766e-09,0.948639035793677,0.00263794863814927,0.0974460311363477,0.899916020225503,0.999999998470039
1.91550055557352e-09,0.948583728190644,0.00264363300062352,0.0975452776174645,0.899811089381912,0.999999998449096
1.94217468148903e-09,0.94852755700398,0.00264941238173074,0.0976460612285793,0.89970452638969,0.999999998427871
1.96922025547917e-09,0.948470507433079,0.00265528859785703,0.0977484079381282,0.899596303464015,0.999999998406362
1.99664245010979e-09,0.948412564386852,0.00266126350669208,0.0978523442129125,0.899486392280395,0.999999998384565
2.0244465099768e-09,0.948353712477036,0.00266733900835296,0.0979578970292229,0.899374763962424,0.999999998362476
2.05263775270925e-09,0.948293936011332,0.0026735170465435,0.0980650938842482,0.899261389069208,0.999999998340091
2.08122156998634e-09,0.94823321898636,0.00267979960975064,0.0981739628077786,0.899146237582471,0.999999998317407
2.1102034285686e-09,0.948171545080416,0.00268618873247905,0.0982845323742092,0.899029278893312,0.99999999829442
2.13958887134342e-09,0.948108897646047,0.00269268649652547,0.0983968317148554,0.898910481788619,0.999999998271127
2.16938351838518e-09,0.948045259702413,0.00269929503229401,0.0985108905305857,0.89878981443712,0.999999998247522
2.19959306803007e-09,0.947980613927454,0.00270601652015413,0.0986267391047834,0.898667244375063,0.999999998223602
2.23022329796594e-09,0.947914942649834,0.00271285319184275,0.0987444083166456,0.898542738491512,0.999999998199364
2.26128006633728e-09,0.947848227840674,0.00271980733191202,0.0988639296548288,0.898416263013259,0.999999998174804
2.29276931286565e-09,0.94778045110505,0.00272688127922465,0.098985335231451,0.898287783489324,0.999999998149916
2.32469705998565e-09,0.947711593673271,0.00273407742849829,0.0991086577964615,0.89815726477504,0.999999998124698
2.35706941399672e-09,0.947641636391906,0.00274139823190091,0.0992339307523867,0.898024671015712,0.999999998099145
2.38989256623105e-09,0.947570559714568,0.00274884620069915,0.0993611881694649,0.897889965629836,0.999999998073253
2.4231727942376e-09,0.947498343692449,0.00275642390696134,0.0994904648011793,0.897753111291859,0.999999998047018
2.45691646298279e-09,0.947424967964582,0.00276413398531759,0.0996217961002014,0.897614069914481,0.999999998020435
2.49113002606779e-09,0.947350411747843,0.0027719791347787,0.0997552182347564,0.897472802630465,0.999999997993501
2.52582002696278e-09,0.947274653826672,0.00277996212061645,0.0998907681054224,0.897329269773961,0.99999999796621
2.56099310025846e-09,0.947197672542505,0.0027880857763073,0.100028483362375,0.897183430861318,0.999999997938559
2.59665597293487e-09,0.947119445782912,0.00279635300554207,0.100168402423091,0.897035244571367,0.999999997910543
2.63281546564802e-09,0.947039950970434,0.002804766784304,0.100310564490525,0.896884668725171,0.999999997882158
2.66947849403432e-09,0.946959165051099,0.00281333016301789,0.100455009571766,0.896731660265216,0.999999997853398
2.70665207003324e-09,0.946877064482627,0.0028220462687729,0.1006017784972,0.896576175234027,0.999999997824261
2.74434330322837e-09,0.946793625222289,0.00283091830762189,0.100750912940179,0.896418168752199,0.99999999779474
2.78255940220713e-09,0.946708822714431,0.00283994956696028,0.100902455437217,0.896257594995823,0.999999997764832
2.82130767593947e-09,0.946622631877646,0.00284914341798738,0.101056449408734,0.896094407173278,0.999999997734532
2.86059553517574e-09,0.946535027091573,0.00285850331825348,0.101212939180348,0.895928557501399,0.999999997703834
2.90043049386399e-09,0.946445982183333,0.00286803281429591,0.101371970004743,0.895759997180961,0.999999997672735
2.94082017058707e-09,0.946355470413568,0.00287773554436765,0.101533588084128,0.895588676371505,0.99999999764123
2.98177229001967e-09,0.946263464462091,0.00288761524126187,0.101697840593294,0.895414544165444,0.999999997609313
3.02329468440578e-09,0.946169936413115,0.00289767573523644,0.101864775703298,0.895237548561466,0.99999999757698
3.06539529505652e-09,0.946074857740068,0.00290792095704206,0.102034442605779,0.895057636437179,0.999999997544226
3.10808217386906e-09,0.945978199289975,0.00291835494105818,0.102206891537934,0.894874753521008,0.999999997511045
3.15136348486648e-09,0.945879931267378,0.00292898182854095,0.102382173808163,0.894688844363296,0.999999997477434
3.19524750575921e-09,0.945780023217807,0.00293980587098758,0.10256034182241,0.894499852306602,0.999999997443387
3.2397426295282e-09,0.945678444010774,0.00295083143362178,0.102741449111209,0.894307719455169,0.999999997408898
3.28485736603004e-09,0.945575161822265,0.00296206299900489,0.10292555035746,0.894112386643535,0.999999997373964
3.33060034362458e-09,0.945470144116745,0.00297350517077796,0.103112701424955,0.893913793404267,0.999999997338578
3.37698031082509e-09,0.945363357628626,0.00298516267753977,0.103302959387669,0.893711877934792,0.999999997302735
3.42400613797143e-09,0.945254768343214,0.00299704037686626,0.10349638255984,0.893506577063294,0.999999997266431
3.47168681892656e-09,0.945144341477094,0.0030091432594771,0.103693030526857,0.893297826213666,0.99999999722966
3.52003147279668e-09,0.945032041457957,0.0030214764535552,0.103892964176976,0.893085559369469,0.999999997192417
3.56904934567522e-09,0.944917831903832,0.00303404522922536,0.104096245733886,0.892869709036889,0.999999997154696
3.61874981241128e-09,0.944801675601729,0.00304685500319835,0.104302938790146,0.892650206206656,0.999999997116492
3.66914237840249e-09,0.944683534485655,0.00305991134358723,0.104513108341516,0.892426980314897,0.9999999970778
3.72023668141307e-09,0.944563369613997,0.00307321997490281,0.1047268208222,0.892199959202897,0.999999997038614
3.77204249341699e-09,0.944441141146251,0.00308678678323532,0.104944144141028,0.891969069075737,0.99999999699893
3.82456972246699e-09,0.944316808319073,0.00310061782163017,0.105165147718593,0.891734234459777,0.999999996958741
3.87782841458946e-09,0.944190329421646,0.00311471931566528,0.105389902525378,0.891495378158957,0.999999996918042
3.93182875570577e-09,0.944061661770325,0.0031290976692385,0.105618481120874,0.891252421209888,0.999999996876827
3.98658107358044e-09,0.943930761682559,0.0031437594705734,0.105850957693735,0.891005282835692,0.999999996835092
4.0420958397963e-09,0.943797584450059,0.00315871149845248,0.106087408102977,0.89075388039857,0.999999996792829
4.09838367175725e-09,0.943662084311186,0.00317396072868702,0.106327909920254,0.890498129351059,0.999999996750035
4.15545533471888e-09,0.943524214422559,0.0031895143408331,0.106572542473216,0.890237943185951,0.999999996706703
4.21332174384729e-09,0.943383926829835,0.00320537972516408,0.106821386890001,0.889973233384835,0.999999996662829
4.27199396630678e-09,0.943241172437666,0.00322156448990974,0.107074526144849,0.889703909365242,0.999999996618405
4.33148322337639e-09,0.943095900978783,0.00323807646877316,0.107332045104887,0.88942987842634,0.999999996573426
4.39180089259608e-09,0.942948060982217,0.00325492372873659,0.107594030578092,0.889151045693171,0.999999996527888
4.45295850994266e-09,0.942797599740604,0.00327211457816817,0.107860571362456,0.888867314059376,0.999999996481784
4.5149677720361e-09,0.942644463276571,0.00328965757524166,0.108131758296374,0.888578584128384,0.999999996435109
4.57784053837662e-09,0.942488596308181,0.00330756153668227,0.108407684310273,0.888284754153045,0.999999996387856
4.64158883361277e-09,0.942329942213396,0.00332583554685147,0.108688444479504,0.887985719973644,0.99999999634002
4.70622484984129e-09,0.942168442993561,0.00334448896718498,0.108974136078509,0.887681374954306,0.999999996291597
4.77176094893875e-09,0.942004039235862,0.00336353144599813,0.10926485863628,0.887371609917722,0.99999999624258
4.83820966492596e-09,0.94183667007476,0.00338297292867363,0.109560713993132,0.887056313078194,0.999999996192963
4.90558370636505e-09,0.941666273152356,0.00340282366824721,0.109861806358794,0.886735369972959,0.999999996142741
4.97389595879006e-09,0.941492784577678,0.0034230942364074,0.11016824237183,0.886408663391762,0.999999996091909
5.04315948717137e-09,0.94131613888487,0.00344379553492612,0.110480131160408,0.886076073304666,0.99999999604046
5.11338753841433e-09,0.941136268990256,0.00346493880753749,0.110797584404413,0.88573747678805,0.999999995988389
5.18459354389291e-09,0.940953106148261,0.00348653565228303,0.111120716398912,0.885392747948804,0.999999995935692
5.25679112201842e-09,0.940766579906167,0.00350859803434185,0.111449644118983,0.885041757846675,0.999999995882361
5.32999408084408e-09,0.940576618057695,0.00353113829936531,0.11178448728588,0.884684374414755,0.999999995828392
5.40421642070593e-09,0.940383146595384,0.00355416918733639,0.112125368434559,0.884320462378105,0.99999999577378
5.47947233690029e-09,0.940186089661759,0.00357770384697434,0.112472412982534,0.883949883170492,0.999999995718519
5.55577622239888e-09,0.939985369499264,0.00360175585070654,0.11282574930006,0.883572494849234,0.999999995662603
5.63314267060135e-09,0.939780906398962,0.00362633921022956,0.113185508781617,0.883188152008153,0.999999995606028
5.71158647812642e-09,0.939572618647977,0.00365146839268264,0.113551825918681,0.882796705688637,0.999999995548789
5.79112264764177e-09,0.939360422475676,0.00367715833745744,0.113924838373734,0.882398003288809,0.99999999549088
5.87176639073326e-09,0.93914423199858,0.00370342447366846,0.114304687055503,0.881991888470828,0.999999995432296
5.95353313081437e-09,0.93892395916401,0.00373028273830967,0.114691516195361,0.88157820106633,0.999999995373032
6.03643850607586e-09,0.938699513692454,0.00375774959512325,0.115085473424845,0.881156776980031,0.999999995313084
6.12049837247669e-09,0.938470803018667,0.0037858420542074,0.11548670985425,0.880727448091542,0.999999995252447
6.20572880677651e-09,0.938237732231511,0.00381457769239071,0.115895380152196,0.880290042155413,0.999999995191115
6.29214610961035e-09,0.938000204012538,0.0038439746744014,0.116311642626121,0.879844382699477,0.999999995129085
6.37976680860628e-09,0.93775811857334,0.00387405177486058,0.116735659303599,0.879390288921541,0.999999995066352
6.46860766154632e-09,0.937511373591684,0.00390482840112889,0.117167596014374,0.878927575584498,0.999999995002912
6.55868565957142e-09,0.937259864146456,0.00393632461703713,0.117607622473014,0.878456052909949,0.99999999493876
6.65001803043113e-09,0.937003482651447,0.0039685611675316,0.118055912362042,0.877975526470426,0.999999994873893
6.74262224177835e-09,0.936742118788028,0.00400155950426568,0.118512643415413,0.877485797080321,0.999999994808307
6.83651600451024e-09,0.936475659436745,0.0040353418121696,0.11897799750217,0.87698666068566,0.999999994741997
6.9317172761554e-09,0.936203988607912,0.00406993103703061,0.119452160710115,0.876477908252855,0.999999994674961
7.02824426430834e-09,0.935926987371239,0.00410535091411634,0.119935323429289,0.875959325656594,0.999999994607195
7.12611543011176e-09,0.935644533784594,0.00414162599787424,0.120427680435063,0.875430693567062,0.999999994538695
7.22534949178722e-09,0.935356502821968,0.00417878169273991,0.120929430970585,0.874891787336675,0.99999999446946
7.32596542821523e-09,0.93506276630074,0.00421684428508762,0.121440778828346,0.874342376886567,0.999999994399486
7.42798248256491e-09,0.934763192808359,0.00425584097635554,0.121961932430571,0.873782226593074,0.99999999432877
7.53142016597436e-09,0.934457647628557,0.0042957999173783,0.12249310490813,0.873211095174491,0.99999999425731
7.63629826128226e-09,0.934145992667223,0.00433675024395886,0.123034514177637,0.872628735578404,0.999999994185105
7.74263682681128e-09,0.933828086378111,0.00437872211371082,0.123586383016356,0.872034894869933,0.999999994112152
7.85045620020451e-09,0.933503783688526,0.00442174674420165,0.124148939134545,0.871429314121254,0.99999999403845
7.95977700231498e-09,0.933172935925185,0.00446585645242558,0.124722415244779,0.870811728302795,0.999999993963997
8.07062014114949e-09,0.932835390740464,0.00451108469563396,0.125307049127805,0.870181866176561,0.999999993888793
8.18300681586741e-09,0.932490992039246,0.00455746611354852,0.125903083694412,0.86953945019204,0.999999993812838
8.29695852083492e-09,0.932139579906626,0.00460503657198115,0.126510767042785,0.868884196385234,0.99999999373613
8.41249704973612e-09,0.93178099053674,0.00465383320788106,0.127130352510757,0.868215814281362,0.999999993658671
8.52964449974102e-09,0.931415056163015,0.00470389447582706,0.127762098722315,0.867534006801858,0.999999993580459
8.64842327573171e-09,0.931041604990165,0.00475526019597935,0.128406269627712,0.866838470176309,0.999999993501497
8.76885609458744e-09,0.930660461128279,0.00480797160350112,0.12906313453644,0.866128893860059,0.999999993421786
8.89096598952917e-09,0.930271444529389,0.00486207139945563,0.12973296814231,0.865404960458234,0.999999993341327
9.01477631452492e-09,0.929874370926917,0.00491760380317946,0.130416050539806,0.864666345657015,0.999999993260121
9.14031074875622e-09,0.929469051778455,0.0049746146061263,0.131112667230837,0.863912718163037,0.999999993178173
9.26759330114686e-09,0.929055294212346,0.00503315122716961,0.131823109120969,0.863143739651861,0.999999993095484
9.39664831495471e-09,0.928632900978589,0.0050932627693448,0.132547672504133,0.862359064726522,0.999999993012059
9.5275004724273e-09,0.928201670404609,0.00515500007800343,0.133286659034776,0.861558340887221,0.999999992927901
9.66017479952265e-09,0.927761396356481,0.00521841580034325,0.134040375686352,0.860741208513305,0.999999992843014
9.79469667069539e-09,0.927311868206238,0.00528356444626722,0.134809134694989,0.859907300858743,0.999999992757404
9.93109181374978e-09,0.926852870805925,0.00535050245051449,0.13559325348712,0.859056244062366,0.999999992671077
1.00693863147603e-08,0.926384184469113,0.00541928823599376,0.136393054589787,0.858187657174219,0.999999992584037
1.02096066230605e-08,0.92590558496061,0.00548998227823654,0.137208865522307,0.857301152199457,0.999999992496294
1.03517795563018e-08,0.925416843495181,0.00556264717087366,0.138041018667891,0.856396334161236,0.999999992407853
1.04959323055823e-08,0.924917726746084,0.00563734769202275,0.138889851123788,0.85547280118419,0.999999992318723
1.06420924406472e-08,0.924407996864313,0.00571415087145795,0.139755704528458,0.854530144600084,0.999999992228912
1.07902879151618e-08,0.923887411509464,0.00579312605841508,0.140638924864242,0.853567949077343,0.999999992138431
1.09405470720574e-08,0.923355723893157,0.00587434498986656,0.141539862233953,0.85258579277618,0.999999992047289
1.10928986489522e-08,0.922812682836028,0.00595788185907934,0.142458870609786,0.851583247531135,0.999999991955496
1.12473717836475e-08,0.9222580328393,0.00604381338424822,0.143396307552904,0.850559879062848,0.999999991863065
1.14039960197003e-08,0.921691514171993,0.00613221887697306,0.144352533902069,0.849515247220959,0.999999991770008
1.15628013120738e-08,0.921112862974854,0.00622318031032467,0.145327913429642,0.848448906260033,0.999999991676338
1.1723818032866e-08,0.920521811382114,0.00631678238621888,0.146322812463334,0.847360405150447,0.999999991582068
1.1887076977119e-08,0.919918087662186,0.00641311260179118,0.147337599472046,0.846249287926163,0.999999991487214
1.20526093687084e-08,0.919301416378439,0.0065122613144377,0.148372644614246,0.845115094071316,0.999999991391791
1.22204468663149e-08,0.91867151857118,0.00661432180515947,0.149428319247321,0.84395735894752,0.999999991295815
1.23906215694792e-08,0.91802811196196,0.00671939033981807,0.150504995396445,0.842775614263737,0.999999991199304
1.25631660247412e-08,0.917370911181312,0.00682756622788192,0.151603045181612,0.841569388590506,0.999999991102275
1.27381132318648e-08,0.916699628021008,0.00693895187821192,0.152722840201559,0.840338207920229,0.999999991004748
1.29154966501488e-08,0.91601397171185,0.00705365285140689,0.153864750873486,0.839081596275107,0.999999990906742
1.30953502048267e-08,0.915313649227986,0.00717177790819917,0.15502914572763,0.837799076364171,0.999999990808278
1.32777082935543e-08,0.91459836561866,0.00729343905336315,0.156216390655953,0.836490170290684,0.999999990709378
1.34626057929891e-08,0.913867824368214,0.00741875157457236,0.157426848114427,0.835154400311001,0.999999990610063
1.36500780654601e-08,0.913121727785052,0.00754783407561516,0.158660876278665,0.83379128964572,0.999999990510358
1.38401609657313e-08,0.912359777420174,0.00768080850335637,0.15991882815294,0.832400363343704,0.999999990410286
1.40328908478587e-08,0.911581674515717,0.00781780016781138,0.161201050632943,0.830981149199245,0.999999990309872
1.42283045721435e-08,0.910787120483813,0.00795893775468252,0.162507883523009,0.829533178722308,0.999999990209144
1.44264395121816e-08,0.909975817415845,0.00810435332969446,0.163839658508921,0.828055988161384,0.999999990108126
1.46273335620113e-08,0.909147468622034,0.00825418233405639,0.16519669808782,0.826549119578124,0.999999990006848
1.4831025143361e-08,0.908301779201017,0.00840856357037655,0.166579314457212,0.825012121972411,0.999999989905337
1.50375532129974e-08,0.907438456638869,0.00856763917835622,0.16798780836555,0.823444552456094,0.999999989803623
1.52469572701757e-08,0.906557211436728,0.00873155459960066,0.169422467927344,0.821845977473056,0.999999989701736
1.54592773641948e-08,0.90565775776593,0.00890045853090089,0.170883567406339,0.820215974062761,0.999999989599705
1.56745541020559e-08,0.904739814149243,0.00907450286536413,0.172371365970785,0.818554131163851,0.999999989497565
1.58928286562298e-08,0.903803104166477,0.00925384262080497,0.173886106425436,0.816860050953759,0.999999989395346
1.61141427725302e-08,0.902847357182432,0.00943863585484984,0.175428013925436,0.815133350219714,0.999999989293081
1.63385387780986e-08,0.901872309094817,0.00962904356625974,0.176997294677846,0.813373661755894,0.999999989190803
1.65660595894992e-08,0.900877703099413,0.00982522958203694,0.178594134637101,0.811580635780862,0.999999989088547
1.67967487209265e-08,0.89986329046944,0.010027360429951,0.180218698201219,0.80975394136883,0.999999988986348
1.70306502925284e-08,0.898828831345749,0.0102356051962021,0.181871126916098,0.8078932678877,0.999999988884239
1.72678090388436e-08,0.897774095534119,0.010450135368027,0.183551538195708,0.805998326436265,0.999999988782256
1.75082703173572e-08,0.896698863305656,0.0106711246611548,0.185260024066378,0.804068851272467,0.999999988680435
1.77520801171764e-08,0.895602926195981,0.0108987488321267,0.186996649943784,0.80210460122409,0.999999988578813
1.79992850678248e-08,0.894486087798652,0.0111331854756092,0.188761453451477,0.800105361072914,0.999999988477423
1.82499324481615e-08,0.893348164548015,0.0113746138069548,0.190554443290061,0.798070942902984,0.999999988376304
1.8504070195423e-08,0.89218898648651,0.0116232144303913,0.192375598166198,0.796001187403411,0.99999998827549
1.87617469143912e-08,0.891008398011308,0.0118791690933549,0.194224865790673,0.793895965115972,0.999999988175019
1.90230118866895e-08,0.889806258595049,0.0121426604276181,0.196102161954666,0.791755177617716,0.999999988074926
1.92879150802078e-08,0.888582443475418,0.0124138716779977,0.198007369693168,0.789578758628835,0.999999987975246
1.95565071586595e-08,0.887336844308339,0.012692986419569,0.199940338544183,0.787366675036248,0.999999987876016
1.98288394912707e-08,0.886069369779597,0.0129801882644381,0.201900883911929,0.785118927823633,0.999999987777271
2.0104964162605e-08,0.884779946169902,0.0132756605592575,0.203888786541681,0.782835552899061,0.999999987679045
2.03849339825246e-08,0.883468517868575,0.0135795860747869,0.205903792113277,0.780516621811937,0.999999987581372
2.06688024962908e-08,0.882135047831348,0.0138921466889134,0.207945610959477,0.778162242351609,0.999999987484286
2.09566239948043e-08,0.880779517978086,0.0142135230646422,0.210013917914543,0.775772559020815,0.99999998738782
2.12484535249888e-08,0.879401929526661,0.014543894324657,0.212108352297365,0.773347753377978,0.999999987292006
2.15443469003188e-08,0.878002303259656,0.0148834377241172,0.214228518032453,0.770888044243429,0.999999987196876
2.18443607114943e-08,0.876580679721109,0.0152323283234142,0.216373983910954,0.768393687765631,0.999999987102459
2.21485523372636e-08,0.87513711934103,0.0155907386626421,0.218544283992655,0.765864977344703,0.999999987008785
2.24569799553977e-08,0.873671702486074,0.015958838439556,0.22073891814874,0.763302243411704,0.999999986915882
2.27697025538168e-08,0.872184529435313,0.0163367941927865,0.2229573527438,0.760705853063413,0.999999986823779
2.30867799418717e-08,0.870675720280765,0.0167247689920553,0.22519902145436,0.758076209553584,0.9999999867325
2.34082727617829e-08,0.869145414752925,0.0171229221370938,0.227463326219962,0.755413751642944,0.999999986642071
2.37342425002387e-08,0.867593771972267,0.0175314088669021,0.229749638321663,0.752718952811435,0.999999986552515
2.40647515001542e-08,0.86602097012825,0.0179503800809069,0.232057299581686,0.749992320337407,0.999999986463855
2.43998629725955e-08,0.864427206088076,0.0183799820734748,0.234385623676898,0.747234394249627,0.999999986376111
2.47396410088681e-08,0.862812694937957,0.0188203562831257,0.236733897557834,0.74444574615904,0.999999986289304
2.50841505927754e-08,0.861177669460257,0.0192716390576626,0.239101382964161,0.741626977978176,0.999999986203452
2.54334576130465e-08,0.859522379550359,0.01973396143629,0.241487318026702,0.738778720537009,0.999999986118572
2.5787628875938e-08,0.857847091577569,0.0202074489496507,0.24389091894556,0.735901632104789,0.999999986034678
2.61467321180109e-08,0.856152087694747,0.0206922214385466,0.246311381733413,0.732996396828041,0.999999985951787
2.65108360190854e-08,0.854437665101708,0.0211883928919516,0.248747884012681,0.730063723095368,0.999999985869909
2.68800102153761e-08,0.852704135267671,0.0216960713047621,0.251199586855134,0.727104341840104,0.999999985789057
2.72543253128103e-08,0.850951823118247,0.0222153585555629,0.253665636652381,0.724119004792056,0.99999998570924
2.76338529005317e-08,0.849181066192563,0.0227463503045305,0.256145167005814,0.721108482689656,0.999999985630467
2.8018665564592e-08,0.847392213776192,0.0232891359114352,0.258637300624745,0.71807356346382,0.999999985552745
2.84088369018331e-08,0.845585626015533,0.0238437983735569,0.261141151221821,0.715015050404622,0.999999985476081
2.8804441533963e-08,0.843761673019203,0.0244104142831879,0.263655825395218,0.711933760321594,0.999999985400478
2.92055551218275e-08,0.841920733951915,0.0249890538042649,0.26618042448764,0.708830521708095,0.99999998532594
2.96122543798803e-08,0.840063196126065,0.0255797806675517,0.268714046412767,0.705706172919681,0.999999985252469
3.00246170908555e-08,0.838189454096074,0.0261826521836888,0.271255787440474,0.702561560375837,0.999999985180067
3.04427221206431e-08,0.836299908760236,0.0267977192733289,0.273804743932869,0.699397536793802,0.999999985108732
3.08666494333727e-08,0.834394966474507,0.027425026513499,0.276360014023989,0.696214959462512,0.999999985038464
3.12964801067075e-08,0.832475038182345,0.028064612199259,0.278920699236793,0.693014688563948,0.99999998496926
3.17322963473497e-08,0.830540538564365,0.0287165084196745,0.28148590603192,0.689797585548405,0.999999984901116
3.21741815067637e-08,0.828591885211174,0.0293807411470781,0.284054747283495,0.686564511569427,0.999999984834029
3.26222200971167e-08,0.826629497822387,0.0300573303385677,0.286626343678091,0.683316325983341,0.999999984767994
3.30764978074424e-08,0.824653797434446,0.0307462900486713,0.289199825033765,0.680053884917564,0.999999984703003
3.35371015200293e-08,0.82266520567948,0.0314476285521031,0.291774331536834,0.676778039911063,0.999999984639051
3.4004119327037e-08,0.820664144077046,0.0321613484755398,0.294349014894829,0.673489636629632,0.99999998457613
3.44776405473446e-08,0.81865103336028,0.0328874469373633,0.296923039404714,0.670189513657923,0.99999998451423
3.49577557436328e-08,0.816626292837582,0.0336259156943325,0.299495582936171,0.666878501369496,0.999999984453344
3.54445567397044e-08,0.814590339790673,0.0343767412941851,0.302065837830283,0.663557420875532,0.999999984393462
3.59381366380463e-08,0.812543588909524,0.0351399052331989,0.304633011714553,0.660227083052248,0.999999984334573
3.64385898376354e-08,0.810486451764388,0.0359153841177872,0.307196328235649,0.656888287646564,0.999999984276667
3.6946012051993e-08,0.80841933631489,0.0367031498292489,0.309755027711722,0.653541822459029,0.999999984219733
3.746050032749e-08,0.806342646455898,0.0375031696908416,0.312308367706521,0.650188462602637,0.999999984163759
3.79821530619074e-08,0.804256781599672,0.0383154066363981,0.31485562352786,0.646828969835742,0.999999984108734
3.85110700232557e-08,0.802162136293609,0.0391398193797609,0.317396088653259,0.64346409196698,0.999999984054644
3.90473523688556e-08,0.800059099872728,0.0399763625843598,0.319929075085825,0.640094562329815,0.999999984001478
3.95911026646846e-08,0.797948056145887,0.0408249870323164,0.322453913643593,0.636721099324091,0.999999983949222
4.01424249049933e-08,0.795829383114628,0.0416856397925114,0.32496995418572,0.633344406021768,0.999999983897864
4.07014245321944e-08,0.793703452723412,0.0425582643871011,0.327476565778974,0.629965169833924,0.999999983847391
4.12682084570295e-08,0.791570630639945,0.0434428009560259,0.329973136808057,0.626584062235917,0.999999983797788
4.18428850790158e-08,0.789431276064249,0.0443391864190993,0.332459075033304,0.623201738547597,0.999999983749043
4.24255643071778e-08,0.787285741565037,0.045247354635316,0.334933807599294,0.61981883776539,0.999999983701142
4.3016357581068e-08,0.785134372941987,0.0461672365590638,0.337396780997899,0.616435982443037,0.999999983654071
4.36153778920801e-08,0.782977509112438,0.0470987603929646,0.339847460989194,0.613053778617841,0.999999983607817
4.4222739805059e-08,0.780815482021068,0.0480418517371152,0.342285332483634,0.609672815779251,0.999999983562366
4.48385594802119e-08,0.778648616571092,0.0489964337345309,0.344709899388755,0.606293666876715,0.999999983517704
4.5462954695324e-08,0.776477230575569,0.049962427212635,0.347120684423592,0.602916888363773,0.999999983473817
4.60960448682844e-08,0.774301634727399,0.0509397508206699,0.349517228903862,0.599543020275468,0.999999983430692
4.67379510799246e-08,0.772122132586651,0.0519283211629304,0.351899092500837,0.596172586336233,0.999999983388315
4.73887960971765e-08,0.769939020583892,0.0529280529277564,0.354265852976702,0.592806094095541,0.999999983346674
4.80487043965513e-08,0.767752588038229,0.0539388590122374,0.356617105899066,0.589444035088696,0.999999983305753
4.87178021879463e-08,0.765563117188834,0.054960650642611,0.358952464337109,0.58608688502028,0.99999998326554
4.93962174387833e-08,0.763370883238764,0.0559933374903564,0.36127155854176,0.582735103967883,0.999999983226022
5.00840798984821e-08,0.761176154409944,0.0570368277839987,0.363574035612115,0.579389136603886,0.999999983187187
5.07815211232767e-08,0.758979192008248,0.0580910284166609,0.365859559150183,0.576049412433156,0.999999983149019
5.1488674501375e-08,0.756780250497642,0.0591558450494104,0.368127808905896,0.572716346044694,0.999999983111508
5.22056752784698e-08,0.754579577582442,0.0602311822104609,0.370378480414194,0.569390337375345,0.99999998307464
5.29326605836057e-08,0.75237741429677,0.0613169433903037,0.372611284625853,0.566071771983843,0.999999983038404
5.36697694554048e-08,0.750173995100357,0.0624130311328449,0.374825947533596,0.562761021333559,0.999999983002786
5.44171428686589e-08,0.747969547979903,0.0635193471226406,0.377022209794913,0.559458443082447,0.999999982967775
5.51749237612913e-08,0.745764294555238,0.0646357922683219,0.37919982635288,0.556164381378798,0.999999982933358
5.59432570616938e-08,0.743558450189601,0.0657622667823103,0.381358566056178,0.552879167161512,0.999999982899524
5.67222897164455e-08,0.741352224103385,0.0668986702569293,0.383498211279372,0.549603118463698,0.999999982866262
5.75121707184161e-08,0.73914581949076,0.068044901737014,0.385618557544452,0.546336540718534,0.999999982833559
5.83130511352622e-08,0.73693943363862,0.0692008597891338,0.387719413144493,0.543079727066374,0.999999982801406
5.91250841383188e-08,0.734733258047344,0.0703664425675344,0.389800598770244,0.539832958662221,0.99999998276979
5.99484250318941e-08,0.732527478552916,0.0715415478769106,0.391861947140346,0.536596504982743,0.999999982738702
6.07832312829724e-08,0.730322275449974,0.0727260732321251,0.393903302635802,0.533370624132073,0.99999998270813
6.16296625513294e-08,0.728117823615391,0.0739199159149774,0.395924520939263,0.53015556314576,0.999999982678064
6.24878807200689e-08,0.725914292632057,0.0751229730281405,0.397925468679605,0.526951558292255,0.999999982648494
6.33580499265825e-08,0.723711846912518,0.0763351415463674,0.39990602308223,0.523758835371402,0.99999998261941
6.42403365939419e-08,0.721510645822201,0.0775563183650776,0.401866071625443,0.520577610009479,0.999999982590801
6.51349094627281e-08,0.719310843801959,0.0787864003464305,0.403805511703221,0.517408087950348,0.99999998256266
6.60419396233031e-08,0.7171125904897,0.0800252843629828,0.405724250294634,0.514250465342383,0.999999982534975
6.69616005485322e-08,0.7149160308409,0.0812728673390374,0.407622203640126,0.511104929020837,0.999999982507738
6.78940681269611e-08,0.712721305247808,0.0825290462897762,0.409499296924832,0.507971656785392,0.99999998248094
6.8839520696455e-08,0.710528549657192,0.083793718358274,0.411355463969069,0.504850817672657,0.999999982454572
6.97981390783067e-08,0.708337895686467,0.0850667808504878,0.413190646926091,0.501742572223422,0.999999982428625
7.07701066118189e-08,0.706149470738102,0.0863481312683072,0.415004795987182,0.498647072744511,0.999999982403091
7.17556091893692e-08,0.703963398112179,0.0876376673407567,0.416797869094129,0.495564463565114,0.999999982377961
7.27548352919623e-08,0.701779797117027,0.0889352870534301,0.418569831659085,0.492494881287485,0.999999982353227
7.37679760252773e-08,0.699598783177854,0.0902408886762395,0.420320656291812,0.489438455031948,0.999999982328881
7.47952251562183e-08,0.697420467943301,0.0915543707895578,0.422050322534283,0.486395306676159,0.999999982304916
7.58367791499719e-08,0.69524495938988,0.0928756323088259,0.423758816602588,0.483365551088586,0.999999982281324
7.68928372075831e-08,0.693072361924256,0.0942045725077024,0.425446131136084,0.480349296356214,0.999999982258097
7.79636013040524e-08,0.690902776483326,0.0955410910398184,0.427112264953712,0.47734664400647,0.999999982235228
7.90492762269642e-08,0.688736300632096,0.0968850879592084,0.428757222817392,0.4743576892234,0.99999998221271
8.01500696156541e-08,0.686573028659324,0.0982364637394807,0.43038101520239,0.471382521058129,0.999999982190536
8.12661920009195e-08,0.684413051670937,0.0995951192917845,0.431983658074556,0.468421222633659,0.999999982168699
8.23978568452851e-08,0.68225645768121,0.100960955981638,0.433565172674304,0.465473871344058,0.999999982147192
8.35452805838287e-08,0.680103331701721,0.102333875644667,0.435125585307224,0.462540539048109,0.999999982126009
8.4708682665574e-08,0.677953755828098,0.103713780601313,0.436664927141177,0.45962129225751,0.999999982105144
8.58882855954626e-08,0.675807809324563,0.105100573670559,0.438183234009756,0.456716192319684,0.99999998208459
8.70843149769072e-08,0.673665568706297,0.10649415818272,0.439680546221966,0.453825295595314,0.999999982064341
8.82969995549408e-08,0.671527107819663,0.10789443799135,0.441156908377975,0.450948653630675,0.999999982044391
8.9526571259964e-08,0.669392497920289,0.109301317484306,0.44261236919081,0.448086313324884,0.999999982024735
9.07732652521022e-08,0.667261807749074,0.110714701594008,0.444046981313835,0.445238317092156,0.999999982005366
9.20373199661823e-08,0.66513510360611,0.112134495806952,0.445460801173878,0.442404703019171,0.999999981986279
9.33189771573324e-08,0.663012449422594,0.113560606172482,0.446853888809848,0.439585505017671,0.999999981967469
9.46184819472199e-08,0.660893906830743,0.114992939310898,0.448226307716717,0.436780752972384,0.99999998194893
9.59360828709315e-08,0.658779535231745,0.116431402420906,0.449578124694699,0.433990472884395,0.999999981930656
9.72720319245054e-08,0.65666939186181,0.117875903286444,0.450909409703491,0.431214687010065,0.999999981912644
9.86265846131283e-08,0.654563531856336,0.119326350282943,0.452220235721441,0.428453413995616,0.999999981894888
1e-07,0.652462008312241,0.120782652383014,0.453510678609489,0.425706669007497,0.999999981877383
1.01392540755881e-07,0.650364872348502,0.122244719161623,0.454780816979749,0.422974463858628,0.999999981860124
1.02804473209331e-07,0.648272173164942,0.123712460800762,0.456030732068593,0.420256807130645,0.999999981843107
1.0423606739764e-07,0.646183958099304,0.125185788093647,0.457260507614099,0.417553704292254,0.999999981826327
1.05687597118481e-07,0.644100272682657,0.126664612448474,0.45847022973774,0.414865157813787,0.99999998180978
1.07159339982267e-07,0.642021160693173,0.128148845891742,0.459659986830169,0.412191167278089,0.999999981793461
1.08651577465254e-07,0.63994666420832,0.129638401071187,0.460829869440987,0.409531729487826,0.999999981777366
1.10164594963366e-07,0.6378768236555,0.131133191258319,0.461979970172362,0.406886838569319,0.999999981761491
1.11698681846782e-07,0.6358116778612,0.132633130350614,0.463110383576374,0.404256486073013,0.999999981745832
1.13254131515281e-07,0.633751264098655,0.134138132873355,0.46422120605598,0.401640661070665,0.999999981730385
1.14831241454351e-07,0.631695618134112,0.135648113981155,0.465312535769466,0.399039350249379,0.999999981715145
1.16430313292088e-07,0.629644774271685,0.13716298945917,0.46638447253829,0.39645253800254,0.99999998170011
1.18051652856881e-07,0.627598765396878,0.138682675724027,0.46743711775819,0.393880206517783,0.999999981685275
1.19695570235904e-07,0.625557623018795,0.140207089824475,0.46847057431346,0.391322335862065,0.999999981670638
1.21362379834424e-07,0.623521377311075,0.141736149441779,0.469484946494292,0.38877890406393,0.999999981656193
1.23052400435926e-07,0.621490057151599,0.143269772889867,0.470480339917068,0.386249887193065,0.999999981641938
1.24765955263087e-07,0.619463690160988,0.144807879115249,0.471456861447527,0.383735259437224,0.99999998162787
1.2650337203959e-07,0.617442302739946,0.146350387696714,0.472414619126679,0.381234993176606,0.999999981613985
1.28264983052806e-07,0.61542592010547,0.147897218844823,0.473353722099414,0.378749059055763,0.999999981600279
1.30051125217341e-07,0.61341456632596,0.149448293401202,0.474274280545675,0.376277426053123,0.99999998158675
1.31862140139475e-07,0.611408264355273,0.151003532837658,0.475176405614139,0.373820061548203,0.999999981573395
1.33698374182495e-07,0.609407036065733,0.152562859255115,0.476060209358304,0.371376931386581,0.99999998156021
1.35560178532937e-07,0.607410902280158,0.154126195382388,0.476925804674908,0.368947999942704,0.999999981547192
1.37447909267754e-07,0.605419882802898,0.155693464574804,0.477773305244594,0.366533230180601,0.999999981534339
